evaluations raw_y
1 -1497.0000000000
2 -1478.0000000000
5 -1468.0000000000
104 -1439.0000000000
106 -1429.0000000000
204 -1400.0000000000
207 -1390.0000000000
304 -1361.0000000000
309 -1351.0000000000
404 -1322.0000000000
410 -1312.0000000000
504 -1283.0000000000
511 -1273.0000000000
604 -1244.0000000000
617 -1234.0000000000
704 -1205.0000000000
718 -1195.0000000000
804 -1166.0000000000
826 -1156.0000000000
904 -1127.0000000000
927 -1117.0000000000
1004 -1088.0000000000
1028 -1078.0000000000
1104 -1049.0000000000
1130 -1039.0000000000
1204 -1010.0000000000
1245 -1000.0000000000
1304 -971.0000000000
1347 -961.0000000000
1404 -932.0000000000
1456 -922.0000000000
1504 -893.0000000000
1559 -883.0000000000
1604 -854.0000000000
1661 -844.0000000000
1704 -815.0000000000
1765 -805.0000000000
1804 -776.0000000000
1866 -766.0000000000
1904 -737.0000000000
1967 -727.0000000000
2004 -698.0000000000
2068 -688.0000000000
2104 -659.0000000000
2170 -649.0000000000
2204 -620.0000000000
2272 -610.0000000000
2304 -581.0000000000
2376 -571.0000000000
2404 -542.0000000000
2479 -532.0000000000
2504 -503.0000000000
2589 -493.0000000000
2604 -464.0000000000
2690 -454.0000000000
2704 -425.0000000000
2798 -415.0000000000
2804 -386.0000000000
2899 -376.0000000000
2904 -347.0000000000
3013 -328.0000000000
3014 -318.0000000000
3113 -299.0000000000
3122 -289.0000000000
3213 -270.0000000000
3229 -260.0000000000
3313 -241.0000000000
3344 -231.0000000000
3413 -212.0000000000
3454 -202.0000000000
3513 -183.0000000000
3583 -173.0000000000
3613 -154.0000000000
3686 -144.0000000000
3713 -125.0000000000
3794 -115.0000000000
3813 -106.0000000000
3823 -96.0000000000
3913 -87.0000000000
3924 -77.0000000000
4013 -68.0000000000
4063 -58.0000000000
4113 -49.0000000000
4174 -39.0000000000
4213 -30.0000000000
4293 -20.0000000000
4313 -11.0000000000
4425 -2.0000000000
4505 -1.0000000000
4587 7.0000000000
4605 8.0000000000
13671 9.0000000000
101040 -21.0000000000
evaluations raw_y
1 -1800.0000000000
2 -1517.0000000000
3 -1488.0000000000
5 -1478.0000000000
103 -1449.0000000000
106 -1439.0000000000
203 -1410.0000000000
207 -1400.0000000000
303 -1371.0000000000
314 -1361.0000000000
403 -1332.0000000000
416 -1322.0000000000
503 -1293.0000000000
518 -1283.0000000000
603 -1254.0000000000
619 -1244.0000000000
703 -1215.0000000000
720 -1205.0000000000
803 -1176.0000000000
829 -1166.0000000000
903 -1137.0000000000
936 -1127.0000000000
1003 -1098.0000000000
1038 -1088.0000000000
1103 -1059.0000000000
1140 -1049.0000000000
1203 -1020.0000000000
1241 -1010.0000000000
1303 -981.0000000000
1347 -971.0000000000
1403 -952.0000000000
1412 -942.0000000000
1448 -932.0000000000
1503 -913.0000000000
1512 -903.0000000000
1551 -893.0000000000
1603 -874.0000000000
1612 -864.0000000000
1654 -854.0000000000
1703 -835.0000000000
1712 -825.0000000000
1755 -815.0000000000
1803 -796.0000000000
1812 -786.0000000000
1865 -776.0000000000
1903 -757.0000000000
1912 -747.0000000000
1966 -737.0000000000
2003 -718.0000000000
2012 -708.0000000000
2067 -698.0000000000
2103 -679.0000000000
2112 -669.0000000000
2173 -659.0000000000
2203 -640.0000000000
2212 -630.0000000000
2274 -620.0000000000
2303 -601.0000000000
2312 -591.0000000000
2375 -581.0000000000
2403 -562.0000000000
2423 -552.0000000000
2476 -542.0000000000
2503 -523.0000000000
2523 -513.0000000000
2577 -503.0000000000
2603 -484.0000000000
2623 -474.0000000000
2678 -464.0000000000
2703 -445.0000000000
2723 -435.0000000000
2779 -425.0000000000
2803 -406.0000000000
2823 -396.0000000000
2885 -386.0000000000
2903 -367.0000000000
2923 -357.0000000000
2986 -347.0000000000
3003 -328.0000000000
3023 -318.0000000000
3094 -308.0000000000
3103 -289.0000000000
3123 -279.0000000000
3203 -260.0000000000
3232 -250.0000000000
3303 -231.0000000000
3343 -221.0000000000
3403 -202.0000000000
3452 -192.0000000000
3503 -173.0000000000
3596 -163.0000000000
3603 -144.0000000000
3701 -134.0000000000
3703 -115.0000000000
3812 -106.0000000000
3822 -96.0000000000
3912 -87.0000000000
3928 -77.0000000000
4012 -68.0000000000
4042 -58.0000000000
4112 -49.0000000000
4153 -39.0000000000
4212 -30.0000000000
4283 -20.0000000000
4312 -11.0000000000
4487 -2.0000000000
4517 -1.0000000000
4595 7.0000000000
4617 8.0000000000
36773 9.0000000000
79715 10.0000000000
100739 8.0000000000
evaluations raw_y
1 -1264.0000000000
506 -1244.0000000000
518 -1234.0000000000
606 -1205.0000000000
620 -1195.0000000000
706 -1166.0000000000
729 -1156.0000000000
806 -1127.0000000000
831 -1117.0000000000
906 -1088.0000000000
932 -1078.0000000000
1006 -1049.0000000000
1033 -1039.0000000000
1106 -1010.0000000000
1134 -1000.0000000000
1206 -971.0000000000
1239 -961.0000000000
1306 -932.0000000000
1343 -922.0000000000
1406 -893.0000000000
1449 -883.0000000000
1506 -854.0000000000
1550 -844.0000000000
1606 -815.0000000000
1652 -805.0000000000
1706 -776.0000000000
1753 -766.0000000000
1806 -737.0000000000
1860 -727.0000000000
1906 -698.0000000000
1968 -688.0000000000
2006 -659.0000000000
2072 -649.0000000000
2106 -620.0000000000
2182 -610.0000000000
2206 -581.0000000000
2286 -571.0000000000
2306 -542.0000000000
2387 -532.0000000000
2406 -503.0000000000
2490 -493.0000000000
2506 -464.0000000000
2593 -454.0000000000
2606 -425.0000000000
2713 -396.0000000000
2814 -377.0000000000
2825 -367.0000000000
2914 -348.0000000000
2955 -338.0000000000
3014 -319.0000000000
3061 -309.0000000000
3114 -290.0000000000
3163 -280.0000000000
3214 -261.0000000000
3267 -251.0000000000
3314 -232.0000000000
3385 -222.0000000000
3414 -203.0000000000
3488 -193.0000000000
3514 -174.0000000000
3595 -164.0000000000
3614 -145.0000000000
3702 -135.0000000000
3714 -116.0000000000
3804 -106.0000000000
3814 -87.0000000000
3923 -78.0000000000
3935 -68.0000000000
4008 -67.0000000000
4023 -59.0000000000
4044 -49.0000000000
4108 -48.0000000000
4123 -40.0000000000
4183 -30.0000000000
4208 -29.0000000000
4227 -21.0000000000
4308 -20.0000000000
4354 -12.0000000000
4408 -11.0000000000
4465 -3.0000000000
4505 -2.0000000000
4566 6.0000000000
4605 7.0000000000
4728 8.0000000000
8757 9.0000000000
17271 10.0000000000
101846 -21.0000000000
evaluations raw_y
1 -1459.0000000000
2 -981.0000000000
5 -942.0000000000
108 -903.0000000000
212 -884.0000000000
214 -874.0000000000
220 -864.0000000000
312 -845.0000000000
314 -835.0000000000
321 -825.0000000000
412 -806.0000000000
414 -796.0000000000
427 -786.0000000000
512 -767.0000000000
514 -757.0000000000
531 -747.0000000000
612 -728.0000000000
614 -718.0000000000
648 -708.0000000000
712 -689.0000000000
714 -679.0000000000
754 -669.0000000000
812 -650.0000000000
814 -640.0000000000
855 -630.0000000000
912 -611.0000000000
914 -601.0000000000
959 -591.0000000000
1012 -572.0000000000
1014 -562.0000000000
1060 -552.0000000000
1112 -533.0000000000
1114 -523.0000000000
1161 -513.0000000000
1212 -494.0000000000
1214 -484.0000000000
1264 -474.0000000000
1312 -455.0000000000
1314 -445.0000000000
1369 -435.0000000000
1412 -416.0000000000
1414 -406.0000000000
1475 -396.0000000000
1512 -377.0000000000
1514 -367.0000000000
1580 -357.0000000000
1612 -338.0000000000
1614 -328.0000000000
1712 -309.0000000000
1722 -299.0000000000
1812 -280.0000000000
1824 -270.0000000000
1912 -251.0000000000
1930 -241.0000000000
2012 -232.0000000000
2042 -222.0000000000
2056 -212.0000000000
2112 -203.0000000000
2142 -193.0000000000
2163 -183.0000000000
2212 -174.0000000000
2242 -164.0000000000
2278 -154.0000000000
2312 -145.0000000000
2342 -135.0000000000
2387 -125.0000000000
2412 -116.0000000000
2462 -106.0000000000
2489 -96.0000000000
2512 -87.0000000000
2592 -67.0000000000
2612 -58.0000000000
2702 -48.0000000000
2712 -39.0000000000
2832 -30.0000000000
2942 -21.0000000000
3009 -20.0000000000
3062 -12.0000000000
3109 -11.0000000000
3197 -3.0000000000
3209 -2.0000000000
3300 6.0000000000
3309 7.0000000000
3430 8.0000000000
11034 9.0000000000
102944 -11.0000000000
evaluations raw_y
1 -1362.0000000000
2 -1352.0000000000
4 -1323.0000000000
9 -1313.0000000000
104 -1284.0000000000
111 -1274.0000000000
204 -1255.0000000000
214 -1245.0000000000
215 -1235.0000000000
304 -1216.0000000000
314 -1206.0000000000
319 -1196.0000000000
404 -1177.0000000000
414 -1167.0000000000
420 -1157.0000000000
504 -1138.0000000000
514 -1128.0000000000
525 -1118.0000000000
604 -1099.0000000000
614 -1089.0000000000
626 -1079.0000000000
704 -1060.0000000000
714 -1050.0000000000
727 -1040.0000000000
804 -1021.0000000000
814 -1011.0000000000
828 -1001.0000000000
904 -982.0000000000
914 -972.0000000000
930 -962.0000000000
1004 -943.0000000000
1014 -933.0000000000
1034 -923.0000000000
1104 -904.0000000000
1114 -894.0000000000
1135 -884.0000000000
1204 -865.0000000000
1214 -855.0000000000
1238 -845.0000000000
1304 -826.0000000000
1314 -816.0000000000
1340 -806.0000000000
1404 -787.0000000000
1414 -777.0000000000
1447 -767.0000000000
1504 -748.0000000000
1514 -738.0000000000
1548 -728.0000000000
1604 -709.0000000000
1614 -699.0000000000
1649 -689.0000000000
1704 -670.0000000000
1714 -660.0000000000
1750 -650.0000000000
1804 -631.0000000000
1814 -621.0000000000
1858 -611.0000000000
1904 -592.0000000000
1914 -582.0000000000
1960 -572.0000000000
2004 -553.0000000000
2014 -543.0000000000
2076 -533.0000000000
2104 -514.0000000000
2114 -504.0000000000
2177 -494.0000000000
2204 -475.0000000000
2214 -465.0000000000
2281 -455.0000000000
2304 -436.0000000000
2314 -426.0000000000
2388 -416.0000000000
2404 -397.0000000000
2414 -387.0000000000
2492 -377.0000000000
2504 -368.0000000000
2514 -348.0000000000
2604 -339.0000000000
2624 -319.0000000000
2704 -310.0000000000
2742 -300.0000000000
2743 -290.0000000000
2804 -281.0000000000
2842 -271.0000000000
2844 -261.0000000000
2922 -252.0000000000
2942 -242.0000000000
2961 -232.0000000000
3022 -223.0000000000
3042 -213.0000000000
3062 -203.0000000000
3122 -194.0000000000
3142 -184.0000000000
3169 -174.0000000000
3222 -165.0000000000
3242 -155.0000000000
3291 -145.0000000000
3322 -136.0000000000
3342 -126.0000000000
3396 -116.0000000000
3422 -107.0000000000
3442 -97.0000000000
3501 -87.0000000000
3522 -78.0000000000
3542 -68.0000000000
3622 -59.0000000000
3655 -49.0000000000
3722 -40.0000000000
3832 -31.0000000000
3952 -22.0000000000
4019 -21.0000000000
4057 -13.0000000000
4117 -12.0000000000
4163 -4.0000000000
4217 -3.0000000000
4265 5.0000000000
4317 6.0000000000
4429 7.0000000000
4533 8.0000000000
14672 9.0000000000
79311 10.0000000000
104334 -21.0000000000
evaluations raw_y
1 -1507.0000000000
2 -1410.0000000000
4 -1332.0000000000
6 -1303.0000000000
8 -1293.0000000000
106 -1264.0000000000
111 -1254.0000000000
206 -1225.0000000000
219 -1215.0000000000
306 -1186.0000000000
323 -1176.0000000000
406 -1147.0000000000
427 -1137.0000000000
506 -1108.0000000000
528 -1098.0000000000
606 -1069.0000000000
629 -1059.0000000000
706 -1030.0000000000
730 -1020.0000000000
806 -991.0000000000
832 -981.0000000000
906 -952.0000000000
933 -942.0000000000
1006 -913.0000000000
1042 -903.0000000000
1106 -874.0000000000
1149 -864.0000000000
1206 -835.0000000000
1250 -825.0000000000
1306 -796.0000000000
1352 -786.0000000000
1406 -757.0000000000
1458 -747.0000000000
1506 -718.0000000000
1559 -708.0000000000
1606 -679.0000000000
1667 -669.0000000000
1706 -640.0000000000
1770 -630.0000000000
1806 -601.0000000000
1876 -591.0000000000
1906 -572.0000000000
1913 -562.0000000000
1977 -552.0000000000
2006 -533.0000000000
2013 -523.0000000000
2081 -513.0000000000
2106 -494.0000000000
2113 -484.0000000000
2182 -474.0000000000
2206 -455.0000000000
2213 -445.0000000000
2290 -435.0000000000
2306 -416.0000000000
2313 -406.0000000000
2397 -396.0000000000
2406 -377.0000000000
2413 -367.0000000000
2498 -357.0000000000
2506 -338.0000000000
2513 -328.0000000000
2600 -318.0000000000
2606 -299.0000000000
2613 -289.0000000000
2706 -270.0000000000
2744 -260.0000000000
2806 -241.0000000000
2845 -231.0000000000
2906 -212.0000000000
2963 -202.0000000000
3006 -183.0000000000
3064 -173.0000000000
3106 -154.0000000000
3204 -144.0000000000
3206 -125.0000000000
3314 -116.0000000000
3334 -106.0000000000
3414 -97.0000000000
3460 -87.0000000000
3514 -78.0000000000
3585 -68.0000000000
3614 -59.0000000000
3689 -49.0000000000
3714 -40.0000000000
3791 -30.0000000000
3814 -21.0000000000
3909 -20.0000000000
3917 -12.0000000000
4006 -11.0000000000
4065 -3.0000000000
4106 -2.0000000000
4188 6.0000000000
4206 7.0000000000
4320 8.0000000000
4469 9.0000000000
41162 10.0000000000
100939 -20.0000000000
evaluations raw_y
1 -1829.0000000000
2 -1352.0000000000
5 -1313.0000000000
107 -1284.0000000000
108 -1274.0000000000
207 -1255.0000000000
216 -1235.0000000000
307 -1216.0000000000
319 -1196.0000000000
407 -1177.0000000000
421 -1157.0000000000
507 -1138.0000000000
523 -1128.0000000000
526 -1118.0000000000
607 -1099.0000000000
623 -1089.0000000000
628 -1079.0000000000
707 -1060.0000000000
723 -1050.0000000000
731 -1040.0000000000
807 -1021.0000000000
823 -1011.0000000000
834 -1001.0000000000
907 -992.0000000000
922 -982.0000000000
923 -972.0000000000
935 -962.0000000000
1007 -953.0000000000
1022 -943.0000000000
1023 -933.0000000000
1036 -923.0000000000
1107 -914.0000000000
1122 -904.0000000000
1123 -894.0000000000
1137 -884.0000000000
1207 -875.0000000000
1222 -865.0000000000
1223 -855.0000000000
1241 -845.0000000000
1307 -836.0000000000
1322 -826.0000000000
1323 -816.0000000000
1345 -806.0000000000
1407 -797.0000000000
1422 -787.0000000000
1423 -777.0000000000
1446 -767.0000000000
1507 -758.0000000000
1522 -748.0000000000
1523 -738.0000000000
1548 -728.0000000000
1607 -719.0000000000
1622 -709.0000000000
1623 -699.0000000000
1656 -689.0000000000
1707 -680.0000000000
1722 -670.0000000000
1723 -660.0000000000
1757 -650.0000000000
1807 -641.0000000000
1822 -631.0000000000
1823 -621.0000000000
1860 -611.0000000000
1907 -602.0000000000
1922 -592.0000000000
1923 -582.0000000000
1961 -572.0000000000
2007 -563.0000000000
2022 -553.0000000000
2023 -543.0000000000
2064 -533.0000000000
2107 -524.0000000000
2122 -514.0000000000
2123 -504.0000000000
2165 -494.0000000000
2207 -485.0000000000
2222 -475.0000000000
2223 -465.0000000000
2277 -455.0000000000
2307 -446.0000000000
2322 -436.0000000000
2323 -426.0000000000
2382 -416.0000000000
2407 -407.0000000000
2422 -397.0000000000
2423 -387.0000000000
2484 -377.0000000000
2507 -368.0000000000
2522 -358.0000000000
2523 -348.0000000000
2585 -338.0000000000
2607 -329.0000000000
2622 -319.0000000000
2623 -309.0000000000
2687 -299.0000000000
2722 -280.0000000000
2723 -270.0000000000
2790 -260.0000000000
2822 -241.0000000000
2823 -231.0000000000
2922 -212.0000000000
2924 -202.0000000000
3022 -183.0000000000
3054 -173.0000000000
3122 -154.0000000000
3174 -144.0000000000
3222 -125.0000000000
3332 -116.0000000000
3342 -106.0000000000
3432 -97.0000000000
3449 -87.0000000000
3532 -78.0000000000
3552 -68.0000000000
3632 -59.0000000000
3692 -49.0000000000
3732 -40.0000000000
3798 -30.0000000000
3832 -21.0000000000
3973 -12.0000000000
4019 -11.0000000000
4096 -3.0000000000
4119 -2.0000000000
4200 6.0000000000
4219 7.0000000000
4323 8.0000000000
8880 9.0000000000
100037 -11.0000000000
evaluations raw_y
1 -1323.0000000000
2 -1205.0000000000
3 -1176.0000000000
9 -1166.0000000000
103 -1137.0000000000
115 -1127.0000000000
203 -1098.0000000000
216 -1088.0000000000
303 -1059.0000000000
319 -1049.0000000000
403 -1020.0000000000
420 -1010.0000000000
503 -981.0000000000
529 -971.0000000000
603 -942.0000000000
631 -932.0000000000
703 -903.0000000000
739 -893.0000000000
803 -864.0000000000
846 -854.0000000000
903 -825.0000000000
949 -815.0000000000
1003 -786.0000000000
1058 -776.0000000000
1103 -747.0000000000
1161 -737.0000000000
1203 -708.0000000000
1268 -698.0000000000
1303 -669.0000000000
1370 -659.0000000000
1403 -630.0000000000
1475 -620.0000000000
1503 -591.0000000000
1577 -581.0000000000
1603 -552.0000000000
1678 -542.0000000000
1703 -513.0000000000
1779 -503.0000000000
1803 -474.0000000000
1881 -464.0000000000
1903 -435.0000000000
1991 -425.0000000000
2003 -396.0000000000
2097 -386.0000000000
2103 -357.0000000000
2201 -347.0000000000
2203 -318.0000000000
2311 -309.0000000000
2312 -299.0000000000
2332 -289.0000000000
2411 -280.0000000000
2412 -270.0000000000
2433 -260.0000000000
2511 -251.0000000000
2512 -241.0000000000
2535 -231.0000000000
2611 -222.0000000000
2612 -212.0000000000
2645 -202.0000000000
2711 -193.0000000000
2712 -183.0000000000
2760 -173.0000000000
2811 -164.0000000000
2812 -154.0000000000
2885 -144.0000000000
2911 -135.0000000000
2912 -125.0000000000
2989 -115.0000000000
3011 -106.0000000000
3012 -96.0000000000
3113 -87.0000000000
3142 -77.0000000000
3213 -68.0000000000
3252 -58.0000000000
3313 -49.0000000000
3392 -39.0000000000
3413 -30.0000000000
3562 -21.0000000000
3686 -12.0000000000
3759 -11.0000000000
3787 -3.0000000000
3857 -2.0000000000
3894 6.0000000000
3949 7.0000000000
4054 8.0000000000
13039 9.0000000000
45571 10.0000000000
101329 -20.0000000000
evaluations raw_y
1 -1497.0000000000
4 -1459.0000000000
106 -1420.0000000000
209 -1381.0000000000
310 -1342.0000000000
411 -1323.0000000000
413 -1313.0000000000
415 -1303.0000000000
511 -1284.0000000000
513 -1274.0000000000
517 -1264.0000000000
611 -1245.0000000000
613 -1235.0000000000
621 -1225.0000000000
711 -1206.0000000000
723 -1196.0000000000
725 -1186.0000000000
811 -1167.0000000000
823 -1157.0000000000
826 -1147.0000000000
911 -1128.0000000000
923 -1118.0000000000
927 -1108.0000000000
1011 -1089.0000000000
1023 -1079.0000000000
1028 -1069.0000000000
1111 -1050.0000000000
1123 -1040.0000000000
1135 -1030.0000000000
1211 -1011.0000000000
1223 -1001.0000000000
1236 -991.0000000000
1311 -972.0000000000
1323 -962.0000000000
1345 -952.0000000000
1411 -933.0000000000
1423 -923.0000000000
1447 -913.0000000000
1511 -894.0000000000
1523 -884.0000000000
1549 -874.0000000000
1611 -855.0000000000
1623 -845.0000000000
1657 -835.0000000000
1711 -816.0000000000
1723 -806.0000000000
1760 -796.0000000000
1811 -777.0000000000
1823 -767.0000000000
1865 -757.0000000000
1911 -738.0000000000
1923 -728.0000000000
1968 -718.0000000000
2011 -699.0000000000
2023 -689.0000000000
2069 -679.0000000000
2111 -660.0000000000
2123 -650.0000000000
2174 -640.0000000000
2211 -621.0000000000
2223 -611.0000000000
2275 -601.0000000000
2311 -582.0000000000
2323 -572.0000000000
2376 -562.0000000000
2411 -543.0000000000
2423 -533.0000000000
2480 -523.0000000000
2511 -504.0000000000
2523 -494.0000000000
2586 -484.0000000000
2611 -465.0000000000
2623 -455.0000000000
2692 -445.0000000000
2711 -426.0000000000
2723 -416.0000000000
2800 -406.0000000000
2811 -387.0000000000
2823 -377.0000000000
2911 -358.0000000000
2930 -348.0000000000
3011 -329.0000000000
3031 -319.0000000000
3111 -300.0000000000
3133 -290.0000000000
3211 -271.0000000000
3250 -261.0000000000
3311 -242.0000000000
3351 -232.0000000000
3411 -213.0000000000
3471 -203.0000000000
3511 -184.0000000000
3583 -174.0000000000
3611 -165.0000000000
3634 -155.0000000000
3687 -145.0000000000
3711 -136.0000000000
3734 -126.0000000000
3796 -116.0000000000
3811 -107.0000000000
3834 -97.0000000000
3911 -88.0000000000
3964 -78.0000000000
4011 -69.0000000000
4084 -59.0000000000
4111 -50.0000000000
4189 -40.0000000000
4211 -31.0000000000
4291 -21.0000000000
4311 -12.0000000000
4401 -2.0000000000
4439 -1.0000000000
4444 7.0000000000
4539 8.0000000000
14570 9.0000000000
21914 10.0000000000
100436 -11.0000000000
evaluations raw_y
1 -1283.0000000000
3 -1254.0000000000
15 -1244.0000000000
103 -1215.0000000000
116 -1205.0000000000
203 -1176.0000000000
224 -1166.0000000000
303 -1137.0000000000
327 -1127.0000000000
403 -1098.0000000000
434 -1088.0000000000
503 -1059.0000000000
535 -1049.0000000000
603 -1020.0000000000
636 -1010.0000000000
703 -981.0000000000
738 -971.0000000000
803 -942.0000000000
840 -932.0000000000
903 -903.0000000000
944 -893.0000000000
1003 -864.0000000000
1050 -854.0000000000
1103 -825.0000000000
1152 -815.0000000000
1203 -786.0000000000
1254 -776.0000000000
1303 -747.0000000000
1356 -737.0000000000
1403 -708.0000000000
1457 -698.0000000000
1503 -669.0000000000
1558 -659.0000000000
1603 -630.0000000000
1664 -620.0000000000
1703 -591.0000000000
1766 -581.0000000000
1803 -552.0000000000
1867 -542.0000000000
1903 -513.0000000000
1969 -503.0000000000
2003 -474.0000000000
2075 -464.0000000000
2103 -435.0000000000
2178 -425.0000000000
2203 -396.0000000000
2286 -386.0000000000
2303 -357.0000000000
2387 -347.0000000000
2403 -318.0000000000
2496 -308.0000000000
2503 -279.0000000000
2605 -270.0000000000
2609 -260.0000000000
2611 -250.0000000000
2705 -241.0000000000
2709 -231.0000000000
2743 -221.0000000000
2805 -212.0000000000
2809 -202.0000000000
2870 -192.0000000000
2905 -183.0000000000
2909 -173.0000000000
2973 -163.0000000000
3005 -154.0000000000
3009 -144.0000000000
3083 -134.0000000000
3105 -125.0000000000
3109 -115.0000000000
3205 -106.0000000000
3212 -96.0000000000
3319 -87.0000000000
3332 -77.0000000000
3419 -68.0000000000
3453 -58.0000000000
3519 -49.0000000000
3572 -39.0000000000
3619 -30.0000000000
3689 -20.0000000000
3751 -11.0000000000
3791 -1.0000000000
3874 8.0000000000
13862 9.0000000000
100539 -21.0000000000
