"function evaluation" "current f(x)" "best-so-far f(x)" "current af(x)+b" "best af(x)+b"
1 -1430.0000000000 -1430.0000000000 -1430.0000000000 -1430.0000000000
3 -1391.0000000000 -1391.0000000000 -1391.0000000000 -1391.0000000000
10 -1352.0000000000 -1352.0000000000 -1352.0000000000 -1352.0000000000
13 -1313.0000000000 -1313.0000000000 -1313.0000000000 -1313.0000000000
14 -1274.0000000000 -1274.0000000000 -1274.0000000000 -1274.0000000000
15 -1235.0000000000 -1235.0000000000 -1235.0000000000 -1235.0000000000
16 -1196.0000000000 -1196.0000000000 -1196.0000000000 -1196.0000000000
17 -1157.0000000000 -1157.0000000000 -1157.0000000000 -1157.0000000000
20 -1118.0000000000 -1118.0000000000 -1118.0000000000 -1118.0000000000
21 -1079.0000000000 -1079.0000000000 -1079.0000000000 -1079.0000000000
24 -1050.0000000000 -1050.0000000000 -1050.0000000000 -1050.0000000000
25 -1011.0000000000 -1011.0000000000 -1011.0000000000 -1011.0000000000
27 -972.0000000000 -972.0000000000 -972.0000000000 -972.0000000000
29 -933.0000000000 -933.0000000000 -933.0000000000 -933.0000000000
31 -894.0000000000 -894.0000000000 -894.0000000000 -894.0000000000
35 -855.0000000000 -855.0000000000 -855.0000000000 -855.0000000000
36 -816.0000000000 -816.0000000000 -816.0000000000 -816.0000000000
44 -787.0000000000 -787.0000000000 -787.0000000000 -787.0000000000
45 -758.0000000000 -758.0000000000 -758.0000000000 -758.0000000000
53 -719.0000000000 -719.0000000000 -719.0000000000 -719.0000000000
56 -690.0000000000 -690.0000000000 -690.0000000000 -690.0000000000
59 -651.0000000000 -651.0000000000 -651.0000000000 -651.0000000000
61 -622.0000000000 -622.0000000000 -622.0000000000 -622.0000000000
62 -593.0000000000 -593.0000000000 -593.0000000000 -593.0000000000
65 -564.0000000000 -564.0000000000 -564.0000000000 -564.0000000000
71 -545.0000000000 -545.0000000000 -545.0000000000 -545.0000000000
78 -516.0000000000 -516.0000000000 -516.0000000000 -516.0000000000
82 -487.0000000000 -487.0000000000 -487.0000000000 -487.0000000000
95 -448.0000000000 -448.0000000000 -448.0000000000 -448.0000000000
103 -409.0000000000 -409.0000000000 -409.0000000000 -409.0000000000
109 -380.0000000000 -380.0000000000 -380.0000000000 -380.0000000000
111 -341.0000000000 -341.0000000000 -341.0000000000 -341.0000000000
124 -302.0000000000 -302.0000000000 -302.0000000000 -302.0000000000
127 -263.0000000000 -263.0000000000 -263.0000000000 -263.0000000000
132 -244.0000000000 -244.0000000000 -244.0000000000 -244.0000000000
146 -215.0000000000 -215.0000000000 -215.0000000000 -215.0000000000
148 -176.0000000000 -176.0000000000 -176.0000000000 -176.0000000000
159 -147.0000000000 -147.0000000000 -147.0000000000 -147.0000000000
160 -118.0000000000 -118.0000000000 -118.0000000000 -118.0000000000
174 -99.0000000000 -99.0000000000 -99.0000000000 -99.0000000000
178 -90.0000000000 -90.0000000000 -90.0000000000 -90.0000000000
183 -61.0000000000 -61.0000000000 -61.0000000000 -61.0000000000
209 -42.0000000000 -42.0000000000 -42.0000000000 -42.0000000000
215 -41.0000000000 -41.0000000000 -41.0000000000 -41.0000000000
241 -12.0000000000 -12.0000000000 -12.0000000000 -12.0000000000
265 -3.0000000000 -3.0000000000 -3.0000000000 -3.0000000000
290 6.0000000000 6.0000000000 6.0000000000 6.0000000000
293 7.0000000000 7.0000000000 7.0000000000 7.0000000000
314 8.0000000000 8.0000000000 8.0000000000 8.0000000000
606 9.0000000000 9.0000000000 9.0000000000 9.0000000000
100001 8.0000000000 9.0000000000 8.0000000000 9.0000000000
"function evaluation" "current f(x)" "best-so-far f(x)" "current af(x)+b" "best af(x)+b"
1 -1478.0000000000 -1478.0000000000 -1478.0000000000 -1478.0000000000
2 -1439.0000000000 -1439.0000000000 -1439.0000000000 -1439.0000000000
3 -1400.0000000000 -1400.0000000000 -1400.0000000000 -1400.0000000000
4 -1371.0000000000 -1371.0000000000 -1371.0000000000 -1371.0000000000
11 -1332.0000000000 -1332.0000000000 -1332.0000000000 -1332.0000000000
14 -1293.0000000000 -1293.0000000000 -1293.0000000000 -1293.0000000000
18 -1264.0000000000 -1264.0000000000 -1264.0000000000 -1264.0000000000
19 -1225.0000000000 -1225.0000000000 -1225.0000000000 -1225.0000000000
21 -1186.0000000000 -1186.0000000000 -1186.0000000000 -1186.0000000000
22 -1147.0000000000 -1147.0000000000 -1147.0000000000 -1147.0000000000
24 -1108.0000000000 -1108.0000000000 -1108.0000000000 -1108.0000000000
25 -1069.0000000000 -1069.0000000000 -1069.0000000000 -1069.0000000000
26 -1040.0000000000 -1040.0000000000 -1040.0000000000 -1040.0000000000
30 -1011.0000000000 -1011.0000000000 -1011.0000000000 -1011.0000000000
31 -972.0000000000 -972.0000000000 -972.0000000000 -972.0000000000
32 -933.0000000000 -933.0000000000 -933.0000000000 -933.0000000000
35 -904.0000000000 -904.0000000000 -904.0000000000 -904.0000000000
39 -865.0000000000 -865.0000000000 -865.0000000000 -865.0000000000
45 -826.0000000000 -826.0000000000 -826.0000000000 -826.0000000000
47 -797.0000000000 -797.0000000000 -797.0000000000 -797.0000000000
49 -768.0000000000 -768.0000000000 -768.0000000000 -768.0000000000
51 -729.0000000000 -729.0000000000 -729.0000000000 -729.0000000000
55 -690.0000000000 -690.0000000000 -690.0000000000 -690.0000000000
60 -651.0000000000 -651.0000000000 -651.0000000000 -651.0000000000
66 -612.0000000000 -612.0000000000 -612.0000000000 -612.0000000000
71 -573.0000000000 -573.0000000000 -573.0000000000 -573.0000000000
74 -544.0000000000 -544.0000000000 -544.0000000000 -544.0000000000
75 -505.0000000000 -505.0000000000 -505.0000000000 -505.0000000000
79 -466.0000000000 -466.0000000000 -466.0000000000 -466.0000000000
86 -437.0000000000 -437.0000000000 -437.0000000000 -437.0000000000
90 -408.0000000000 -408.0000000000 -408.0000000000 -408.0000000000
92 -369.0000000000 -369.0000000000 -369.0000000000 -369.0000000000
93 -330.0000000000 -330.0000000000 -330.0000000000 -330.0000000000
94 -291.0000000000 -291.0000000000 -291.0000000000 -291.0000000000
95 -262.0000000000 -262.0000000000 -262.0000000000 -262.0000000000
97 -233.0000000000 -233.0000000000 -233.0000000000 -233.0000000000
99 -224.0000000000 -224.0000000000 -224.0000000000 -224.0000000000
102 -185.0000000000 -185.0000000000 -185.0000000000 -185.0000000000
108 -166.0000000000 -166.0000000000 -166.0000000000 -166.0000000000
111 -127.0000000000 -127.0000000000 -127.0000000000 -127.0000000000
112 -98.0000000000 -98.0000000000 -98.0000000000 -98.0000000000
119 -79.0000000000 -79.0000000000 -79.0000000000 -79.0000000000
133 -60.0000000000 -60.0000000000 -60.0000000000 -60.0000000000
134 -51.0000000000 -51.0000000000 -51.0000000000 -51.0000000000
135 -50.0000000000 -50.0000000000 -50.0000000000 -50.0000000000
138 -41.0000000000 -41.0000000000 -41.0000000000 -41.0000000000
144 -32.0000000000 -32.0000000000 -32.0000000000 -32.0000000000
157 -13.0000000000 -13.0000000000 -13.0000000000 -13.0000000000
168 6.0000000000 6.0000000000 6.0000000000 6.0000000000
182 7.0000000000 7.0000000000 7.0000000000 7.0000000000
219 8.0000000000 8.0000000000 8.0000000000 8.0000000000
100001 -21.0000000000 8.0000000000 -21.0000000000 8.0000000000
"function evaluation" "current f(x)" "best-so-far f(x)" "current af(x)+b" "best af(x)+b"
1 -1595.0000000000 -1595.0000000000 -1595.0000000000 -1595.0000000000
3 -1566.0000000000 -1566.0000000000 -1566.0000000000 -1566.0000000000
4 -1527.0000000000 -1527.0000000000 -1527.0000000000 -1527.0000000000
5 -1488.0000000000 -1488.0000000000 -1488.0000000000 -1488.0000000000
6 -1449.0000000000 -1449.0000000000 -1449.0000000000 -1449.0000000000
7 -1410.0000000000 -1410.0000000000 -1410.0000000000 -1410.0000000000
9 -1371.0000000000 -1371.0000000000 -1371.0000000000 -1371.0000000000
10 -1332.0000000000 -1332.0000000000 -1332.0000000000 -1332.0000000000
11 -1293.0000000000 -1293.0000000000 -1293.0000000000 -1293.0000000000
12 -1254.0000000000 -1254.0000000000 -1254.0000000000 -1254.0000000000
14 -1215.0000000000 -1215.0000000000 -1215.0000000000 -1215.0000000000
17 -1176.0000000000 -1176.0000000000 -1176.0000000000 -1176.0000000000
18 -1137.0000000000 -1137.0000000000 -1137.0000000000 -1137.0000000000
19 -1108.0000000000 -1108.0000000000 -1108.0000000000 -1108.0000000000
20 -1069.0000000000 -1069.0000000000 -1069.0000000000 -1069.0000000000
21 -1030.0000000000 -1030.0000000000 -1030.0000000000 -1030.0000000000
24 -991.0000000000 -991.0000000000 -991.0000000000 -991.0000000000
29 -952.0000000000 -952.0000000000 -952.0000000000 -952.0000000000
30 -923.0000000000 -923.0000000000 -923.0000000000 -923.0000000000
34 -884.0000000000 -884.0000000000 -884.0000000000 -884.0000000000
39 -845.0000000000 -845.0000000000 -845.0000000000 -845.0000000000
42 -806.0000000000 -806.0000000000 -806.0000000000 -806.0000000000
43 -777.0000000000 -777.0000000000 -777.0000000000 -777.0000000000
46 -748.0000000000 -748.0000000000 -748.0000000000 -748.0000000000
53 -729.0000000000 -729.0000000000 -729.0000000000 -729.0000000000
61 -700.0000000000 -700.0000000000 -700.0000000000 -700.0000000000
65 -671.0000000000 -671.0000000000 -671.0000000000 -671.0000000000
66 -632.0000000000 -632.0000000000 -632.0000000000 -632.0000000000
73 -593.0000000000 -593.0000000000 -593.0000000000 -593.0000000000
75 -564.0000000000 -564.0000000000 -564.0000000000 -564.0000000000
78 -535.0000000000 -535.0000000000 -535.0000000000 -535.0000000000
88 -506.0000000000 -506.0000000000 -506.0000000000 -506.0000000000
98 -467.0000000000 -467.0000000000 -467.0000000000 -467.0000000000
104 -438.0000000000 -438.0000000000 -438.0000000000 -438.0000000000
116 -409.0000000000 -409.0000000000 -409.0000000000 -409.0000000000
120 -380.0000000000 -380.0000000000 -380.0000000000 -380.0000000000
132 -351.0000000000 -351.0000000000 -351.0000000000 -351.0000000000
137 -322.0000000000 -322.0000000000 -322.0000000000 -322.0000000000
145 -303.0000000000 -303.0000000000 -303.0000000000 -303.0000000000
149 -274.0000000000 -274.0000000000 -274.0000000000 -274.0000000000
150 -255.0000000000 -255.0000000000 -255.0000000000 -255.0000000000
163 -226.0000000000 -226.0000000000 -226.0000000000 -226.0000000000
170 -187.0000000000 -187.0000000000 -187.0000000000 -187.0000000000
173 -168.0000000000 -168.0000000000 -168.0000000000 -168.0000000000
176 -129.0000000000 -129.0000000000 -129.0000000000 -129.0000000000
181 -128.0000000000 -128.0000000000 -128.0000000000 -128.0000000000
231 -119.0000000000 -119.0000000000 -119.0000000000 -119.0000000000
240 -100.0000000000 -100.0000000000 -100.0000000000 -100.0000000000
262 -99.0000000000 -99.0000000000 -99.0000000000 -99.0000000000
265 -80.0000000000 -80.0000000000 -80.0000000000 -80.0000000000
283 -61.0000000000 -61.0000000000 -61.0000000000 -61.0000000000
290 -60.0000000000 -60.0000000000 -60.0000000000 -60.0000000000
292 -51.0000000000 -51.0000000000 -51.0000000000 -51.0000000000
296 -42.0000000000 -42.0000000000 -42.0000000000 -42.0000000000
298 -41.0000000000 -41.0000000000 -41.0000000000 -41.0000000000
307 -32.0000000000 -32.0000000000 -32.0000000000 -32.0000000000
314 -31.0000000000 -31.0000000000 -31.0000000000 -31.0000000000
315 -12.0000000000 -12.0000000000 -12.0000000000 -12.0000000000
324 -11.0000000000 -11.0000000000 -11.0000000000 -11.0000000000
334 -10.0000000000 -10.0000000000 -10.0000000000 -10.0000000000
360 -1.0000000000 -1.0000000000 -1.0000000000 -1.0000000000
498 8.0000000000 8.0000000000 8.0000000000 8.0000000000
514 9.0000000000 9.0000000000 9.0000000000 9.0000000000
100001 -20.0000000000 9.0000000000 -20.0000000000 9.0000000000
"function evaluation" "current f(x)" "best-so-far f(x)" "current af(x)+b" "best af(x)+b"
1 -1517.0000000000 -1517.0000000000 -1517.0000000000 -1517.0000000000
3 -1478.0000000000 -1478.0000000000 -1478.0000000000 -1478.0000000000
5 -1449.0000000000 -1449.0000000000 -1449.0000000000 -1449.0000000000
6 -1410.0000000000 -1410.0000000000 -1410.0000000000 -1410.0000000000
7 -1371.0000000000 -1371.0000000000 -1371.0000000000 -1371.0000000000
8 -1332.0000000000 -1332.0000000000 -1332.0000000000 -1332.0000000000
10 -1293.0000000000 -1293.0000000000 -1293.0000000000 -1293.0000000000
11 -1264.0000000000 -1264.0000000000 -1264.0000000000 -1264.0000000000
15 -1225.0000000000 -1225.0000000000 -1225.0000000000 -1225.0000000000
19 -1186.0000000000 -1186.0000000000 -1186.0000000000 -1186.0000000000
20 -1147.0000000000 -1147.0000000000 -1147.0000000000 -1147.0000000000
21 -1108.0000000000 -1108.0000000000 -1108.0000000000 -1108.0000000000
22 -1079.0000000000 -1079.0000000000 -1079.0000000000 -1079.0000000000
24 -1040.0000000000 -1040.0000000000 -1040.0000000000 -1040.0000000000
25 -1001.0000000000 -1001.0000000000 -1001.0000000000 -1001.0000000000
29 -962.0000000000 -962.0000000000 -962.0000000000 -962.0000000000
34 -923.0000000000 -923.0000000000 -923.0000000000 -923.0000000000
35 -884.0000000000 -884.0000000000 -884.0000000000 -884.0000000000
36 -845.0000000000 -845.0000000000 -845.0000000000 -845.0000000000
38 -816.0000000000 -816.0000000000 -816.0000000000 -816.0000000000
40 -777.0000000000 -777.0000000000 -777.0000000000 -777.0000000000
45 -758.0000000000 -758.0000000000 -758.0000000000 -758.0000000000
49 -729.0000000000 -729.0000000000 -729.0000000000 -729.0000000000
52 -700.0000000000 -700.0000000000 -700.0000000000 -700.0000000000
53 -661.0000000000 -661.0000000000 -661.0000000000 -661.0000000000
59 -632.0000000000 -632.0000000000 -632.0000000000 -632.0000000000
60 -593.0000000000 -593.0000000000 -593.0000000000 -593.0000000000
66 -564.0000000000 -564.0000000000 -564.0000000000 -564.0000000000
73 -525.0000000000 -525.0000000000 -525.0000000000 -525.0000000000
76 -486.0000000000 -486.0000000000 -486.0000000000 -486.0000000000
80 -447.0000000000 -447.0000000000 -447.0000000000 -447.0000000000
84 -408.0000000000 -408.0000000000 -408.0000000000 -408.0000000000
91 -369.0000000000 -369.0000000000 -369.0000000000 -369.0000000000
92 -360.0000000000 -360.0000000000 -360.0000000000 -360.0000000000
95 -331.0000000000 -331.0000000000 -331.0000000000 -331.0000000000
96 -312.0000000000 -312.0000000000 -312.0000000000 -312.0000000000
99 -283.0000000000 -283.0000000000 -283.0000000000 -283.0000000000
101 -254.0000000000 -254.0000000000 -254.0000000000 -254.0000000000
102 -235.0000000000 -235.0000000000 -235.0000000000 -235.0000000000
105 -206.0000000000 -206.0000000000 -206.0000000000 -206.0000000000
108 -187.0000000000 -187.0000000000 -187.0000000000 -187.0000000000
124 -148.0000000000 -148.0000000000 -148.0000000000 -148.0000000000
125 -119.0000000000 -119.0000000000 -119.0000000000 -119.0000000000
128 -100.0000000000 -100.0000000000 -100.0000000000 -100.0000000000
129 -81.0000000000 -81.0000000000 -81.0000000000 -81.0000000000
152 -80.0000000000 -80.0000000000 -80.0000000000 -80.0000000000
160 -51.0000000000 -51.0000000000 -51.0000000000 -51.0000000000
171 -50.0000000000 -50.0000000000 -50.0000000000 -50.0000000000
180 -31.0000000000 -31.0000000000 -31.0000000000 -31.0000000000
184 -30.0000000000 -30.0000000000 -30.0000000000 -30.0000000000
201 -11.0000000000 -11.0000000000 -11.0000000000 -11.0000000000
213 -2.0000000000 -2.0000000000 -2.0000000000 -2.0000000000
221 7.0000000000 7.0000000000 7.0000000000 7.0000000000
286 8.0000000000 8.0000000000 8.0000000000 8.0000000000
345 9.0000000000 9.0000000000 9.0000000000 9.0000000000
100001 -10.0000000000 9.0000000000 -10.0000000000 9.0000000000
"function evaluation" "current f(x)" "best-so-far f(x)" "current af(x)+b" "best af(x)+b"
1 -1478.0000000000 -1478.0000000000 -1478.0000000000 -1478.0000000000
3 -1439.0000000000 -1439.0000000000 -1439.0000000000 -1439.0000000000
4 -1400.0000000000 -1400.0000000000 -1400.0000000000 -1400.0000000000
6 -1361.0000000000 -1361.0000000000 -1361.0000000000 -1361.0000000000
7 -1322.0000000000 -1322.0000000000 -1322.0000000000 -1322.0000000000
8 -1283.0000000000 -1283.0000000000 -1283.0000000000 -1283.0000000000
9 -1244.0000000000 -1244.0000000000 -1244.0000000000 -1244.0000000000
10 -1205.0000000000 -1205.0000000000 -1205.0000000000 -1205.0000000000
13 -1166.0000000000 -1166.0000000000 -1166.0000000000 -1166.0000000000
17 -1127.0000000000 -1127.0000000000 -1127.0000000000 -1127.0000000000
18 -1088.0000000000 -1088.0000000000 -1088.0000000000 -1088.0000000000
24 -1049.0000000000 -1049.0000000000 -1049.0000000000 -1049.0000000000
27 -1020.0000000000 -1020.0000000000 -1020.0000000000 -1020.0000000000
29 -981.0000000000 -981.0000000000 -981.0000000000 -981.0000000000
30 -942.0000000000 -942.0000000000 -942.0000000000 -942.0000000000
32 -903.0000000000 -903.0000000000 -903.0000000000 -903.0000000000
33 -874.0000000000 -874.0000000000 -874.0000000000 -874.0000000000
36 -845.0000000000 -845.0000000000 -845.0000000000 -845.0000000000
40 -806.0000000000 -806.0000000000 -806.0000000000 -806.0000000000
41 -767.0000000000 -767.0000000000 -767.0000000000 -767.0000000000
42 -728.0000000000 -728.0000000000 -728.0000000000 -728.0000000000
43 -689.0000000000 -689.0000000000 -689.0000000000 -689.0000000000
45 -650.0000000000 -650.0000000000 -650.0000000000 -650.0000000000
47 -611.0000000000 -611.0000000000 -611.0000000000 -611.0000000000
49 -572.0000000000 -572.0000000000 -572.0000000000 -572.0000000000
51 -543.0000000000 -543.0000000000 -543.0000000000 -543.0000000000
59 -504.0000000000 -504.0000000000 -504.0000000000 -504.0000000000
62 -485.0000000000 -485.0000000000 -485.0000000000 -485.0000000000
63 -466.0000000000 -466.0000000000 -466.0000000000 -466.0000000000
66 -447.0000000000 -447.0000000000 -447.0000000000 -447.0000000000
67 -408.0000000000 -408.0000000000 -408.0000000000 -408.0000000000
75 -369.0000000000 -369.0000000000 -369.0000000000 -369.0000000000
78 -350.0000000000 -350.0000000000 -350.0000000000 -350.0000000000
89 -321.0000000000 -321.0000000000 -321.0000000000 -321.0000000000
101 -302.0000000000 -302.0000000000 -302.0000000000 -302.0000000000
114 -273.0000000000 -273.0000000000 -273.0000000000 -273.0000000000
122 -244.0000000000 -244.0000000000 -244.0000000000 -244.0000000000
125 -205.0000000000 -205.0000000000 -205.0000000000 -205.0000000000
132 -176.0000000000 -176.0000000000 -176.0000000000 -176.0000000000
136 -157.0000000000 -157.0000000000 -157.0000000000 -157.0000000000
165 -138.0000000000 -138.0000000000 -138.0000000000 -138.0000000000
170 -119.0000000000 -119.0000000000 -119.0000000000 -119.0000000000
178 -100.0000000000 -100.0000000000 -100.0000000000 -100.0000000000
179 -71.0000000000 -71.0000000000 -71.0000000000 -71.0000000000
186 -62.0000000000 -62.0000000000 -62.0000000000 -62.0000000000
223 -43.0000000000 -43.0000000000 -43.0000000000 -43.0000000000
231 -34.0000000000 -34.0000000000 -34.0000000000 -34.0000000000
235 -25.0000000000 -25.0000000000 -25.0000000000 -25.0000000000
237 -24.0000000000 -24.0000000000 -24.0000000000 -24.0000000000
238 -15.0000000000 -15.0000000000 -15.0000000000 -15.0000000000
250 -14.0000000000 -14.0000000000 -14.0000000000 -14.0000000000
251 -13.0000000000 -13.0000000000 -13.0000000000 -13.0000000000
258 -4.0000000000 -4.0000000000 -4.0000000000 -4.0000000000
275 -3.0000000000 -3.0000000000 -3.0000000000 -3.0000000000
281 6.0000000000 6.0000000000 6.0000000000 6.0000000000
335 7.0000000000 7.0000000000 7.0000000000 7.0000000000
374 8.0000000000 8.0000000000 8.0000000000 8.0000000000
100001 -21.0000000000 8.0000000000 -21.0000000000 8.0000000000
"function evaluation" "current f(x)" "best-so-far f(x)" "current af(x)+b" "best af(x)+b"
1 -1683.0000000000 -1683.0000000000 -1683.0000000000 -1683.0000000000
2 -1644.0000000000 -1644.0000000000 -1644.0000000000 -1644.0000000000
3 -1605.0000000000 -1605.0000000000 -1605.0000000000 -1605.0000000000
4 -1566.0000000000 -1566.0000000000 -1566.0000000000 -1566.0000000000
5 -1527.0000000000 -1527.0000000000 -1527.0000000000 -1527.0000000000
9 -1488.0000000000 -1488.0000000000 -1488.0000000000 -1488.0000000000
10 -1459.0000000000 -1459.0000000000 -1459.0000000000 -1459.0000000000
11 -1420.0000000000 -1420.0000000000 -1420.0000000000 -1420.0000000000
14 -1381.0000000000 -1381.0000000000 -1381.0000000000 -1381.0000000000
17 -1342.0000000000 -1342.0000000000 -1342.0000000000 -1342.0000000000
18 -1303.0000000000 -1303.0000000000 -1303.0000000000 -1303.0000000000
19 -1264.0000000000 -1264.0000000000 -1264.0000000000 -1264.0000000000
21 -1225.0000000000 -1225.0000000000 -1225.0000000000 -1225.0000000000
25 -1186.0000000000 -1186.0000000000 -1186.0000000000 -1186.0000000000
26 -1147.0000000000 -1147.0000000000 -1147.0000000000 -1147.0000000000
27 -1118.0000000000 -1118.0000000000 -1118.0000000000 -1118.0000000000
32 -1089.0000000000 -1089.0000000000 -1089.0000000000 -1089.0000000000
35 -1050.0000000000 -1050.0000000000 -1050.0000000000 -1050.0000000000
38 -1021.0000000000 -1021.0000000000 -1021.0000000000 -1021.0000000000
43 -982.0000000000 -982.0000000000 -982.0000000000 -982.0000000000
46 -943.0000000000 -943.0000000000 -943.0000000000 -943.0000000000
47 -914.0000000000 -914.0000000000 -914.0000000000 -914.0000000000
50 -875.0000000000 -875.0000000000 -875.0000000000 -875.0000000000
56 -836.0000000000 -836.0000000000 -836.0000000000 -836.0000000000
57 -797.0000000000 -797.0000000000 -797.0000000000 -797.0000000000
59 -768.0000000000 -768.0000000000 -768.0000000000 -768.0000000000
65 -739.0000000000 -739.0000000000 -739.0000000000 -739.0000000000
67 -700.0000000000 -700.0000000000 -700.0000000000 -700.0000000000
70 -661.0000000000 -661.0000000000 -661.0000000000 -661.0000000000
74 -622.0000000000 -622.0000000000 -622.0000000000 -622.0000000000
76 -593.0000000000 -593.0000000000 -593.0000000000 -593.0000000000
79 -554.0000000000 -554.0000000000 -554.0000000000 -554.0000000000
80 -515.0000000000 -515.0000000000 -515.0000000000 -515.0000000000
87 -486.0000000000 -486.0000000000 -486.0000000000 -486.0000000000
90 -457.0000000000 -457.0000000000 -457.0000000000 -457.0000000000
93 -418.0000000000 -418.0000000000 -418.0000000000 -418.0000000000
95 -389.0000000000 -389.0000000000 -389.0000000000 -389.0000000000
96 -350.0000000000 -350.0000000000 -350.0000000000 -350.0000000000
107 -321.0000000000 -321.0000000000 -321.0000000000 -321.0000000000
112 -292.0000000000 -292.0000000000 -292.0000000000 -292.0000000000
120 -263.0000000000 -263.0000000000 -263.0000000000 -263.0000000000
127 -224.0000000000 -224.0000000000 -224.0000000000 -224.0000000000
128 -205.0000000000 -205.0000000000 -205.0000000000 -205.0000000000
141 -186.0000000000 -186.0000000000 -186.0000000000 -186.0000000000
148 -157.0000000000 -157.0000000000 -157.0000000000 -157.0000000000
152 -148.0000000000 -148.0000000000 -148.0000000000 -148.0000000000
155 -109.0000000000 -109.0000000000 -109.0000000000 -109.0000000000
156 -100.0000000000 -100.0000000000 -100.0000000000 -100.0000000000
190 -81.0000000000 -81.0000000000 -81.0000000000 -81.0000000000
191 -62.0000000000 -62.0000000000 -62.0000000000 -62.0000000000
197 -43.0000000000 -43.0000000000 -43.0000000000 -43.0000000000
203 -24.0000000000 -24.0000000000 -24.0000000000 -24.0000000000
205 -15.0000000000 -15.0000000000 -15.0000000000 -15.0000000000
219 -6.0000000000 -6.0000000000 -6.0000000000 -6.0000000000
222 -5.0000000000 -5.0000000000 -5.0000000000 -5.0000000000
236 -4.0000000000 -4.0000000000 -4.0000000000 -4.0000000000
261 5.0000000000 5.0000000000 5.0000000000 5.0000000000
272 6.0000000000 6.0000000000 6.0000000000 6.0000000000
313 7.0000000000 7.0000000000 7.0000000000 7.0000000000
322 8.0000000000 8.0000000000 8.0000000000 8.0000000000
100001 -21.0000000000 8.0000000000 -21.0000000000 8.0000000000
"function evaluation" "current f(x)" "best-so-far f(x)" "current af(x)+b" "best af(x)+b"
1 -1371.0000000000 -1371.0000000000 -1371.0000000000 -1371.0000000000
2 -1332.0000000000 -1332.0000000000 -1332.0000000000 -1332.0000000000
5 -1293.0000000000 -1293.0000000000 -1293.0000000000 -1293.0000000000
6 -1254.0000000000 -1254.0000000000 -1254.0000000000 -1254.0000000000
7 -1225.0000000000 -1225.0000000000 -1225.0000000000 -1225.0000000000
9 -1186.0000000000 -1186.0000000000 -1186.0000000000 -1186.0000000000
11 -1147.0000000000 -1147.0000000000 -1147.0000000000 -1147.0000000000
13 -1118.0000000000 -1118.0000000000 -1118.0000000000 -1118.0000000000
16 -1089.0000000000 -1089.0000000000 -1089.0000000000 -1089.0000000000
24 -1050.0000000000 -1050.0000000000 -1050.0000000000 -1050.0000000000
29 -1011.0000000000 -1011.0000000000 -1011.0000000000 -1011.0000000000
34 -972.0000000000 -972.0000000000 -972.0000000000 -972.0000000000
35 -933.0000000000 -933.0000000000 -933.0000000000 -933.0000000000
36 -904.0000000000 -904.0000000000 -904.0000000000 -904.0000000000
39 -875.0000000000 -875.0000000000 -875.0000000000 -875.0000000000
40 -836.0000000000 -836.0000000000 -836.0000000000 -836.0000000000
45 -807.0000000000 -807.0000000000 -807.0000000000 -807.0000000000
47 -768.0000000000 -768.0000000000 -768.0000000000 -768.0000000000
49 -729.0000000000 -729.0000000000 -729.0000000000 -729.0000000000
54 -690.0000000000 -690.0000000000 -690.0000000000 -690.0000000000
55 -651.0000000000 -651.0000000000 -651.0000000000 -651.0000000000
59 -612.0000000000 -612.0000000000 -612.0000000000 -612.0000000000
60 -583.0000000000 -583.0000000000 -583.0000000000 -583.0000000000
63 -544.0000000000 -544.0000000000 -544.0000000000 -544.0000000000
64 -505.0000000000 -505.0000000000 -505.0000000000 -505.0000000000
67 -476.0000000000 -476.0000000000 -476.0000000000 -476.0000000000
74 -447.0000000000 -447.0000000000 -447.0000000000 -447.0000000000
75 -408.0000000000 -408.0000000000 -408.0000000000 -408.0000000000
77 -389.0000000000 -389.0000000000 -389.0000000000 -389.0000000000
78 -370.0000000000 -370.0000000000 -370.0000000000 -370.0000000000
79 -351.0000000000 -351.0000000000 -351.0000000000 -351.0000000000
84 -332.0000000000 -332.0000000000 -332.0000000000 -332.0000000000
107 -293.0000000000 -293.0000000000 -293.0000000000 -293.0000000000
131 -254.0000000000 -254.0000000000 -254.0000000000 -254.0000000000
139 -215.0000000000 -215.0000000000 -215.0000000000 -215.0000000000
142 -186.0000000000 -186.0000000000 -186.0000000000 -186.0000000000
146 -157.0000000000 -157.0000000000 -157.0000000000 -157.0000000000
147 -128.0000000000 -128.0000000000 -128.0000000000 -128.0000000000
163 -99.0000000000 -99.0000000000 -99.0000000000 -99.0000000000
183 -80.0000000000 -80.0000000000 -80.0000000000 -80.0000000000
184 -79.0000000000 -79.0000000000 -79.0000000000 -79.0000000000
205 -60.0000000000 -60.0000000000 -60.0000000000 -60.0000000000
212 -41.0000000000 -41.0000000000 -41.0000000000 -41.0000000000
236 -40.0000000000 -40.0000000000 -40.0000000000 -40.0000000000
238 -21.0000000000 -21.0000000000 -21.0000000000 -21.0000000000
249 -2.0000000000 -2.0000000000 -2.0000000000 -2.0000000000
253 7.0000000000 7.0000000000 7.0000000000 7.0000000000
306 8.0000000000 8.0000000000 8.0000000000 8.0000000000
100001 -1.0000000000 8.0000000000 -1.0000000000 8.0000000000
"function evaluation" "current f(x)" "best-so-far f(x)" "current af(x)+b" "best af(x)+b"
1 -1380.0000000000 -1380.0000000000 -1380.0000000000 -1380.0000000000
4 -1341.0000000000 -1341.0000000000 -1341.0000000000 -1341.0000000000
5 -1302.0000000000 -1302.0000000000 -1302.0000000000 -1302.0000000000
6 -1263.0000000000 -1263.0000000000 -1263.0000000000 -1263.0000000000
8 -1234.0000000000 -1234.0000000000 -1234.0000000000 -1234.0000000000
9 -1195.0000000000 -1195.0000000000 -1195.0000000000 -1195.0000000000
10 -1156.0000000000 -1156.0000000000 -1156.0000000000 -1156.0000000000
12 -1127.0000000000 -1127.0000000000 -1127.0000000000 -1127.0000000000
14 -1088.0000000000 -1088.0000000000 -1088.0000000000 -1088.0000000000
15 -1049.0000000000 -1049.0000000000 -1049.0000000000 -1049.0000000000
16 -1020.0000000000 -1020.0000000000 -1020.0000000000 -1020.0000000000
17 -981.0000000000 -981.0000000000 -981.0000000000 -981.0000000000
18 -942.0000000000 -942.0000000000 -942.0000000000 -942.0000000000
20 -903.0000000000 -903.0000000000 -903.0000000000 -903.0000000000
21 -864.0000000000 -864.0000000000 -864.0000000000 -864.0000000000
22 -825.0000000000 -825.0000000000 -825.0000000000 -825.0000000000
26 -786.0000000000 -786.0000000000 -786.0000000000 -786.0000000000
27 -757.0000000000 -757.0000000000 -757.0000000000 -757.0000000000
28 -728.0000000000 -728.0000000000 -728.0000000000 -728.0000000000
33 -699.0000000000 -699.0000000000 -699.0000000000 -699.0000000000
34 -670.0000000000 -670.0000000000 -670.0000000000 -670.0000000000
35 -641.0000000000 -641.0000000000 -641.0000000000 -641.0000000000
39 -602.0000000000 -602.0000000000 -602.0000000000 -602.0000000000
41 -563.0000000000 -563.0000000000 -563.0000000000 -563.0000000000
43 -544.0000000000 -544.0000000000 -544.0000000000 -544.0000000000
49 -525.0000000000 -525.0000000000 -525.0000000000 -525.0000000000
55 -496.0000000000 -496.0000000000 -496.0000000000 -496.0000000000
57 -467.0000000000 -467.0000000000 -467.0000000000 -467.0000000000
73 -428.0000000000 -428.0000000000 -428.0000000000 -428.0000000000
77 -409.0000000000 -409.0000000000 -409.0000000000 -409.0000000000
78 -370.0000000000 -370.0000000000 -370.0000000000 -370.0000000000
81 -331.0000000000 -331.0000000000 -331.0000000000 -331.0000000000
85 -312.0000000000 -312.0000000000 -312.0000000000 -312.0000000000
91 -283.0000000000 -283.0000000000 -283.0000000000 -283.0000000000
92 -244.0000000000 -244.0000000000 -244.0000000000 -244.0000000000
96 -215.0000000000 -215.0000000000 -215.0000000000 -215.0000000000
97 -186.0000000000 -186.0000000000 -186.0000000000 -186.0000000000
109 -157.0000000000 -157.0000000000 -157.0000000000 -157.0000000000
134 -118.0000000000 -118.0000000000 -118.0000000000 -118.0000000000
138 -99.0000000000 -99.0000000000 -99.0000000000 -99.0000000000
152 -90.0000000000 -90.0000000000 -90.0000000000 -90.0000000000
170 -81.0000000000 -81.0000000000 -81.0000000000 -81.0000000000
182 -62.0000000000 -62.0000000000 -62.0000000000 -62.0000000000
183 -61.0000000000 -61.0000000000 -61.0000000000 -61.0000000000
213 -42.0000000000 -42.0000000000 -42.0000000000 -42.0000000000
216 -33.0000000000 -33.0000000000 -33.0000000000 -33.0000000000
229 -14.0000000000 -14.0000000000 -14.0000000000 -14.0000000000
250 -5.0000000000 -5.0000000000 -5.0000000000 -5.0000000000
253 4.0000000000 4.0000000000 4.0000000000 4.0000000000
254 5.0000000000 5.0000000000 5.0000000000 5.0000000000
261 6.0000000000 6.0000000000 6.0000000000 6.0000000000
272 7.0000000000 7.0000000000 7.0000000000 7.0000000000
287 8.0000000000 8.0000000000 8.0000000000 8.0000000000
329 9.0000000000 9.0000000000 9.0000000000 9.0000000000
100001 -10.0000000000 9.0000000000 -10.0000000000 9.0000000000
"function evaluation" "current f(x)" "best-so-far f(x)" "current af(x)+b" "best af(x)+b"
1 -1264.0000000000 -1264.0000000000 -1264.0000000000 -1264.0000000000
4 -1225.0000000000 -1225.0000000000 -1225.0000000000 -1225.0000000000
7 -1186.0000000000 -1186.0000000000 -1186.0000000000 -1186.0000000000
10 -1147.0000000000 -1147.0000000000 -1147.0000000000 -1147.0000000000
11 -1108.0000000000 -1108.0000000000 -1108.0000000000 -1108.0000000000
12 -1079.0000000000 -1079.0000000000 -1079.0000000000 -1079.0000000000
18 -1040.0000000000 -1040.0000000000 -1040.0000000000 -1040.0000000000
21 -1011.0000000000 -1011.0000000000 -1011.0000000000 -1011.0000000000
25 -972.0000000000 -972.0000000000 -972.0000000000 -972.0000000000
28 -933.0000000000 -933.0000000000 -933.0000000000 -933.0000000000
32 -894.0000000000 -894.0000000000 -894.0000000000 -894.0000000000
34 -855.0000000000 -855.0000000000 -855.0000000000 -855.0000000000
38 -816.0000000000 -816.0000000000 -816.0000000000 -816.0000000000
40 -787.0000000000 -787.0000000000 -787.0000000000 -787.0000000000
42 -748.0000000000 -748.0000000000 -748.0000000000 -748.0000000000
46 -709.0000000000 -709.0000000000 -709.0000000000 -709.0000000000
47 -680.0000000000 -680.0000000000 -680.0000000000 -680.0000000000
52 -651.0000000000 -651.0000000000 -651.0000000000 -651.0000000000
53 -622.0000000000 -622.0000000000 -622.0000000000 -622.0000000000
57 -583.0000000000 -583.0000000000 -583.0000000000 -583.0000000000
58 -554.0000000000 -554.0000000000 -554.0000000000 -554.0000000000
61 -515.0000000000 -515.0000000000 -515.0000000000 -515.0000000000
66 -476.0000000000 -476.0000000000 -476.0000000000 -476.0000000000
67 -437.0000000000 -437.0000000000 -437.0000000000 -437.0000000000
68 -398.0000000000 -398.0000000000 -398.0000000000 -398.0000000000
72 -359.0000000000 -359.0000000000 -359.0000000000 -359.0000000000
76 -340.0000000000 -340.0000000000 -340.0000000000 -340.0000000000
77 -311.0000000000 -311.0000000000 -311.0000000000 -311.0000000000
81 -282.0000000000 -282.0000000000 -282.0000000000 -282.0000000000
86 -253.0000000000 -253.0000000000 -253.0000000000 -253.0000000000
91 -214.0000000000 -214.0000000000 -214.0000000000 -214.0000000000
92 -195.0000000000 -195.0000000000 -195.0000000000 -195.0000000000
98 -176.0000000000 -176.0000000000 -176.0000000000 -176.0000000000
101 -147.0000000000 -147.0000000000 -147.0000000000 -147.0000000000
105 -118.0000000000 -118.0000000000 -118.0000000000 -118.0000000000
107 -109.0000000000 -109.0000000000 -109.0000000000 -109.0000000000
115 -90.0000000000 -90.0000000000 -90.0000000000 -90.0000000000
121 -71.0000000000 -71.0000000000 -71.0000000000 -71.0000000000
130 -52.0000000000 -52.0000000000 -52.0000000000 -52.0000000000
131 -33.0000000000 -33.0000000000 -33.0000000000 -33.0000000000
135 -24.0000000000 -24.0000000000 -24.0000000000 -24.0000000000
138 -23.0000000000 -23.0000000000 -23.0000000000 -23.0000000000
156 -14.0000000000 -14.0000000000 -14.0000000000 -14.0000000000
157 -13.0000000000 -13.0000000000 -13.0000000000 -13.0000000000
172 -4.0000000000 -4.0000000000 -4.0000000000 -4.0000000000
209 -3.0000000000 -3.0000000000 -3.0000000000 -3.0000000000
223 6.0000000000 6.0000000000 6.0000000000 6.0000000000
236 7.0000000000 7.0000000000 7.0000000000 7.0000000000
255 8.0000000000 8.0000000000 8.0000000000 8.0000000000
277 9.0000000000 9.0000000000 9.0000000000 9.0000000000
100001 -10.0000000000 9.0000000000 -10.0000000000 9.0000000000
"function evaluation" "current f(x)" "best-so-far f(x)" "current af(x)+b" "best af(x)+b"
1 -1790.0000000000 -1790.0000000000 -1790.0000000000 -1790.0000000000
2 -1751.0000000000 -1751.0000000000 -1751.0000000000 -1751.0000000000
5 -1712.0000000000 -1712.0000000000 -1712.0000000000 -1712.0000000000
7 -1673.0000000000 -1673.0000000000 -1673.0000000000 -1673.0000000000
9 -1634.0000000000 -1634.0000000000 -1634.0000000000 -1634.0000000000
10 -1595.0000000000 -1595.0000000000 -1595.0000000000 -1595.0000000000
12 -1556.0000000000 -1556.0000000000 -1556.0000000000 -1556.0000000000
13 -1517.0000000000 -1517.0000000000 -1517.0000000000 -1517.0000000000
14 -1478.0000000000 -1478.0000000000 -1478.0000000000 -1478.0000000000
16 -1439.0000000000 -1439.0000000000 -1439.0000000000 -1439.0000000000
17 -1400.0000000000 -1400.0000000000 -1400.0000000000 -1400.0000000000
18 -1361.0000000000 -1361.0000000000 -1361.0000000000 -1361.0000000000
19 -1322.0000000000 -1322.0000000000 -1322.0000000000 -1322.0000000000
21 -1283.0000000000 -1283.0000000000 -1283.0000000000 -1283.0000000000
30 -1254.0000000000 -1254.0000000000 -1254.0000000000 -1254.0000000000
32 -1215.0000000000 -1215.0000000000 -1215.0000000000 -1215.0000000000
33 -1176.0000000000 -1176.0000000000 -1176.0000000000 -1176.0000000000
34 -1137.0000000000 -1137.0000000000 -1137.0000000000 -1137.0000000000
37 -1098.0000000000 -1098.0000000000 -1098.0000000000 -1098.0000000000
44 -1069.0000000000 -1069.0000000000 -1069.0000000000 -1069.0000000000
45 -1030.0000000000 -1030.0000000000 -1030.0000000000 -1030.0000000000
47 -991.0000000000 -991.0000000000 -991.0000000000 -991.0000000000
48 -962.0000000000 -962.0000000000 -962.0000000000 -962.0000000000
50 -923.0000000000 -923.0000000000 -923.0000000000 -923.0000000000
53 -894.0000000000 -894.0000000000 -894.0000000000 -894.0000000000
57 -855.0000000000 -855.0000000000 -855.0000000000 -855.0000000000
60 -816.0000000000 -816.0000000000 -816.0000000000 -816.0000000000
61 -777.0000000000 -777.0000000000 -777.0000000000 -777.0000000000
67 -738.0000000000 -738.0000000000 -738.0000000000 -738.0000000000
70 -709.0000000000 -709.0000000000 -709.0000000000 -709.0000000000
77 -680.0000000000 -680.0000000000 -680.0000000000 -680.0000000000
80 -641.0000000000 -641.0000000000 -641.0000000000 -641.0000000000
81 -602.0000000000 -602.0000000000 -602.0000000000 -602.0000000000
82 -573.0000000000 -573.0000000000 -573.0000000000 -573.0000000000
98 -534.0000000000 -534.0000000000 -534.0000000000 -534.0000000000
99 -515.0000000000 -515.0000000000 -515.0000000000 -515.0000000000
123 -476.0000000000 -476.0000000000 -476.0000000000 -476.0000000000
130 -437.0000000000 -437.0000000000 -437.0000000000 -437.0000000000
132 -408.0000000000 -408.0000000000 -408.0000000000 -408.0000000000
134 -369.0000000000 -369.0000000000 -369.0000000000 -369.0000000000
135 -330.0000000000 -330.0000000000 -330.0000000000 -330.0000000000
139 -311.0000000000 -311.0000000000 -311.0000000000 -311.0000000000
143 -292.0000000000 -292.0000000000 -292.0000000000 -292.0000000000
145 -263.0000000000 -263.0000000000 -263.0000000000 -263.0000000000
150 -244.0000000000 -244.0000000000 -244.0000000000 -244.0000000000
153 -215.0000000000 -215.0000000000 -215.0000000000 -215.0000000000
156 -186.0000000000 -186.0000000000 -186.0000000000 -186.0000000000
157 -167.0000000000 -167.0000000000 -167.0000000000 -167.0000000000
161 -148.0000000000 -148.0000000000 -148.0000000000 -148.0000000000
166 -129.0000000000 -129.0000000000 -129.0000000000 -129.0000000000
169 -100.0000000000 -100.0000000000 -100.0000000000 -100.0000000000
178 -81.0000000000 -81.0000000000 -81.0000000000 -81.0000000000
183 -62.0000000000 -62.0000000000 -62.0000000000 -62.0000000000
187 -43.0000000000 -43.0000000000 -43.0000000000 -43.0000000000
191 -42.0000000000 -42.0000000000 -42.0000000000 -42.0000000000
202 -33.0000000000 -33.0000000000 -33.0000000000 -33.0000000000
205 -32.0000000000 -32.0000000000 -32.0000000000 -32.0000000000
221 -23.0000000000 -23.0000000000 -23.0000000000 -23.0000000000
239 -22.0000000000 -22.0000000000 -22.0000000000 -22.0000000000
281 -3.0000000000 -3.0000000000 -3.0000000000 -3.0000000000
369 6.0000000000 6.0000000000 6.0000000000 6.0000000000
373 7.0000000000 7.0000000000 7.0000000000 7.0000000000
459 8.0000000000 8.0000000000 8.0000000000 8.0000000000
100001 -11.0000000000 8.0000000000 -11.0000000000 8.0000000000
