evaluations raw_y
1 1.0283833813
64 1.0343400910
104 1.0651896037
105 1.0761945760
106 1.1753643630
131 1.1842728565
182 1.1956001913
204 1.2106537530
205 1.2518778167
206 1.3376136972
226 1.3550135501
268 1.3974287311
305 1.4543339151
306 1.5365703749
315 1.5518311608
321 1.5634771732
331 1.6414970453
405 1.7158544955
406 1.7743080199
421 1.8811136193
461 1.8867924528
505 1.9305019305
506 2.0112630732
521 2.1276595745
543 2.1349274125
606 2.2956841139
644 2.3923444976
706 2.5853154085
708 2.5960539979
781 2.7442371021
833 2.8376844495
921 2.8968713789
1009 2.9171528588
1088 3.1210986267
2156 3.1367628607
2207 3.2938076416
2295 3.6179450072
2307 3.8051750381
2410 3.8167938931
2589 4.2158516020
16128 4.2735042735
47607 4.4247787611
47621 4.6554934823
100000 2.7502750275
evaluations raw_y
1 0.8570449092
2 1.1526048870
7 1.1709601874
9 1.2481278083
10 1.2506253127
12 1.2632642749
16 1.2787723785
21 1.2893243940
24 1.3804527885
87 1.3989927252
109 1.5537600994
116 1.5893197711
124 1.6056518947
169 1.6307893020
209 1.7088174983
210 1.7818959373
216 1.7972681524
224 1.8615040953
261 1.9245573518
309 1.9888623707
310 2.1987686895
416 2.3877745941
427 2.4154589372
516 2.6455026455
617 2.8058361392
723 2.8248587571
728 2.9036004646
777 2.9868578256
823 3.0229746070
824 3.0376670717
921 3.0902348578
1026 3.1133250311
1044 3.2258064516
1058 3.4387895461
1151 3.4674063800
1228 3.4965034965
1283 3.6179450072
1330 3.6710719530
1385 3.8759689922
1466 4.0650406504
15603 4.3478260870
15626 4.6554934823
100000 0.9262689885
evaluations raw_y
1 1.4766686356
110 1.5913430936
204 1.6789791807
214 1.7895490336
256 1.8208302986
304 1.8395879323
314 1.9731649566
332 2.0576131687
407 2.1459227468
414 2.1987686895
426 2.3126734505
514 2.4248302619
535 2.4437927664
538 2.4630541872
587 2.5329280648
614 2.6455026455
638 2.7382256298
714 2.7563395810
746 2.8571428571
814 2.8901734104
831 2.9868578256
977 2.9940119760
986 3.1289111389
1077 3.2010243278
1106 3.2594524120
1145 3.4965034965
1206 3.6075036075
1380 3.6179450072
1426 3.6496350365
1598 3.7257824143
1688 3.7593984962
3350 3.9370078740
3412 4.0518638574
3592 4.3478260870
73425 4.4247787611
100000 1.2506253127
evaluations raw_y
1 1.5253203173
304 1.5634771732
319 1.5994881638
326 1.6414970453
368 1.6589250166
403 1.7642907551
419 1.8261504748
464 1.8867924528
503 2.0242914980
534 2.0508613618
556 2.0644095789
561 2.0781379884
585 2.1795989538
603 2.2381378693
611 2.2706630336
619 2.3386342376
634 2.3651844844
661 2.4485798237
703 2.5125628141
719 2.5960539979
724 2.6068821689
734 2.7322404372
803 2.8121484814
824 2.9726516052
905 2.9940119760
1078 3.1685678074
1137 3.2765399738
1229 3.4106412005
3902 3.4770514604
3967 3.5063113604
6656 3.7707390649
17214 3.9123630673
17242 3.9745627981
17334 4.1736227045
40873 4.3630017452
81921 4.4091710758
100000 2.9726516052
evaluations raw_y
1 1.4749262537
11 1.4907573047
28 1.4979029359
31 1.5124016939
39 1.5654351910
53 1.5733165513
66 1.7397355602
106 1.8076644975
107 1.8288222385
111 1.9305019305
185 1.9794140934
206 2.0408163265
210 2.0678246485
211 2.1607605877
239 2.1758050479
265 2.2222222222
307 2.3169601483
311 2.4061597690
353 2.4248302619
407 2.5075225677
411 2.6343519494
506 2.7203482046
518 2.7932960894
546 2.8184892897
606 2.8506271380
607 2.8901734104
618 3.0156815440
623 3.0303030303
707 3.1605562579
818 3.1685678074
852 3.1847133758
855 3.2679738562
918 3.4965034965
1059 3.7821482602
1125 3.8880248834
20669 3.9619651347
20676 3.9872408293
20769 4.1050903120
31612 4.1876046901
31686 4.5703839122
56969 4.6904315197
100000 2.4826216485
evaluations raw_y
1 1.1358473421
108 1.1764705882
119 1.1899095669
203 1.2506253127
204 1.3448090371
208 1.4245014245
303 1.4492753623
304 1.5124016939
315 1.5197568389
318 1.5693659761
330 1.5772870662
343 1.5974440895
373 1.6307893020
403 1.7135023989
427 1.7519271198
434 1.7618040874
447 1.7717930546
481 1.8450184502
503 1.8754688672
515 1.8982536067
527 1.9334880124
529 1.9394879752
541 2.0145044319
547 2.1758050479
603 2.2104332449
615 2.2261798753
629 2.2831050228
641 2.4437927664
703 2.5176233635
727 2.6680896478
803 2.6737967914
829 2.8312570781
857 2.8441410694
934 2.8506271380
949 2.9585798817
1028 3.0084235860
1034 3.0229746070
1058 3.0376670717
1060 3.1133250311
1104 3.1210986267
1106 3.2010243278
1214 3.2092426187
1281 3.2765399738
1363 3.3200531208
1500 3.4387895461
1518 3.6710719530
1664 3.7257824143
1759 3.9001560062
7941 4.0387722132
8012 4.1050903120
8118 4.1736227045
10912 4.2444821732
11069 4.2589437819
71683 4.4404973357
71852 4.4563279857
88714 4.4883303411
100000 2.9308323564
evaluations raw_y
1 0.8156606852
2 1.4679976512
4 1.5087507544
7 1.5234613041
15 1.7158544955
105 1.7325017325
107 1.7373175817
111 1.7667844523
114 1.7768301350
118 1.8839487566
124 1.9011406844
160 1.9186492709
162 1.9731649566
203 2.0145044319
218 2.0610057708
222 2.1168501270
227 2.2624434389
311 2.3084025854
318 2.3969319271
323 2.4342745862
360 2.4727992087
403 2.4875621891
418 2.7144408252
503 2.8312570781
511 2.9103608847
603 3.0902348578
719 3.1446540881
740 3.2258064516
807 3.2509752926
905 3.2765399738
1096 3.3557046980
1106 3.5765379113
1297 3.6496350365
1395 3.7257824143
1408 3.8051750381
11393 3.8402457757
21287 3.9494470774
21361 4.1459369818
38025 4.2016806723
38064 4.2735042735
41039 4.4247787611
41150 4.4404973357
41238 4.6904315197
41407 4.7080979284
100000 1.1379153391
evaluations raw_y
1 1.3248542660
2 1.3623978202
3 1.5615240475
52 1.5772870662
103 1.6995241332
105 1.7041581459
108 1.8129079043
187 1.8559762435
203 1.8867924528
204 1.9334880124
208 2.0210185934
251 2.0885547201
281 2.2065313327
304 2.3342670401
308 2.3518344309
351 2.3786869648
384 2.3969319271
388 2.4154589372
403 2.5588536336
408 2.5799793602
451 2.6455026455
503 2.8058361392
513 2.8441410694
603 2.9036004646
628 2.9308323564
690 3.1055900621
709 3.1928480204
760 3.2765399738
817 3.3377837116
936 3.5360678925
2235 3.6818851252
2372 3.9001560062
2496 3.9619651347
5107 4.1050903120
28342 4.2301184433
35764 4.2444821732
35859 4.2881646655
100000 0.9932459277
evaluations raw_y
1 1.1809163911
2 1.5873015873
6 1.6056518947
7 1.7946877243
43 1.8477457502
106 2.0990764064
161 2.2026431718
203 2.2143489814
206 2.4485798237
303 2.4630541872
307 2.6288117771
356 2.7685492802
407 2.9446407538
516 2.9655990510
535 2.9797377831
616 3.3557046980
706 3.3829499323
724 3.5161744023
884 3.5260930889
886 3.5460992908
995 3.6390101892
1072 3.7147102526
2292 3.8520801233
2395 4.0128410915
2411 4.0257648953
2506 4.0387722132
2571 4.1459369818
30591 4.3327556326
46257 4.4883303411
46415 4.5045045045
66049 4.5207956600
100000 2.7563395810
evaluations raw_y
1 0.9154155987
2 1.2853470437
3 1.3927576602
4 1.4021312395
8 1.4543339151
25 1.4819205691
61 1.4925373134
103 1.5615240475
104 1.6611295681
111 1.6880486158
125 1.7205781142
185 1.7253278123
203 1.7921146953
204 1.8288222385
209 1.8395879323
211 1.9127773527
225 1.9920318725
303 2.0080321285
304 2.1910604733
323 2.2222222222
404 2.4925224327
508 2.6795284030
545 2.7144408252
607 2.7203482046
618 2.7442371021
671 2.7808676307
707 2.9036004646
722 2.9171528588
807 2.9940119760
900 3.0826140567
917 3.1210986267
918 3.2509752926
1047 3.3112582781
1099 3.4013605442
1184 3.4293552812
1251 3.5161744023
1302 3.6179450072
1397 3.6710719530
1442 4.0387722132
1541 4.0518638574
1582 4.1322314050
3549 4.4247787611
100000 2.2381378693
