evaluations raw_y
1 55.0000000000
2 61.0000000000
6 62.0000000000
109 63.0000000000
210 64.0000000000
311 65.0000000000
416 66.0000000000
519 67.0000000000
621 68.0000000000
727 69.0000000000
828 70.0000000000
931 71.0000000000
1035 72.0000000000
1138 73.0000000000
1239 74.0000000000
1340 75.0000000000
1441 76.0000000000
1544 77.0000000000
1645 78.0000000000
1747 79.0000000000
1848 80.0000000000
1950 81.0000000000
2052 82.0000000000
2153 83.0000000000
2255 84.0000000000
2357 85.0000000000
2459 86.0000000000
2567 87.0000000000
2670 88.0000000000
2773 89.0000000000
2874 90.0000000000
2976 91.0000000000
3077 92.0000000000
3183 93.0000000000
3284 94.0000000000
3385 95.0000000000
3487 96.0000000000
3589 97.0000000000
3692 98.0000000000
3799 99.0000000000
3901 100.0000000000
105140 99.0000000000
evaluations raw_y
1 51.0000000000
2 52.0000000000
1026 53.0000000000
1127 54.0000000000
1228 55.0000000000
1331 56.0000000000
1432 57.0000000000
1533 58.0000000000
1634 59.0000000000
1736 60.0000000000
1837 61.0000000000
1938 62.0000000000
2039 63.0000000000
2140 64.0000000000
2241 65.0000000000
2344 66.0000000000
2445 67.0000000000
2549 68.0000000000
2650 69.0000000000
2751 70.0000000000
2854 71.0000000000
2956 72.0000000000
3058 73.0000000000
3159 74.0000000000
3263 75.0000000000
3364 76.0000000000
3465 77.0000000000
3567 78.0000000000
3669 79.0000000000
3770 80.0000000000
3871 81.0000000000
3972 82.0000000000
4075 83.0000000000
4176 84.0000000000
4277 85.0000000000
4378 86.0000000000
4479 87.0000000000
4580 88.0000000000
4681 89.0000000000
4785 90.0000000000
4886 91.0000000000
4987 92.0000000000
5090 93.0000000000
5195 94.0000000000
5296 95.0000000000
5397 96.0000000000
5499 97.0000000000
5600 98.0000000000
5702 99.0000000000
5803 100.0000000000
104036 99.0000000000
evaluations raw_y
1 52.0000000000
2 55.0000000000
5 56.0000000000
108 57.0000000000
213 58.0000000000
315 59.0000000000
416 60.0000000000
520 61.0000000000
621 62.0000000000
722 63.0000000000
823 64.0000000000
927 65.0000000000
1029 66.0000000000
1134 67.0000000000
1235 68.0000000000
1337 69.0000000000
1440 70.0000000000
1542 71.0000000000
1643 72.0000000000
1746 73.0000000000
1848 74.0000000000
1949 75.0000000000
2050 76.0000000000
2151 77.0000000000
2252 78.0000000000
2354 79.0000000000
2455 80.0000000000
2560 81.0000000000
2661 82.0000000000
2764 83.0000000000
2868 84.0000000000
2972 85.0000000000
3075 86.0000000000
3177 87.0000000000
3278 88.0000000000
3380 89.0000000000
3481 90.0000000000
3585 91.0000000000
3686 92.0000000000
3788 93.0000000000
3889 94.0000000000
3992 95.0000000000
4094 96.0000000000
4199 97.0000000000
4300 98.0000000000
4401 99.0000000000
4502 100.0000000000
101534 99.0000000000
evaluations raw_y
1 48.0000000000
2 50.0000000000
3 51.0000000000
106 52.0000000000
207 53.0000000000
308 54.0000000000
410 55.0000000000
512 56.0000000000
613 57.0000000000
716 58.0000000000
817 59.0000000000
926 60.0000000000
1027 61.0000000000
1130 62.0000000000
1233 63.0000000000
1338 64.0000000000
1440 65.0000000000
1541 66.0000000000
1642 67.0000000000
1743 68.0000000000
1844 69.0000000000
1945 70.0000000000
2050 71.0000000000
2152 72.0000000000
2253 73.0000000000
2358 74.0000000000
2460 75.0000000000
2561 76.0000000000
2662 77.0000000000
2764 78.0000000000
2865 79.0000000000
2969 80.0000000000
3071 81.0000000000
3174 82.0000000000
3275 83.0000000000
3376 84.0000000000
3478 85.0000000000
3579 86.0000000000
3680 87.0000000000
3782 88.0000000000
3883 89.0000000000
3984 90.0000000000
4087 91.0000000000
4188 92.0000000000
4289 93.0000000000
4393 94.0000000000
4494 95.0000000000
4595 96.0000000000
4696 97.0000000000
4800 98.0000000000
4901 99.0000000000
5002 100.0000000000
101533 99.0000000000
evaluations raw_y
1 47.0000000000
3 55.0000000000
4 58.0000000000
716 59.0000000000
822 60.0000000000
923 61.0000000000
1027 62.0000000000
1132 63.0000000000
1233 64.0000000000
1336 65.0000000000
1440 66.0000000000
1542 67.0000000000
1643 68.0000000000
1744 69.0000000000
1847 70.0000000000
1949 71.0000000000
2052 72.0000000000
2154 73.0000000000
2256 74.0000000000
2357 75.0000000000
2458 76.0000000000
2560 77.0000000000
2661 78.0000000000
2764 79.0000000000
2866 80.0000000000
2968 81.0000000000
3069 82.0000000000
3170 83.0000000000
3271 84.0000000000
3372 85.0000000000
3474 86.0000000000
3575 87.0000000000
3676 88.0000000000
3777 89.0000000000
3880 90.0000000000
3981 91.0000000000
4087 92.0000000000
4189 93.0000000000
4290 94.0000000000
4392 95.0000000000
4493 96.0000000000
4594 97.0000000000
4695 98.0000000000
4797 99.0000000000
4904 100.0000000000
100438 99.0000000000
evaluations raw_y
1 49.0000000000
2 54.0000000000
1227 55.0000000000
1328 56.0000000000
1430 57.0000000000
1531 58.0000000000
1633 59.0000000000
1736 60.0000000000
1837 61.0000000000
1938 62.0000000000
2039 63.0000000000
2140 64.0000000000
2241 65.0000000000
2344 66.0000000000
2447 67.0000000000
2548 68.0000000000
2650 69.0000000000
2751 70.0000000000
2852 71.0000000000
2953 72.0000000000
3056 73.0000000000
3158 74.0000000000
3259 75.0000000000
3360 76.0000000000
3461 77.0000000000
3562 78.0000000000
3664 79.0000000000
3765 80.0000000000
3866 81.0000000000
3968 82.0000000000
4069 83.0000000000
4172 84.0000000000
4273 85.0000000000
4374 86.0000000000
4476 87.0000000000
4578 88.0000000000
4685 89.0000000000
4786 90.0000000000
4888 91.0000000000
4989 92.0000000000
5090 93.0000000000
5191 94.0000000000
5292 95.0000000000
5393 96.0000000000
5497 97.0000000000
5600 98.0000000000
5701 99.0000000000
5802 100.0000000000
104835 99.0000000000
evaluations raw_y
1 52.0000000000
4 53.0000000000
105 54.0000000000
206 55.0000000000
308 56.0000000000
410 57.0000000000
515 58.0000000000
619 59.0000000000
722 60.0000000000
823 61.0000000000
925 62.0000000000
1026 63.0000000000
1129 64.0000000000
1232 65.0000000000
1333 66.0000000000
1439 67.0000000000
1540 68.0000000000
1641 69.0000000000
1743 70.0000000000
1844 71.0000000000
1946 72.0000000000
2048 73.0000000000
2150 74.0000000000
2253 75.0000000000
2354 76.0000000000
2455 77.0000000000
2556 78.0000000000
2662 79.0000000000
2767 80.0000000000
2869 81.0000000000
2970 82.0000000000
3072 83.0000000000
3175 84.0000000000
3276 85.0000000000
3377 86.0000000000
3478 87.0000000000
3580 88.0000000000
3684 89.0000000000
3785 90.0000000000
3886 91.0000000000
3987 92.0000000000
4089 93.0000000000
4191 94.0000000000
4293 95.0000000000
4395 96.0000000000
4497 97.0000000000
4600 98.0000000000
4701 99.0000000000
4802 100.0000000000
100133 99.0000000000
evaluations raw_y
1 41.0000000000
2 53.0000000000
4 54.0000000000
109 55.0000000000
212 56.0000000000
314 57.0000000000
415 58.0000000000
518 59.0000000000
620 60.0000000000
721 61.0000000000
825 62.0000000000
928 63.0000000000
1029 64.0000000000
1130 65.0000000000
1231 66.0000000000
1333 67.0000000000
1434 68.0000000000
1536 69.0000000000
1637 70.0000000000
1740 71.0000000000
1841 72.0000000000
1943 73.0000000000
2045 74.0000000000
2147 75.0000000000
2248 76.0000000000
2349 77.0000000000
2450 78.0000000000
2551 79.0000000000
2655 80.0000000000
2756 81.0000000000
2859 82.0000000000
2964 83.0000000000
3065 84.0000000000
3168 85.0000000000
3270 86.0000000000
3371 87.0000000000
3473 88.0000000000
3574 89.0000000000
3675 90.0000000000
3777 91.0000000000
3880 92.0000000000
3982 93.0000000000
4084 94.0000000000
4186 95.0000000000
4289 96.0000000000
4390 97.0000000000
4497 98.0000000000
4601 99.0000000000
4702 100.0000000000
103133 99.0000000000
evaluations raw_y
1 45.0000000000
2 55.0000000000
3 58.0000000000
7 59.0000000000
110 60.0000000000
211 61.0000000000
312 62.0000000000
418 63.0000000000
519 64.0000000000
621 65.0000000000
724 66.0000000000
825 67.0000000000
927 68.0000000000
1029 69.0000000000
1132 70.0000000000
1235 71.0000000000
1336 72.0000000000
1440 73.0000000000
1542 74.0000000000
1643 75.0000000000
1744 76.0000000000
1845 77.0000000000
1946 78.0000000000
2053 79.0000000000
2155 80.0000000000
2256 81.0000000000
2357 82.0000000000
2458 83.0000000000
2560 84.0000000000
2661 85.0000000000
2763 86.0000000000
2867 87.0000000000
2968 88.0000000000
3069 89.0000000000
3170 90.0000000000
3273 91.0000000000
3377 92.0000000000
3481 93.0000000000
3586 94.0000000000
3689 95.0000000000
3792 96.0000000000
3894 97.0000000000
3995 98.0000000000
4097 99.0000000000
4200 100.0000000000
101332 99.0000000000
evaluations raw_y
1 45.0000000000
519 46.0000000000
620 47.0000000000
722 48.0000000000
823 49.0000000000
926 50.0000000000
1028 51.0000000000
1133 52.0000000000
1234 53.0000000000
1336 54.0000000000
1437 55.0000000000
1539 56.0000000000
1640 57.0000000000
1741 58.0000000000
1842 59.0000000000
1943 60.0000000000
2044 61.0000000000
2145 62.0000000000
2247 63.0000000000
2348 64.0000000000
2451 65.0000000000
2552 66.0000000000
2653 67.0000000000
2754 68.0000000000
2855 69.0000000000
2956 70.0000000000
3058 71.0000000000
3160 72.0000000000
3261 73.0000000000
3362 74.0000000000
3467 75.0000000000
3568 76.0000000000
3670 77.0000000000
3772 78.0000000000
3873 79.0000000000
3974 80.0000000000
4075 81.0000000000
4176 82.0000000000
4279 83.0000000000
4380 84.0000000000
4482 85.0000000000
4583 86.0000000000
4684 87.0000000000
4785 88.0000000000
4886 89.0000000000
4988 90.0000000000
5091 91.0000000000
5192 92.0000000000
5293 93.0000000000
5394 94.0000000000
5495 95.0000000000
5596 96.0000000000
5697 97.0000000000
5798 98.0000000000
5899 99.0000000000
6000 100.0000000000
104835 99.0000000000
