"function evaluation" "current f(x)" "best-so-far f(x)" "current af(x)+b" "best af(x)+b"
1 -0.5452894137 -0.5452894137 -0.5452894137 -0.5452894137
2 -0.4938174369 -0.4938174369 -0.4938174369 -0.4938174369
6 -0.4608532815 -0.4608532815 -0.4608532815 -0.4608532815
18 -0.4593025122 -0.4593025122 -0.4593025122 -0.4593025122
47 -0.4577167502 -0.4577167502 -0.4577167502 -0.4577167502
164 -0.4552021637 -0.4552021637 -0.4552021637 -0.4552021637
212 -0.4300418399 -0.4300418399 -0.4300418399 -0.4300418399
261 -0.4241921091 -0.4241921091 -0.4241921091 -0.4241921091
10881 -0.4143399127 -0.4143399127 -0.4143399127 -0.4143399127
36526 -0.4017509564 -0.4017509564 -0.4017509564 -0.4017509564
57083 -0.3934461978 -0.3934461978 -0.3934461978 -0.3934461978
100000 -0.5076928115 -0.3934461978 -0.5076928115 -0.3934461978
"function evaluation" "current f(x)" "best-so-far f(x)" "current af(x)+b" "best af(x)+b"
1 -0.5178929298 -0.5178929298 -0.5178929298 -0.5178929298
2 -0.4776174945 -0.4776174945 -0.4776174945 -0.4776174945
5 -0.4560058693 -0.4560058693 -0.4560058693 -0.4560058693
57 -0.4555014104 -0.4555014104 -0.4555014104 -0.4555014104
105 -0.4491429547 -0.4491429547 -0.4491429547 -0.4491429547
139 -0.4392281742 -0.4392281742 -0.4392281742 -0.4392281742
2848 -0.4363705029 -0.4363705029 -0.4363705029 -0.4363705029
3386 -0.4309160854 -0.4309160854 -0.4309160854 -0.4309160854
6185 -0.4111560135 -0.4111560135 -0.4111560135 -0.4111560135
31710 -0.4025437534 -0.4025437534 -0.4025437534 -0.4025437534
100000 -0.5003442672 -0.4025437534 -0.5003442672 -0.4025437534
"function evaluation" "current f(x)" "best-so-far f(x)" "current af(x)+b" "best af(x)+b"
1 -0.5659564684 -0.5659564684 -0.5659564684 -0.5659564684
2 -0.4625684024 -0.4625684024 -0.4625684024 -0.4625684024
4 -0.4522426281 -0.4522426281 -0.4522426281 -0.4522426281
118 -0.4300385199 -0.4300385199 -0.4300385199 -0.4300385199
132 -0.4282206718 -0.4282206718 -0.4282206718 -0.4282206718
10290 -0.4232558750 -0.4232558750 -0.4232558750 -0.4232558750
19321 -0.4208465801 -0.4208465801 -0.4208465801 -0.4208465801
30274 -0.4136237298 -0.4136237298 -0.4136237298 -0.4136237298
35375 -0.4023985837 -0.4023985837 -0.4023985837 -0.4023985837
100000 -0.4998143862 -0.4023985837 -0.4998143862 -0.4023985837
"function evaluation" "current f(x)" "best-so-far f(x)" "current af(x)+b" "best af(x)+b"
1 -0.5262275836 -0.5262275836 -0.5262275836 -0.5262275836
2 -0.4595384924 -0.4595384924 -0.4595384924 -0.4595384924
17 -0.4519236341 -0.4519236341 -0.4519236341 -0.4519236341
83 -0.4413054919 -0.4413054919 -0.4413054919 -0.4413054919
225 -0.4400929478 -0.4400929478 -0.4400929478 -0.4400929478
830 -0.4335161688 -0.4335161688 -0.4335161688 -0.4335161688
1109 -0.4309950791 -0.4309950791 -0.4309950791 -0.4309950791
1504 -0.4302278877 -0.4302278877 -0.4302278877 -0.4302278877
3244 -0.4182046588 -0.4182046588 -0.4182046588 -0.4182046588
4944 -0.4145518584 -0.4145518584 -0.4145518584 -0.4145518584
11290 -0.4142202962 -0.4142202962 -0.4142202962 -0.4142202962
18752 -0.4111995234 -0.4111995234 -0.4111995234 -0.4111995234
76437 -0.4071651764 -0.4071651764 -0.4071651764 -0.4071651764
80404 -0.4064696340 -0.4064696340 -0.4064696340 -0.4064696340
100000 -0.5045754875 -0.4064696340 -0.5045754875 -0.4064696340
"function evaluation" "current f(x)" "best-so-far f(x)" "current af(x)+b" "best af(x)+b"
1 -0.4810660259 -0.4810660259 -0.4810660259 -0.4810660259
14 -0.4695177532 -0.4695177532 -0.4695177532 -0.4695177532
23 -0.4596488977 -0.4596488977 -0.4596488977 -0.4596488977
149 -0.4575810463 -0.4575810463 -0.4575810463 -0.4575810463
170 -0.4537726197 -0.4537726197 -0.4537726197 -0.4537726197
175 -0.4271963390 -0.4271963390 -0.4271963390 -0.4271963390
1695 -0.4270385723 -0.4270385723 -0.4270385723 -0.4270385723
6364 -0.4259551765 -0.4259551765 -0.4259551765 -0.4259551765
10191 -0.4152782173 -0.4152782173 -0.4152782173 -0.4152782173
13175 -0.4133847860 -0.4133847860 -0.4133847860 -0.4133847860
35602 -0.4070430455 -0.4070430455 -0.4070430455 -0.4070430455
100000 -0.5300668691 -0.4070430455 -0.5300668691 -0.4070430455
"function evaluation" "current f(x)" "best-so-far f(x)" "current af(x)+b" "best af(x)+b"
1 -0.4720355875 -0.4720355875 -0.4720355875 -0.4720355875
11 -0.4307363342 -0.4307363342 -0.4307363342 -0.4307363342
1182 -0.4298218145 -0.4298218145 -0.4298218145 -0.4298218145
1286 -0.4293303060 -0.4293303060 -0.4293303060 -0.4293303060
1479 -0.4198417941 -0.4198417941 -0.4198417941 -0.4198417941
12483 -0.4096969585 -0.4096969585 -0.4096969585 -0.4096969585
34857 -0.4044317803 -0.4044317803 -0.4044317803 -0.4044317803
42871 -0.4028794361 -0.4028794361 -0.4028794361 -0.4028794361
100000 -0.5652306055 -0.4028794361 -0.5652306055 -0.4028794361
"function evaluation" "current f(x)" "best-so-far f(x)" "current af(x)+b" "best af(x)+b"
1 -0.4759475696 -0.4759475696 -0.4759475696 -0.4759475696
4 -0.4640092232 -0.4640092232 -0.4640092232 -0.4640092232
7 -0.4616090092 -0.4616090092 -0.4616090092 -0.4616090092
64 -0.4419498529 -0.4419498529 -0.4419498529 -0.4419498529
114 -0.4405039383 -0.4405039383 -0.4405039383 -0.4405039383
381 -0.4347761916 -0.4347761916 -0.4347761916 -0.4347761916
3528 -0.4235969281 -0.4235969281 -0.4235969281 -0.4235969281
8913 -0.4221043115 -0.4221043115 -0.4221043115 -0.4221043115
22876 -0.4155679520 -0.4155679520 -0.4155679520 -0.4155679520
42959 -0.4122656164 -0.4122656164 -0.4122656164 -0.4122656164
50889 -0.4045151495 -0.4045151495 -0.4045151495 -0.4045151495
66221 -0.3976622694 -0.3976622694 -0.3976622694 -0.3976622694
100000 -0.4936142941 -0.3976622694 -0.4936142941 -0.3976622694
"function evaluation" "current f(x)" "best-so-far f(x)" "current af(x)+b" "best af(x)+b"
1 -0.4877574614 -0.4877574614 -0.4877574614 -0.4877574614
8 -0.4691378325 -0.4691378325 -0.4691378325 -0.4691378325
19 -0.4637692737 -0.4637692737 -0.4637692737 -0.4637692737
52 -0.4406597873 -0.4406597873 -0.4406597873 -0.4406597873
72 -0.4387162662 -0.4387162662 -0.4387162662 -0.4387162662
224 -0.4383966788 -0.4383966788 -0.4383966788 -0.4383966788
1276 -0.4288839101 -0.4288839101 -0.4288839101 -0.4288839101
1934 -0.4191482157 -0.4191482157 -0.4191482157 -0.4191482157
4384 -0.4012845694 -0.4012845694 -0.4012845694 -0.4012845694
42628 -0.3954053006 -0.3954053006 -0.3954053006 -0.3954053006
100000 -0.4823005765 -0.3954053006 -0.4823005765 -0.3954053006
"function evaluation" "current f(x)" "best-so-far f(x)" "current af(x)+b" "best af(x)+b"
1 -0.4996584859 -0.4996584859 -0.4996584859 -0.4996584859
5 -0.4856714738 -0.4856714738 -0.4856714738 -0.4856714738
12 -0.4759873982 -0.4759873982 -0.4759873982 -0.4759873982
61 -0.4634911422 -0.4634911422 -0.4634911422 -0.4634911422
90 -0.4582904164 -0.4582904164 -0.4582904164 -0.4582904164
149 -0.4514575730 -0.4514575730 -0.4514575730 -0.4514575730
155 -0.4447535899 -0.4447535899 -0.4447535899 -0.4447535899
1065 -0.4049428417 -0.4049428417 -0.4049428417 -0.4049428417
100000 -0.5699337117 -0.4049428417 -0.5699337117 -0.4049428417
"function evaluation" "current f(x)" "best-so-far f(x)" "current af(x)+b" "best af(x)+b"
1 -0.5112907751 -0.5112907751 -0.5112907751 -0.5112907751
2 -0.5001121898 -0.5001121898 -0.5001121898 -0.5001121898
4 -0.4922996994 -0.4922996994 -0.4922996994 -0.4922996994
14 -0.4879550784 -0.4879550784 -0.4879550784 -0.4879550784
18 -0.4522451125 -0.4522451125 -0.4522451125 -0.4522451125
82 -0.4409923335 -0.4409923335 -0.4409923335 -0.4409923335
488 -0.4396383236 -0.4396383236 -0.4396383236 -0.4396383236
608 -0.4371282416 -0.4371282416 -0.4371282416 -0.4371282416
2442 -0.4328029684 -0.4328029684 -0.4328029684 -0.4328029684
3753 -0.4066321069 -0.4066321069 -0.4066321069 -0.4066321069
13637 -0.4059853693 -0.4059853693 -0.4059853693 -0.4059853693
100000 -0.5331307662 -0.4059853693 -0.5331307662 -0.4059853693
