"function evaluation" "current f(x)" "best-so-far f(x)" "current af(x)+b" "best af(x)+b"
1 2425.0000000000 2425.0000000000 2425.0000000000 2425.0000000000
3 2509.0000000000 2509.0000000000 2509.0000000000 2509.0000000000
4 2525.0000000000 2525.0000000000 2525.0000000000 2525.0000000000
5 2567.0000000000 2567.0000000000 2567.0000000000 2567.0000000000
8 2588.0000000000 2588.0000000000 2588.0000000000 2588.0000000000
10 2621.0000000000 2621.0000000000 2621.0000000000 2621.0000000000
17 2666.0000000000 2666.0000000000 2666.0000000000 2666.0000000000
29 2703.0000000000 2703.0000000000 2703.0000000000 2703.0000000000
32 2741.0000000000 2741.0000000000 2741.0000000000 2741.0000000000
34 2789.0000000000 2789.0000000000 2789.0000000000 2789.0000000000
36 2913.0000000000 2913.0000000000 2913.0000000000 2913.0000000000
40 2948.0000000000 2948.0000000000 2948.0000000000 2948.0000000000
44 3016.0000000000 3016.0000000000 3016.0000000000 3016.0000000000
45 3057.0000000000 3057.0000000000 3057.0000000000 3057.0000000000
47 3086.0000000000 3086.0000000000 3086.0000000000 3086.0000000000
56 3219.0000000000 3219.0000000000 3219.0000000000 3219.0000000000
57 3366.0000000000 3366.0000000000 3366.0000000000 3366.0000000000
62 3435.0000000000 3435.0000000000 3435.0000000000 3435.0000000000
68 3603.0000000000 3603.0000000000 3603.0000000000 3603.0000000000
74 3633.0000000000 3633.0000000000 3633.0000000000 3633.0000000000
83 3713.0000000000 3713.0000000000 3713.0000000000 3713.0000000000
90 3780.0000000000 3780.0000000000 3780.0000000000 3780.0000000000
95 3822.0000000000 3822.0000000000 3822.0000000000 3822.0000000000
96 3922.0000000000 3922.0000000000 3922.0000000000 3922.0000000000
98 3959.0000000000 3959.0000000000 3959.0000000000 3959.0000000000
106 3993.0000000000 3993.0000000000 3993.0000000000 3993.0000000000
107 4070.0000000000 4070.0000000000 4070.0000000000 4070.0000000000
108 4161.0000000000 4161.0000000000 4161.0000000000 4161.0000000000
126 4249.0000000000 4249.0000000000 4249.0000000000 4249.0000000000
129 4273.0000000000 4273.0000000000 4273.0000000000 4273.0000000000
138 4281.0000000000 4281.0000000000 4281.0000000000 4281.0000000000
160 4350.0000000000 4350.0000000000 4350.0000000000 4350.0000000000
182 4408.0000000000 4408.0000000000 4408.0000000000 4408.0000000000
190 4412.0000000000 4412.0000000000 4412.0000000000 4412.0000000000
203 4484.0000000000 4484.0000000000 4484.0000000000 4484.0000000000
215 4511.0000000000 4511.0000000000 4511.0000000000 4511.0000000000
227 4527.0000000000 4527.0000000000 4527.0000000000 4527.0000000000
241 4547.0000000000 4547.0000000000 4547.0000000000 4547.0000000000
264 4617.0000000000 4617.0000000000 4617.0000000000 4617.0000000000
319 4618.0000000000 4618.0000000000 4618.0000000000 4618.0000000000
323 4628.0000000000 4628.0000000000 4628.0000000000 4628.0000000000
326 4720.0000000000 4720.0000000000 4720.0000000000 4720.0000000000
338 4773.0000000000 4773.0000000000 4773.0000000000 4773.0000000000
358 4784.0000000000 4784.0000000000 4784.0000000000 4784.0000000000
414 4862.0000000000 4862.0000000000 4862.0000000000 4862.0000000000
445 4865.0000000000 4865.0000000000 4865.0000000000 4865.0000000000
447 4888.0000000000 4888.0000000000 4888.0000000000 4888.0000000000
449 4920.0000000000 4920.0000000000 4920.0000000000 4920.0000000000
490 4942.0000000000 4942.0000000000 4942.0000000000 4942.0000000000
555 4951.0000000000 4951.0000000000 4951.0000000000 4951.0000000000
565 4958.0000000000 4958.0000000000 4958.0000000000 4958.0000000000
594 5001.0000000000 5001.0000000000 5001.0000000000 5001.0000000000
698 5047.0000000000 5047.0000000000 5047.0000000000 5047.0000000000
1040 5048.0000000000 5048.0000000000 5048.0000000000 5048.0000000000
1620 5050.0000000000 5050.0000000000 5050.0000000000 5050.0000000000
100001 5050.0000000000 5050.0000000000 5050.0000000000 5050.0000000000
"function evaluation" "current f(x)" "best-so-far f(x)" "current af(x)+b" "best af(x)+b"
1 2465.0000000000 2465.0000000000 2465.0000000000 2465.0000000000
4 2561.0000000000 2561.0000000000 2561.0000000000 2561.0000000000
11 2685.0000000000 2685.0000000000 2685.0000000000 2685.0000000000
12 2729.0000000000 2729.0000000000 2729.0000000000 2729.0000000000
17 2813.0000000000 2813.0000000000 2813.0000000000 2813.0000000000
18 2905.0000000000 2905.0000000000 2905.0000000000 2905.0000000000
20 2921.0000000000 2921.0000000000 2921.0000000000 2921.0000000000
21 3016.0000000000 3016.0000000000 3016.0000000000 3016.0000000000
23 3039.0000000000 3039.0000000000 3039.0000000000 3039.0000000000
24 3057.0000000000 3057.0000000000 3057.0000000000 3057.0000000000
25 3078.0000000000 3078.0000000000 3078.0000000000 3078.0000000000
32 3109.0000000000 3109.0000000000 3109.0000000000 3109.0000000000
33 3134.0000000000 3134.0000000000 3134.0000000000 3134.0000000000
34 3167.0000000000 3167.0000000000 3167.0000000000 3167.0000000000
37 3206.0000000000 3206.0000000000 3206.0000000000 3206.0000000000
40 3294.0000000000 3294.0000000000 3294.0000000000 3294.0000000000
46 3366.0000000000 3366.0000000000 3366.0000000000 3366.0000000000
61 3370.0000000000 3370.0000000000 3370.0000000000 3370.0000000000
64 3407.0000000000 3407.0000000000 3407.0000000000 3407.0000000000
75 3430.0000000000 3430.0000000000 3430.0000000000 3430.0000000000
77 3468.0000000000 3468.0000000000 3468.0000000000 3468.0000000000
82 3516.0000000000 3516.0000000000 3516.0000000000 3516.0000000000
97 3610.0000000000 3610.0000000000 3610.0000000000 3610.0000000000
121 3622.0000000000 3622.0000000000 3622.0000000000 3622.0000000000
123 3623.0000000000 3623.0000000000 3623.0000000000 3623.0000000000
136 3669.0000000000 3669.0000000000 3669.0000000000 3669.0000000000
149 3672.0000000000 3672.0000000000 3672.0000000000 3672.0000000000
155 3674.0000000000 3674.0000000000 3674.0000000000 3674.0000000000
158 3753.0000000000 3753.0000000000 3753.0000000000 3753.0000000000
161 3754.0000000000 3754.0000000000 3754.0000000000 3754.0000000000
170 3793.0000000000 3793.0000000000 3793.0000000000 3793.0000000000
180 3812.0000000000 3812.0000000000 3812.0000000000 3812.0000000000
184 3862.0000000000 3862.0000000000 3862.0000000000 3862.0000000000
188 3942.0000000000 3942.0000000000 3942.0000000000 3942.0000000000
190 3996.0000000000 3996.0000000000 3996.0000000000 3996.0000000000
193 4045.0000000000 4045.0000000000 4045.0000000000 4045.0000000000
194 4097.0000000000 4097.0000000000 4097.0000000000 4097.0000000000
197 4098.0000000000 4098.0000000000 4098.0000000000 4098.0000000000
201 4172.0000000000 4172.0000000000 4172.0000000000 4172.0000000000
202 4228.0000000000 4228.0000000000 4228.0000000000 4228.0000000000
204 4269.0000000000 4269.0000000000 4269.0000000000 4269.0000000000
218 4331.0000000000 4331.0000000000 4331.0000000000 4331.0000000000
225 4386.0000000000 4386.0000000000 4386.0000000000 4386.0000000000
239 4414.0000000000 4414.0000000000 4414.0000000000 4414.0000000000
242 4441.0000000000 4441.0000000000 4441.0000000000 4441.0000000000
277 4522.0000000000 4522.0000000000 4522.0000000000 4522.0000000000
286 4582.0000000000 4582.0000000000 4582.0000000000 4582.0000000000
292 4622.0000000000 4622.0000000000 4622.0000000000 4622.0000000000
318 4635.0000000000 4635.0000000000 4635.0000000000 4635.0000000000
332 4645.0000000000 4645.0000000000 4645.0000000000 4645.0000000000
363 4681.0000000000 4681.0000000000 4681.0000000000 4681.0000000000
371 4686.0000000000 4686.0000000000 4686.0000000000 4686.0000000000
375 4694.0000000000 4694.0000000000 4694.0000000000 4694.0000000000
389 4724.0000000000 4724.0000000000 4724.0000000000 4724.0000000000
393 4782.0000000000 4782.0000000000 4782.0000000000 4782.0000000000
405 4784.0000000000 4784.0000000000 4784.0000000000 4784.0000000000
413 4844.0000000000 4844.0000000000 4844.0000000000 4844.0000000000
421 4924.0000000000 4924.0000000000 4924.0000000000 4924.0000000000
443 4939.0000000000 4939.0000000000 4939.0000000000 4939.0000000000
507 4983.0000000000 4983.0000000000 4983.0000000000 4983.0000000000
554 4997.0000000000 4997.0000000000 4997.0000000000 4997.0000000000
756 5026.0000000000 5026.0000000000 5026.0000000000 5026.0000000000
844 5031.0000000000 5031.0000000000 5031.0000000000 5031.0000000000
1113 5050.0000000000 5050.0000000000 5050.0000000000 5050.0000000000
100001 5050.0000000000 5050.0000000000 5050.0000000000 5050.0000000000
"function evaluation" "current f(x)" "best-so-far f(x)" "current af(x)+b" "best af(x)+b"
1 2602.0000000000 2602.0000000000 2602.0000000000 2602.0000000000
4 2725.0000000000 2725.0000000000 2725.0000000000 2725.0000000000
9 2802.0000000000 2802.0000000000 2802.0000000000 2802.0000000000
10 2862.0000000000 2862.0000000000 2862.0000000000 2862.0000000000
16 2887.0000000000 2887.0000000000 2887.0000000000 2887.0000000000
17 2924.0000000000 2924.0000000000 2924.0000000000 2924.0000000000
20 2934.0000000000 2934.0000000000 2934.0000000000 2934.0000000000
23 3019.0000000000 3019.0000000000 3019.0000000000 3019.0000000000
27 3065.0000000000 3065.0000000000 3065.0000000000 3065.0000000000
29 3227.0000000000 3227.0000000000 3227.0000000000 3227.0000000000
33 3231.0000000000 3231.0000000000 3231.0000000000 3231.0000000000
36 3236.0000000000 3236.0000000000 3236.0000000000 3236.0000000000
37 3278.0000000000 3278.0000000000 3278.0000000000 3278.0000000000
44 3358.0000000000 3358.0000000000 3358.0000000000 3358.0000000000
51 3442.0000000000 3442.0000000000 3442.0000000000 3442.0000000000
53 3481.0000000000 3481.0000000000 3481.0000000000 3481.0000000000
59 3529.0000000000 3529.0000000000 3529.0000000000 3529.0000000000
62 3566.0000000000 3566.0000000000 3566.0000000000 3566.0000000000
65 3599.0000000000 3599.0000000000 3599.0000000000 3599.0000000000
75 3607.0000000000 3607.0000000000 3607.0000000000 3607.0000000000
86 3621.0000000000 3621.0000000000 3621.0000000000 3621.0000000000
97 3663.0000000000 3663.0000000000 3663.0000000000 3663.0000000000
102 3724.0000000000 3724.0000000000 3724.0000000000 3724.0000000000
109 3808.0000000000 3808.0000000000 3808.0000000000 3808.0000000000
113 3839.0000000000 3839.0000000000 3839.0000000000 3839.0000000000
121 3953.0000000000 3953.0000000000 3953.0000000000 3953.0000000000
123 3997.0000000000 3997.0000000000 3997.0000000000 3997.0000000000
126 4078.0000000000 4078.0000000000 4078.0000000000 4078.0000000000
133 4127.0000000000 4127.0000000000 4127.0000000000 4127.0000000000
135 4216.0000000000 4216.0000000000 4216.0000000000 4216.0000000000
142 4240.0000000000 4240.0000000000 4240.0000000000 4240.0000000000
146 4246.0000000000 4246.0000000000 4246.0000000000 4246.0000000000
154 4285.0000000000 4285.0000000000 4285.0000000000 4285.0000000000
161 4298.0000000000 4298.0000000000 4298.0000000000 4298.0000000000
184 4312.0000000000 4312.0000000000 4312.0000000000 4312.0000000000
198 4410.0000000000 4410.0000000000 4410.0000000000 4410.0000000000
222 4434.0000000000 4434.0000000000 4434.0000000000 4434.0000000000
245 4498.0000000000 4498.0000000000 4498.0000000000 4498.0000000000
278 4532.0000000000 4532.0000000000 4532.0000000000 4532.0000000000
305 4541.0000000000 4541.0000000000 4541.0000000000 4541.0000000000
308 4570.0000000000 4570.0000000000 4570.0000000000 4570.0000000000
345 4648.0000000000 4648.0000000000 4648.0000000000 4648.0000000000
359 4712.0000000000 4712.0000000000 4712.0000000000 4712.0000000000
392 4833.0000000000 4833.0000000000 4833.0000000000 4833.0000000000
407 4835.0000000000 4835.0000000000 4835.0000000000 4835.0000000000
483 4853.0000000000 4853.0000000000 4853.0000000000 4853.0000000000
532 4873.0000000000 4873.0000000000 4873.0000000000 4873.0000000000
562 4914.0000000000 4914.0000000000 4914.0000000000 4914.0000000000
739 4966.0000000000 4966.0000000000 4966.0000000000 4966.0000000000
845 5043.0000000000 5043.0000000000 5043.0000000000 5043.0000000000
948 5045.0000000000 5045.0000000000 5045.0000000000 5045.0000000000
965 5050.0000000000 5050.0000000000 5050.0000000000 5050.0000000000
100001 5050.0000000000 5050.0000000000 5050.0000000000 5050.0000000000
"function evaluation" "current f(x)" "best-so-far f(x)" "current af(x)+b" "best af(x)+b"
1 2011.0000000000 2011.0000000000 2011.0000000000 2011.0000000000
2 2056.0000000000 2056.0000000000 2056.0000000000 2056.0000000000
3 2065.0000000000 2065.0000000000 2065.0000000000 2065.0000000000
4 2084.0000000000 2084.0000000000 2084.0000000000 2084.0000000000
7 2166.0000000000 2166.0000000000 2166.0000000000 2166.0000000000
9 2247.0000000000 2247.0000000000 2247.0000000000 2247.0000000000
13 2275.0000000000 2275.0000000000 2275.0000000000 2275.0000000000
14 2362.0000000000 2362.0000000000 2362.0000000000 2362.0000000000
17 2435.0000000000 2435.0000000000 2435.0000000000 2435.0000000000
18 2496.0000000000 2496.0000000000 2496.0000000000 2496.0000000000
20 2592.0000000000 2592.0000000000 2592.0000000000 2592.0000000000
25 2617.0000000000 2617.0000000000 2617.0000000000 2617.0000000000
30 2704.0000000000 2704.0000000000 2704.0000000000 2704.0000000000
46 2789.0000000000 2789.0000000000 2789.0000000000 2789.0000000000
51 2811.0000000000 2811.0000000000 2811.0000000000 2811.0000000000
54 2901.0000000000 2901.0000000000 2901.0000000000 2901.0000000000
55 2929.0000000000 2929.0000000000 2929.0000000000 2929.0000000000
56 2967.0000000000 2967.0000000000 2967.0000000000 2967.0000000000
59 2983.0000000000 2983.0000000000 2983.0000000000 2983.0000000000
62 3070.0000000000 3070.0000000000 3070.0000000000 3070.0000000000
66 3130.0000000000 3130.0000000000 3130.0000000000 3130.0000000000
72 3270.0000000000 3270.0000000000 3270.0000000000 3270.0000000000
85 3323.0000000000 3323.0000000000 3323.0000000000 3323.0000000000
93 3389.0000000000 3389.0000000000 3389.0000000000 3389.0000000000
94 3506.0000000000 3506.0000000000 3506.0000000000 3506.0000000000
100 3602.0000000000 3602.0000000000 3602.0000000000 3602.0000000000
112 3642.0000000000 3642.0000000000 3642.0000000000 3642.0000000000
118 3704.0000000000 3704.0000000000 3704.0000000000 3704.0000000000
119 3725.0000000000 3725.0000000000 3725.0000000000 3725.0000000000
127 3752.0000000000 3752.0000000000 3752.0000000000 3752.0000000000
131 3769.0000000000 3769.0000000000 3769.0000000000 3769.0000000000
138 3869.0000000000 3869.0000000000 3869.0000000000 3869.0000000000
145 3910.0000000000 3910.0000000000 3910.0000000000 3910.0000000000
149 3982.0000000000 3982.0000000000 3982.0000000000 3982.0000000000
170 4068.0000000000 4068.0000000000 4068.0000000000 4068.0000000000
173 4102.0000000000 4102.0000000000 4102.0000000000 4102.0000000000
176 4103.0000000000 4103.0000000000 4103.0000000000 4103.0000000000
213 4120.0000000000 4120.0000000000 4120.0000000000 4120.0000000000
241 4220.0000000000 4220.0000000000 4220.0000000000 4220.0000000000
246 4269.0000000000 4269.0000000000 4269.0000000000 4269.0000000000
276 4323.0000000000 4323.0000000000 4323.0000000000 4323.0000000000
308 4409.0000000000 4409.0000000000 4409.0000000000 4409.0000000000
330 4423.0000000000 4423.0000000000 4423.0000000000 4423.0000000000
366 4510.0000000000 4510.0000000000 4510.0000000000 4510.0000000000
368 4521.0000000000 4521.0000000000 4521.0000000000 4521.0000000000
389 4563.0000000000 4563.0000000000 4563.0000000000 4563.0000000000
398 4598.0000000000 4598.0000000000 4598.0000000000 4598.0000000000
409 4611.0000000000 4611.0000000000 4611.0000000000 4611.0000000000
530 4614.0000000000 4614.0000000000 4614.0000000000 4614.0000000000
560 4693.0000000000 4693.0000000000 4693.0000000000 4693.0000000000
566 4724.0000000000 4724.0000000000 4724.0000000000 4724.0000000000
569 4819.0000000000 4819.0000000000 4819.0000000000 4819.0000000000
660 4842.0000000000 4842.0000000000 4842.0000000000 4842.0000000000
762 4916.0000000000 4916.0000000000 4916.0000000000 4916.0000000000
850 4983.0000000000 4983.0000000000 4983.0000000000 4983.0000000000
907 4987.0000000000 4987.0000000000 4987.0000000000 4987.0000000000
1102 5040.0000000000 5040.0000000000 5040.0000000000 5040.0000000000
1114 5050.0000000000 5050.0000000000 5050.0000000000 5050.0000000000
100001 5050.0000000000 5050.0000000000 5050.0000000000 5050.0000000000
"function evaluation" "current f(x)" "best-so-far f(x)" "current af(x)+b" "best af(x)+b"
1 2133.0000000000 2133.0000000000 2133.0000000000 2133.0000000000
7 2213.0000000000 2213.0000000000 2213.0000000000 2213.0000000000
8 2273.0000000000 2273.0000000000 2273.0000000000 2273.0000000000
9 2294.0000000000 2294.0000000000 2294.0000000000 2294.0000000000
10 2330.0000000000 2330.0000000000 2330.0000000000 2330.0000000000
13 2357.0000000000 2357.0000000000 2357.0000000000 2357.0000000000
17 2364.0000000000 2364.0000000000 2364.0000000000 2364.0000000000
18 2466.0000000000 2466.0000000000 2466.0000000000 2466.0000000000
22 2544.0000000000 2544.0000000000 2544.0000000000 2544.0000000000
23 2548.0000000000 2548.0000000000 2548.0000000000 2548.0000000000
27 2572.0000000000 2572.0000000000 2572.0000000000 2572.0000000000
28 2612.0000000000 2612.0000000000 2612.0000000000 2612.0000000000
31 2682.0000000000 2682.0000000000 2682.0000000000 2682.0000000000
35 2715.0000000000 2715.0000000000 2715.0000000000 2715.0000000000
36 2763.0000000000 2763.0000000000 2763.0000000000 2763.0000000000
39 2828.0000000000 2828.0000000000 2828.0000000000 2828.0000000000
43 2917.0000000000 2917.0000000000 2917.0000000000 2917.0000000000
46 2956.0000000000 2956.0000000000 2956.0000000000 2956.0000000000
49 2957.0000000000 2957.0000000000 2957.0000000000 2957.0000000000
53 2969.0000000000 2969.0000000000 2969.0000000000 2969.0000000000
54 3037.0000000000 3037.0000000000 3037.0000000000 3037.0000000000
56 3094.0000000000 3094.0000000000 3094.0000000000 3094.0000000000
67 3153.0000000000 3153.0000000000 3153.0000000000 3153.0000000000
69 3325.0000000000 3325.0000000000 3325.0000000000 3325.0000000000
72 3425.0000000000 3425.0000000000 3425.0000000000 3425.0000000000
74 3499.0000000000 3499.0000000000 3499.0000000000 3499.0000000000
82 3514.0000000000 3514.0000000000 3514.0000000000 3514.0000000000
91 3534.0000000000 3534.0000000000 3534.0000000000 3534.0000000000
93 3567.0000000000 3567.0000000000 3567.0000000000 3567.0000000000
97 3623.0000000000 3623.0000000000 3623.0000000000 3623.0000000000
98 3624.0000000000 3624.0000000000 3624.0000000000 3624.0000000000
108 3656.0000000000 3656.0000000000 3656.0000000000 3656.0000000000
109 3672.0000000000 3672.0000000000 3672.0000000000 3672.0000000000
111 3689.0000000000 3689.0000000000 3689.0000000000 3689.0000000000
119 3716.0000000000 3716.0000000000 3716.0000000000 3716.0000000000
120 3731.0000000000 3731.0000000000 3731.0000000000 3731.0000000000
121 3798.0000000000 3798.0000000000 3798.0000000000 3798.0000000000
136 3862.0000000000 3862.0000000000 3862.0000000000 3862.0000000000
142 3925.0000000000 3925.0000000000 3925.0000000000 3925.0000000000
173 3939.0000000000 3939.0000000000 3939.0000000000 3939.0000000000
190 3946.0000000000 3946.0000000000 3946.0000000000 3946.0000000000
212 4043.0000000000 4043.0000000000 4043.0000000000 4043.0000000000
213 4058.0000000000 4058.0000000000 4058.0000000000 4058.0000000000
214 4113.0000000000 4113.0000000000 4113.0000000000 4113.0000000000
224 4116.0000000000 4116.0000000000 4116.0000000000 4116.0000000000
237 4124.0000000000 4124.0000000000 4124.0000000000 4124.0000000000
244 4163.0000000000 4163.0000000000 4163.0000000000 4163.0000000000
267 4193.0000000000 4193.0000000000 4193.0000000000 4193.0000000000
268 4265.0000000000 4265.0000000000 4265.0000000000 4265.0000000000
289 4361.0000000000 4361.0000000000 4361.0000000000 4361.0000000000
292 4395.0000000000 4395.0000000000 4395.0000000000 4395.0000000000
305 4399.0000000000 4399.0000000000 4399.0000000000 4399.0000000000
310 4485.0000000000 4485.0000000000 4485.0000000000 4485.0000000000
319 4490.0000000000 4490.0000000000 4490.0000000000 4490.0000000000
337 4654.0000000000 4654.0000000000 4654.0000000000 4654.0000000000
346 4700.0000000000 4700.0000000000 4700.0000000000 4700.0000000000
353 4725.0000000000 4725.0000000000 4725.0000000000 4725.0000000000
356 4845.0000000000 4845.0000000000 4845.0000000000 4845.0000000000
381 4874.0000000000 4874.0000000000 4874.0000000000 4874.0000000000
397 4879.0000000000 4879.0000000000 4879.0000000000 4879.0000000000
409 4968.0000000000 4968.0000000000 4968.0000000000 4968.0000000000
474 4987.0000000000 4987.0000000000 4987.0000000000 4987.0000000000
508 5037.0000000000 5037.0000000000 5037.0000000000 5037.0000000000
573 5040.0000000000 5040.0000000000 5040.0000000000 5040.0000000000
1431 5050.0000000000 5050.0000000000 5050.0000000000 5050.0000000000
100001 4989.0000000000 5050.0000000000 4989.0000000000 5050.0000000000
"function evaluation" "current f(x)" "best-so-far f(x)" "current af(x)+b" "best af(x)+b"
1 2695.0000000000 2695.0000000000 2695.0000000000 2695.0000000000
4 2794.0000000000 2794.0000000000 2794.0000000000 2794.0000000000
6 2844.0000000000 2844.0000000000 2844.0000000000 2844.0000000000
8 2894.0000000000 2894.0000000000 2894.0000000000 2894.0000000000
16 2926.0000000000 2926.0000000000 2926.0000000000 2926.0000000000
30 2959.0000000000 2959.0000000000 2959.0000000000 2959.0000000000
32 3047.0000000000 3047.0000000000 3047.0000000000 3047.0000000000
36 3102.0000000000 3102.0000000000 3102.0000000000 3102.0000000000
40 3170.0000000000 3170.0000000000 3170.0000000000 3170.0000000000
44 3183.0000000000 3183.0000000000 3183.0000000000 3183.0000000000
49 3230.0000000000 3230.0000000000 3230.0000000000 3230.0000000000
54 3305.0000000000 3305.0000000000 3305.0000000000 3305.0000000000
78 3328.0000000000 3328.0000000000 3328.0000000000 3328.0000000000
82 3412.0000000000 3412.0000000000 3412.0000000000 3412.0000000000
83 3445.0000000000 3445.0000000000 3445.0000000000 3445.0000000000
90 3497.0000000000 3497.0000000000 3497.0000000000 3497.0000000000
92 3567.0000000000 3567.0000000000 3567.0000000000 3567.0000000000
132 3619.0000000000 3619.0000000000 3619.0000000000 3619.0000000000
145 3664.0000000000 3664.0000000000 3664.0000000000 3664.0000000000
150 3762.0000000000 3762.0000000000 3762.0000000000 3762.0000000000
154 3802.0000000000 3802.0000000000 3802.0000000000 3802.0000000000
158 3826.0000000000 3826.0000000000 3826.0000000000 3826.0000000000
160 3847.0000000000 3847.0000000000 3847.0000000000 3847.0000000000
173 3924.0000000000 3924.0000000000 3924.0000000000 3924.0000000000
175 3930.0000000000 3930.0000000000 3930.0000000000 3930.0000000000
198 3975.0000000000 3975.0000000000 3975.0000000000 3975.0000000000
201 4062.0000000000 4062.0000000000 4062.0000000000 4062.0000000000
209 4071.0000000000 4071.0000000000 4071.0000000000 4071.0000000000
221 4098.0000000000 4098.0000000000 4098.0000000000 4098.0000000000
228 4103.0000000000 4103.0000000000 4103.0000000000 4103.0000000000
230 4184.0000000000 4184.0000000000 4184.0000000000 4184.0000000000
259 4256.0000000000 4256.0000000000 4256.0000000000 4256.0000000000
264 4285.0000000000 4285.0000000000 4285.0000000000 4285.0000000000
268 4331.0000000000 4331.0000000000 4331.0000000000 4331.0000000000
286 4375.0000000000 4375.0000000000 4375.0000000000 4375.0000000000
300 4442.0000000000 4442.0000000000 4442.0000000000 4442.0000000000
320 4453.0000000000 4453.0000000000 4453.0000000000 4453.0000000000
346 4508.0000000000 4508.0000000000 4508.0000000000 4508.0000000000
370 4566.0000000000 4566.0000000000 4566.0000000000 4566.0000000000
406 4651.0000000000 4651.0000000000 4651.0000000000 4651.0000000000
422 4688.0000000000 4688.0000000000 4688.0000000000 4688.0000000000
444 4696.0000000000 4696.0000000000 4696.0000000000 4696.0000000000
445 4790.0000000000 4790.0000000000 4790.0000000000 4790.0000000000
450 4792.0000000000 4792.0000000000 4792.0000000000 4792.0000000000
615 4870.0000000000 4870.0000000000 4870.0000000000 4870.0000000000
621 4919.0000000000 4919.0000000000 4919.0000000000 4919.0000000000
699 4967.0000000000 4967.0000000000 4967.0000000000 4967.0000000000
768 5041.0000000000 5041.0000000000 5041.0000000000 5041.0000000000
818 5050.0000000000 5050.0000000000 5050.0000000000 5050.0000000000
100001 5050.0000000000 5050.0000000000 5050.0000000000 5050.0000000000
"function evaluation" "current f(x)" "best-so-far f(x)" "current af(x)+b" "best af(x)+b"
1 2853.0000000000 2853.0000000000 2853.0000000000 2853.0000000000
3 2868.0000000000 2868.0000000000 2868.0000000000 2868.0000000000
4 2928.0000000000 2928.0000000000 2928.0000000000 2928.0000000000
5 2975.0000000000 2975.0000000000 2975.0000000000 2975.0000000000
7 3024.0000000000 3024.0000000000 3024.0000000000 3024.0000000000
14 3065.0000000000 3065.0000000000 3065.0000000000 3065.0000000000
23 3102.0000000000 3102.0000000000 3102.0000000000 3102.0000000000
24 3116.0000000000 3116.0000000000 3116.0000000000 3116.0000000000
27 3125.0000000000 3125.0000000000 3125.0000000000 3125.0000000000
32 3135.0000000000 3135.0000000000 3135.0000000000 3135.0000000000
33 3163.0000000000 3163.0000000000 3163.0000000000 3163.0000000000
35 3255.0000000000 3255.0000000000 3255.0000000000 3255.0000000000
46 3322.0000000000 3322.0000000000 3322.0000000000 3322.0000000000
52 3422.0000000000 3422.0000000000 3422.0000000000 3422.0000000000
54 3481.0000000000 3481.0000000000 3481.0000000000 3481.0000000000
63 3529.0000000000 3529.0000000000 3529.0000000000 3529.0000000000
64 3578.0000000000 3578.0000000000 3578.0000000000 3578.0000000000
68 3669.0000000000 3669.0000000000 3669.0000000000 3669.0000000000
69 3713.0000000000 3713.0000000000 3713.0000000000 3713.0000000000
87 3747.0000000000 3747.0000000000 3747.0000000000 3747.0000000000
88 3824.0000000000 3824.0000000000 3824.0000000000 3824.0000000000
89 3831.0000000000 3831.0000000000 3831.0000000000 3831.0000000000
98 3846.0000000000 3846.0000000000 3846.0000000000 3846.0000000000
102 3850.0000000000 3850.0000000000 3850.0000000000 3850.0000000000
110 3865.0000000000 3865.0000000000 3865.0000000000 3865.0000000000
118 3883.0000000000 3883.0000000000 3883.0000000000 3883.0000000000
140 3896.0000000000 3896.0000000000 3896.0000000000 3896.0000000000
144 3921.0000000000 3921.0000000000 3921.0000000000 3921.0000000000
158 3986.0000000000 3986.0000000000 3986.0000000000 3986.0000000000
161 4033.0000000000 4033.0000000000 4033.0000000000 4033.0000000000
162 4164.0000000000 4164.0000000000 4164.0000000000 4164.0000000000
163 4236.0000000000 4236.0000000000 4236.0000000000 4236.0000000000
166 4276.0000000000 4276.0000000000 4276.0000000000 4276.0000000000
170 4309.0000000000 4309.0000000000 4309.0000000000 4309.0000000000
176 4320.0000000000 4320.0000000000 4320.0000000000 4320.0000000000
185 4397.0000000000 4397.0000000000 4397.0000000000 4397.0000000000
192 4512.0000000000 4512.0000000000 4512.0000000000 4512.0000000000
199 4594.0000000000 4594.0000000000 4594.0000000000 4594.0000000000
200 4677.0000000000 4677.0000000000 4677.0000000000 4677.0000000000
235 4692.0000000000 4692.0000000000 4692.0000000000 4692.0000000000
245 4731.0000000000 4731.0000000000 4731.0000000000 4731.0000000000
251 4773.0000000000 4773.0000000000 4773.0000000000 4773.0000000000
254 4784.0000000000 4784.0000000000 4784.0000000000 4784.0000000000
287 4831.0000000000 4831.0000000000 4831.0000000000 4831.0000000000
304 4860.0000000000 4860.0000000000 4860.0000000000 4860.0000000000
311 4862.0000000000 4862.0000000000 4862.0000000000 4862.0000000000
322 4909.0000000000 4909.0000000000 4909.0000000000 4909.0000000000
329 4919.0000000000 4919.0000000000 4919.0000000000 4919.0000000000
351 4934.0000000000 4934.0000000000 4934.0000000000 4934.0000000000
363 4951.0000000000 4951.0000000000 4951.0000000000 4951.0000000000
390 4956.0000000000 4956.0000000000 4956.0000000000 4956.0000000000
393 4966.0000000000 4966.0000000000 4966.0000000000 4966.0000000000
671 5004.0000000000 5004.0000000000 5004.0000000000 5004.0000000000
712 5028.0000000000 5028.0000000000 5028.0000000000 5028.0000000000
753 5049.0000000000 5049.0000000000 5049.0000000000 5049.0000000000
1370 5050.0000000000 5050.0000000000 5050.0000000000 5050.0000000000
100001 4936.0000000000 5050.0000000000 4936.0000000000 5050.0000000000
"function evaluation" "current f(x)" "best-so-far f(x)" "current af(x)+b" "best af(x)+b"
1 2455.0000000000 2455.0000000000 2455.0000000000 2455.0000000000
2 2522.0000000000 2522.0000000000 2522.0000000000 2522.0000000000
5 2545.0000000000 2545.0000000000 2545.0000000000 2545.0000000000
8 2566.0000000000 2566.0000000000 2566.0000000000 2566.0000000000
13 2655.0000000000 2655.0000000000 2655.0000000000 2655.0000000000
21 2786.0000000000 2786.0000000000 2786.0000000000 2786.0000000000
24 2884.0000000000 2884.0000000000 2884.0000000000 2884.0000000000
26 2936.0000000000 2936.0000000000 2936.0000000000 2936.0000000000
29 3099.0000000000 3099.0000000000 3099.0000000000 3099.0000000000
31 3230.0000000000 3230.0000000000 3230.0000000000 3230.0000000000
36 3280.0000000000 3280.0000000000 3280.0000000000 3280.0000000000
41 3352.0000000000 3352.0000000000 3352.0000000000 3352.0000000000
45 3353.0000000000 3353.0000000000 3353.0000000000 3353.0000000000
46 3444.0000000000 3444.0000000000 3444.0000000000 3444.0000000000
47 3450.0000000000 3450.0000000000 3450.0000000000 3450.0000000000
49 3458.0000000000 3458.0000000000 3458.0000000000 3458.0000000000
54 3536.0000000000 3536.0000000000 3536.0000000000 3536.0000000000
55 3602.0000000000 3602.0000000000 3602.0000000000 3602.0000000000
59 3701.0000000000 3701.0000000000 3701.0000000000 3701.0000000000
71 3780.0000000000 3780.0000000000 3780.0000000000 3780.0000000000
79 3834.0000000000 3834.0000000000 3834.0000000000 3834.0000000000
88 3890.0000000000 3890.0000000000 3890.0000000000 3890.0000000000
91 3949.0000000000 3949.0000000000 3949.0000000000 3949.0000000000
96 3963.0000000000 3963.0000000000 3963.0000000000 3963.0000000000
101 3986.0000000000 3986.0000000000 3986.0000000000 3986.0000000000
102 4034.0000000000 4034.0000000000 4034.0000000000 4034.0000000000
104 4035.0000000000 4035.0000000000 4035.0000000000 4035.0000000000
111 4049.0000000000 4049.0000000000 4049.0000000000 4049.0000000000
117 4055.0000000000 4055.0000000000 4055.0000000000 4055.0000000000
118 4112.0000000000 4112.0000000000 4112.0000000000 4112.0000000000
122 4173.0000000000 4173.0000000000 4173.0000000000 4173.0000000000
127 4183.0000000000 4183.0000000000 4183.0000000000 4183.0000000000
134 4233.0000000000 4233.0000000000 4233.0000000000 4233.0000000000
144 4234.0000000000 4234.0000000000 4234.0000000000 4234.0000000000
149 4333.0000000000 4333.0000000000 4333.0000000000 4333.0000000000
168 4347.0000000000 4347.0000000000 4347.0000000000 4347.0000000000
202 4406.0000000000 4406.0000000000 4406.0000000000 4406.0000000000
213 4421.0000000000 4421.0000000000 4421.0000000000 4421.0000000000
223 4517.0000000000 4517.0000000000 4517.0000000000 4517.0000000000
253 4562.0000000000 4562.0000000000 4562.0000000000 4562.0000000000
260 4587.0000000000 4587.0000000000 4587.0000000000 4587.0000000000
305 4617.0000000000 4617.0000000000 4617.0000000000 4617.0000000000
311 4630.0000000000 4630.0000000000 4630.0000000000 4630.0000000000
314 4648.0000000000 4648.0000000000 4648.0000000000 4648.0000000000
344 4658.0000000000 4658.0000000000 4658.0000000000 4658.0000000000
362 4732.0000000000 4732.0000000000 4732.0000000000 4732.0000000000
363 4789.0000000000 4789.0000000000 4789.0000000000 4789.0000000000
414 4833.0000000000 4833.0000000000 4833.0000000000 4833.0000000000
417 4872.0000000000 4872.0000000000 4872.0000000000 4872.0000000000
424 4913.0000000000 4913.0000000000 4913.0000000000 4913.0000000000
534 4935.0000000000 4935.0000000000 4935.0000000000 4935.0000000000
591 4942.0000000000 4942.0000000000 4942.0000000000 4942.0000000000
660 4945.0000000000 4945.0000000000 4945.0000000000 4945.0000000000
673 4948.0000000000 4948.0000000000 4948.0000000000 4948.0000000000
746 5018.0000000000 5018.0000000000 5018.0000000000 5018.0000000000
948 5024.0000000000 5024.0000000000 5024.0000000000 5024.0000000000
1106 5045.0000000000 5045.0000000000 5045.0000000000 5045.0000000000
1699 5050.0000000000 5050.0000000000 5050.0000000000 5050.0000000000
100001 5050.0000000000 5050.0000000000 5050.0000000000 5050.0000000000
"function evaluation" "current f(x)" "best-so-far f(x)" "current af(x)+b" "best af(x)+b"
1 2805.0000000000 2805.0000000000 2805.0000000000 2805.0000000000
2 2903.0000000000 2903.0000000000 2903.0000000000 2903.0000000000
5 2960.0000000000 2960.0000000000 2960.0000000000 2960.0000000000
6 2994.0000000000 2994.0000000000 2994.0000000000 2994.0000000000
12 3086.0000000000 3086.0000000000 3086.0000000000 3086.0000000000
14 3092.0000000000 3092.0000000000 3092.0000000000 3092.0000000000
20 3175.0000000000 3175.0000000000 3175.0000000000 3175.0000000000
21 3264.0000000000 3264.0000000000 3264.0000000000 3264.0000000000
25 3302.0000000000 3302.0000000000 3302.0000000000 3302.0000000000
42 3319.0000000000 3319.0000000000 3319.0000000000 3319.0000000000
43 3348.0000000000 3348.0000000000 3348.0000000000 3348.0000000000
49 3355.0000000000 3355.0000000000 3355.0000000000 3355.0000000000
56 3357.0000000000 3357.0000000000 3357.0000000000 3357.0000000000
60 3387.0000000000 3387.0000000000 3387.0000000000 3387.0000000000
61 3416.0000000000 3416.0000000000 3416.0000000000 3416.0000000000
64 3419.0000000000 3419.0000000000 3419.0000000000 3419.0000000000
76 3448.0000000000 3448.0000000000 3448.0000000000 3448.0000000000
78 3449.0000000000 3449.0000000000 3449.0000000000 3449.0000000000
82 3472.0000000000 3472.0000000000 3472.0000000000 3472.0000000000
83 3550.0000000000 3550.0000000000 3550.0000000000 3550.0000000000
85 3552.0000000000 3552.0000000000 3552.0000000000 3552.0000000000
93 3623.0000000000 3623.0000000000 3623.0000000000 3623.0000000000
97 3720.0000000000 3720.0000000000 3720.0000000000 3720.0000000000
102 3749.0000000000 3749.0000000000 3749.0000000000 3749.0000000000
103 3800.0000000000 3800.0000000000 3800.0000000000 3800.0000000000
106 3811.0000000000 3811.0000000000 3811.0000000000 3811.0000000000
107 3846.0000000000 3846.0000000000 3846.0000000000 3846.0000000000
114 3987.0000000000 3987.0000000000 3987.0000000000 3987.0000000000
115 3993.0000000000 3993.0000000000 3993.0000000000 3993.0000000000
118 4009.0000000000 4009.0000000000 4009.0000000000 4009.0000000000
121 4039.0000000000 4039.0000000000 4039.0000000000 4039.0000000000
140 4063.0000000000 4063.0000000000 4063.0000000000 4063.0000000000
145 4085.0000000000 4085.0000000000 4085.0000000000 4085.0000000000
152 4122.0000000000 4122.0000000000 4122.0000000000 4122.0000000000
153 4169.0000000000 4169.0000000000 4169.0000000000 4169.0000000000
160 4184.0000000000 4184.0000000000 4184.0000000000 4184.0000000000
161 4237.0000000000 4237.0000000000 4237.0000000000 4237.0000000000
173 4272.0000000000 4272.0000000000 4272.0000000000 4272.0000000000
181 4361.0000000000 4361.0000000000 4361.0000000000 4361.0000000000
195 4388.0000000000 4388.0000000000 4388.0000000000 4388.0000000000
198 4431.0000000000 4431.0000000000 4431.0000000000 4431.0000000000
200 4462.0000000000 4462.0000000000 4462.0000000000 4462.0000000000
203 4531.0000000000 4531.0000000000 4531.0000000000 4531.0000000000
206 4626.0000000000 4626.0000000000 4626.0000000000 4626.0000000000
209 4683.0000000000 4683.0000000000 4683.0000000000 4683.0000000000
269 4702.0000000000 4702.0000000000 4702.0000000000 4702.0000000000
289 4722.0000000000 4722.0000000000 4722.0000000000 4722.0000000000
296 4776.0000000000 4776.0000000000 4776.0000000000 4776.0000000000
312 4805.0000000000 4805.0000000000 4805.0000000000 4805.0000000000
319 4845.0000000000 4845.0000000000 4845.0000000000 4845.0000000000
345 4859.0000000000 4859.0000000000 4859.0000000000 4859.0000000000
351 4863.0000000000 4863.0000000000 4863.0000000000 4863.0000000000
355 4889.0000000000 4889.0000000000 4889.0000000000 4889.0000000000
408 4913.0000000000 4913.0000000000 4913.0000000000 4913.0000000000
461 4920.0000000000 4920.0000000000 4920.0000000000 4920.0000000000
580 4965.0000000000 4965.0000000000 4965.0000000000 4965.0000000000
661 4970.0000000000 4970.0000000000 4970.0000000000 4970.0000000000
700 4979.0000000000 4979.0000000000 4979.0000000000 4979.0000000000
1016 4980.0000000000 4980.0000000000 4980.0000000000 4980.0000000000
1155 5022.0000000000 5022.0000000000 5022.0000000000 5022.0000000000
1309 5031.0000000000 5031.0000000000 5031.0000000000 5031.0000000000
1363 5050.0000000000 5050.0000000000 5050.0000000000 5050.0000000000
100001 4928.0000000000 5050.0000000000 4928.0000000000 5050.0000000000
"function evaluation" "current f(x)" "best-so-far f(x)" "current af(x)+b" "best af(x)+b"
1 2371.0000000000 2371.0000000000 2371.0000000000 2371.0000000000
2 2411.0000000000 2411.0000000000 2411.0000000000 2411.0000000000
3 2499.0000000000 2499.0000000000 2499.0000000000 2499.0000000000
8 2554.0000000000 2554.0000000000 2554.0000000000 2554.0000000000
10 2577.0000000000 2577.0000000000 2577.0000000000 2577.0000000000
11 2639.0000000000 2639.0000000000 2639.0000000000 2639.0000000000
17 2681.0000000000 2681.0000000000 2681.0000000000 2681.0000000000
21 2779.0000000000 2779.0000000000 2779.0000000000 2779.0000000000
22 2825.0000000000 2825.0000000000 2825.0000000000 2825.0000000000
23 2844.0000000000 2844.0000000000 2844.0000000000 2844.0000000000
24 2853.0000000000 2853.0000000000 2853.0000000000 2853.0000000000
26 2945.0000000000 2945.0000000000 2945.0000000000 2945.0000000000
29 2974.0000000000 2974.0000000000 2974.0000000000 2974.0000000000
33 3022.0000000000 3022.0000000000 3022.0000000000 3022.0000000000
34 3032.0000000000 3032.0000000000 3032.0000000000 3032.0000000000
36 3087.0000000000 3087.0000000000 3087.0000000000 3087.0000000000
38 3167.0000000000 3167.0000000000 3167.0000000000 3167.0000000000
41 3249.0000000000 3249.0000000000 3249.0000000000 3249.0000000000
42 3338.0000000000 3338.0000000000 3338.0000000000 3338.0000000000
46 3388.0000000000 3388.0000000000 3388.0000000000 3388.0000000000
49 3444.0000000000 3444.0000000000 3444.0000000000 3444.0000000000
50 3510.0000000000 3510.0000000000 3510.0000000000 3510.0000000000
58 3594.0000000000 3594.0000000000 3594.0000000000 3594.0000000000
59 3666.0000000000 3666.0000000000 3666.0000000000 3666.0000000000
60 3672.0000000000 3672.0000000000 3672.0000000000 3672.0000000000
68 3710.0000000000 3710.0000000000 3710.0000000000 3710.0000000000
75 3741.0000000000 3741.0000000000 3741.0000000000 3741.0000000000
76 3823.0000000000 3823.0000000000 3823.0000000000 3823.0000000000
84 3891.0000000000 3891.0000000000 3891.0000000000 3891.0000000000
85 3914.0000000000 3914.0000000000 3914.0000000000 3914.0000000000
120 3930.0000000000 3930.0000000000 3930.0000000000 3930.0000000000
122 3949.0000000000 3949.0000000000 3949.0000000000 3949.0000000000
125 4036.0000000000 4036.0000000000 4036.0000000000 4036.0000000000
131 4064.0000000000 4064.0000000000 4064.0000000000 4064.0000000000
134 4107.0000000000 4107.0000000000 4107.0000000000 4107.0000000000
138 4165.0000000000 4165.0000000000 4165.0000000000 4165.0000000000
141 4264.0000000000 4264.0000000000 4264.0000000000 4264.0000000000
171 4332.0000000000 4332.0000000000 4332.0000000000 4332.0000000000
175 4357.0000000000 4357.0000000000 4357.0000000000 4357.0000000000
186 4362.0000000000 4362.0000000000 4362.0000000000 4362.0000000000
194 4443.0000000000 4443.0000000000 4443.0000000000 4443.0000000000
219 4467.0000000000 4467.0000000000 4467.0000000000 4467.0000000000
243 4475.0000000000 4475.0000000000 4475.0000000000 4475.0000000000
278 4569.0000000000 4569.0000000000 4569.0000000000 4569.0000000000
288 4602.0000000000 4602.0000000000 4602.0000000000 4602.0000000000
292 4647.0000000000 4647.0000000000 4647.0000000000 4647.0000000000
321 4683.0000000000 4683.0000000000 4683.0000000000 4683.0000000000
332 4735.0000000000 4735.0000000000 4735.0000000000 4735.0000000000
343 4753.0000000000 4753.0000000000 4753.0000000000 4753.0000000000
348 4810.0000000000 4810.0000000000 4810.0000000000 4810.0000000000
371 4811.0000000000 4811.0000000000 4811.0000000000 4811.0000000000
373 4822.0000000000 4822.0000000000 4822.0000000000 4822.0000000000
375 4825.0000000000 4825.0000000000 4825.0000000000 4825.0000000000
377 4904.0000000000 4904.0000000000 4904.0000000000 4904.0000000000
407 4934.0000000000 4934.0000000000 4934.0000000000 4934.0000000000
426 4985.0000000000 4985.0000000000 4985.0000000000 4985.0000000000
529 5003.0000000000 5003.0000000000 5003.0000000000 5003.0000000000
740 5018.0000000000 5018.0000000000 5018.0000000000 5018.0000000000
902 5050.0000000000 5050.0000000000 5050.0000000000 5050.0000000000
100001 5050.0000000000 5050.0000000000 5050.0000000000 5050.0000000000
