"function evaluation" "current f(x)" "best-so-far f(x)" "current af(x)+b" "best af(x)+b"
1 0.9416195857 0.9416195857 0.9416195857 0.9416195857
2 1.2153621779 1.2153621779 1.2153621779 1.2153621779
5 1.2840267078 1.2840267078 1.2840267078 1.2840267078
10 1.4628437683 1.4628437683 1.4628437683 1.4628437683
11 1.4714537964 1.4714537964 1.4714537964 1.4714537964
12 1.6056518947 1.6056518947 1.6056518947 1.6056518947
16 1.7568517217 1.7568517217 1.7568517217 1.7568517217
19 1.9040365575 1.9040365575 1.9040365575 1.9040365575
25 1.9305019305 1.9305019305 1.9305019305 1.9305019305
30 2.0475020475 2.0475020475 2.0475020475 2.0475020475
33 2.1720243267 2.1720243267 2.1720243267 2.1720243267
34 2.3386342376 2.3386342376 2.3386342376 2.3386342376
36 2.5432349949 2.5432349949 2.5432349949 2.5432349949
45 2.8901734104 2.8901734104 2.8901734104 2.8901734104
89 2.9515938607 2.9515938607 2.9515938607 2.9515938607
91 3.0450669915 3.0450669915 3.0450669915 3.0450669915
132 3.1289111389 3.1289111389 3.1289111389 3.1289111389
135 3.3025099075 3.3025099075 3.3025099075 3.3025099075
222 3.3467202142 3.3467202142 3.3467202142 3.3467202142
235 3.4674063800 3.4674063800 3.4674063800 3.4674063800
319 3.4965034965 3.4965034965 3.4965034965 3.4965034965
341 3.8759689922 3.8759689922 3.8759689922 3.8759689922
100001 2.8702640643 3.8759689922 2.8702640643 3.8759689922
"function evaluation" "current f(x)" "best-so-far f(x)" "current af(x)+b" "best af(x)+b"
1 1.5309246785 1.5309246785 1.5309246785 1.5309246785
6 1.5752993069 1.5752993069 1.5752993069 1.5752993069
11 1.6139444803 1.6139444803 1.6139444803 1.6139444803
12 1.6812373907 1.6812373907 1.6812373907 1.6812373907
15 1.7111567420 1.7111567420 1.7111567420 1.7111567420
16 1.7768301350 1.7768301350 1.7768301350 1.7768301350
25 1.7895490336 1.7895490336 1.7895490336 1.7895490336
30 1.8395879323 1.8395879323 1.8395879323 1.8395879323
31 2.0610057708 2.0610057708 2.0610057708 2.0610057708
32 2.1349274125 2.1349274125 2.1349274125 2.1349274125
37 2.2143489814 2.2143489814 2.2143489814 2.2143489814
46 2.4061597690 2.4061597690 2.4061597690 2.4061597690
56 2.5693730730 2.5693730730 2.5693730730 2.5693730730
77 2.8702640643 2.8702640643 2.8702640643 2.8702640643
144 2.9171528588 2.9171528588 2.9171528588 2.9171528588
152 2.9239766082 2.9239766082 2.9239766082 2.9239766082
157 2.9868578256 2.9868578256 2.9868578256 2.9868578256
158 3.0084235860 3.0084235860 3.0084235860 3.0084235860
162 3.0902348578 3.0902348578 3.0902348578 3.0902348578
169 3.1289111389 3.1289111389 3.1289111389 3.1289111389
173 3.4482758621 3.4482758621 3.4482758621 3.4482758621
349 3.5360678925 3.5360678925 3.5360678925 3.5360678925
100001 3.3200531208 3.5360678925 3.3200531208 3.5360678925
"function evaluation" "current f(x)" "best-so-far f(x)" "current af(x)+b" "best af(x)+b"
1 1.1698642957 1.1698642957 1.1698642957 1.1698642957
5 1.2236906510 1.2236906510 1.2236906510 1.2236906510
6 1.2518778167 1.2518778167 1.2518778167 1.2518778167
10 1.3276686139 1.3276686139 1.3276686139 1.3276686139
12 1.3668671405 1.3668671405 1.3668671405 1.3668671405
13 1.4611338399 1.4611338399 1.4611338399 1.4611338399
15 1.5576323988 1.5576323988 1.5576323988 1.5576323988
18 1.6118633140 1.6118633140 1.6118633140 1.6118633140
24 1.6350555919 1.6350555919 1.6350555919 1.6350555919
28 1.6545334216 1.6545334216 1.6545334216 1.6545334216
29 1.9700551615 1.9700551615 1.9700551615 1.9700551615
35 2.0712510356 2.0712510356 2.0712510356 2.0712510356
36 2.1168501270 2.1168501270 2.1168501270 2.1168501270
37 2.1276595745 2.1276595745 2.1276595745 2.1276595745
47 2.2065313327 2.2065313327 2.2065313327 2.2065313327
50 2.2999080037 2.2999080037 2.2999080037 2.2999080037
57 2.5588536336 2.5588536336 2.5588536336 2.5588536336
68 2.5746652935 2.5746652935 2.5746652935 2.5746652935
71 2.6343519494 2.6343519494 2.6343519494 2.6343519494
75 2.6399155227 2.6399155227 2.6399155227 2.6399155227
98 2.8121484814 2.8121484814 2.8121484814 2.8121484814
100 2.9239766082 2.9239766082 2.9239766082 2.9239766082
101 3.0902348578 3.0902348578 3.0902348578 3.0902348578
102 3.3112582781 3.3112582781 3.3112582781 3.3112582781
160 3.7147102526 3.7147102526 3.7147102526 3.7147102526
167 3.7707390649 3.7707390649 3.7707390649 3.7707390649
254 3.9001560062 3.9001560062 3.9001560062 3.9001560062
311 3.9123630673 3.9123630673 3.9123630673 3.9123630673
328 4.3029259897 4.3029259897 4.3029259897 4.3029259897
100001 4.0128410915 4.3029259897 4.0128410915 4.3029259897
"function evaluation" "current f(x)" "best-so-far f(x)" "current af(x)+b" "best af(x)+b"
1 0.9345794393 0.9345794393 0.9345794393 0.9345794393
3 0.9394964299 0.9394964299 0.9394964299 0.9394964299
6 1.0334849111 1.0334849111 1.0334849111 1.0334849111
7 1.1462631820 1.1462631820 1.1462631820 1.1462631820
11 1.2919896641 1.2919896641 1.2919896641 1.2919896641
12 1.4037057833 1.4037057833 1.4037057833 1.4037057833
14 1.4343086632 1.4343086632 1.4343086632 1.4343086632
16 1.5124016939 1.5124016939 1.5124016939 1.5124016939
17 1.6118633140 1.6118633140 1.6118633140 1.6118633140
22 1.8050541516 1.8050541516 1.8050541516 1.8050541516
32 2.1276595745 2.1276595745 2.1276595745 2.1276595745
48 2.2381378693 2.2381378693 2.2381378693 2.2381378693
53 2.2831050228 2.2831050228 2.2831050228 2.2831050228
69 2.2956841139 2.2956841139 2.2956841139 2.2956841139
89 2.3342670401 2.3342670401 2.3342670401 2.3342670401
101 2.3474178404 2.3474178404 2.3474178404 2.3474178404
157 2.3786869648 2.3786869648 2.3786869648 2.3786869648
169 2.4108003857 2.4108003857 2.4108003857 2.4108003857
174 2.4248302619 2.4248302619 2.4248302619 2.4248302619
181 2.4485798237 2.4485798237 2.4485798237 2.4485798237
184 2.5536261491 2.5536261491 2.5536261491 2.5536261491
197 2.6455026455 2.6455026455 2.6455026455 2.6455026455
208 2.6511134677 2.6511134677 2.6511134677 2.6511134677
268 2.7262813522 2.7262813522 2.7262813522 2.7262813522
276 2.7442371021 2.7442371021 2.7442371021 2.7442371021
321 3.2175032175 3.2175032175 3.2175032175 3.2175032175
334 3.2594524120 3.2594524120 3.2594524120 3.2594524120
337 3.2679738562 3.2679738562 3.2679738562 3.2679738562
343 3.3467202142 3.3467202142 3.3467202142 3.3467202142
478 3.6496350365 3.6496350365 3.6496350365 3.6496350365
513 3.7257824143 3.7257824143 3.7257824143 3.7257824143
514 3.8520801233 3.8520801233 3.8520801233 3.8520801233
524 3.8880248834 3.8880248834 3.8880248834 3.8880248834
534 4.0000000000 4.0000000000 4.0000000000 4.0000000000
592 4.4091710758 4.4091710758 4.4091710758 4.4091710758
595 4.4247787611 4.4247787611 4.4247787611 4.4247787611
710 4.5045045045 4.5045045045 4.5045045045 4.5045045045
100001 3.4867503487 4.5045045045 3.4867503487 4.5045045045
"function evaluation" "current f(x)" "best-so-far f(x)" "current af(x)+b" "best af(x)+b"
1 1.1348161598 1.1348161598 1.1348161598 1.1348161598
2 1.2036591237 1.2036591237 1.2036591237 1.2036591237
8 1.2840267078 1.2840267078 1.2840267078 1.2840267078
10 1.4037057833 1.4037057833 1.4037057833 1.4037057833
15 1.4212620807 1.4212620807 1.4212620807 1.4212620807
17 1.4766686356 1.4766686356 1.4766686356 1.4766686356
18 1.4997000600 1.4997000600 1.4997000600 1.4997000600
25 1.5460729746 1.5460729746 1.5460729746 1.5460729746
32 1.7229496899 1.7229496899 1.7229496899 1.7229496899
34 1.8754688672 1.8754688672 1.8754688672 1.8754688672
46 1.9245573518 1.9245573518 1.9245573518 1.9245573518
47 2.0542317173 2.0542317173 2.0542317173 2.0542317173
49 2.1349274125 2.1349274125 2.1349274125 2.1349274125
55 2.1459227468 2.1459227468 2.1459227468 2.1459227468
57 2.3342670401 2.3342670401 2.3342670401 2.3342670401
58 2.3474178404 2.3474178404 2.3474178404 2.3474178404
62 2.4437927664 2.4437927664 2.4437927664 2.4437927664
63 2.5278058645 2.5278058645 2.5278058645 2.5278058645
64 2.5641025641 2.5641025641 2.5641025641 2.5641025641
87 2.5693730730 2.5693730730 2.5693730730 2.5693730730
102 2.5746652935 2.5746652935 2.5746652935 2.5746652935
122 2.5906735751 2.5906735751 2.5906735751 2.5906735751
156 2.7085590466 2.7085590466 2.7085590466 2.7085590466
159 2.8636884307 2.8636884307 2.8636884307 2.8636884307
204 2.9655990510 2.9655990510 2.9655990510 2.9655990510
232 3.0156815440 3.0156815440 3.0156815440 3.0156815440
282 3.0826140567 3.0826140567 3.0826140567 3.0826140567
288 3.1210986267 3.1210986267 3.1210986267 3.1210986267
299 3.1605562579 3.1605562579 3.1605562579 3.1605562579
559 3.2509752926 3.2509752926 3.2509752926 3.2509752926
100001 2.6968716289 3.2509752926 2.6968716289 3.2509752926
"function evaluation" "current f(x)" "best-so-far f(x)" "current af(x)+b" "best af(x)+b"
1 0.7487271638 0.7487271638 0.7487271638 0.7487271638
2 0.7704160247 0.7704160247 0.7704160247 0.7704160247
4 0.8599931201 0.8599931201 0.8599931201 0.8599931201
6 0.8812125485 0.8812125485 0.8812125485 0.8812125485
7 0.8996041742 0.8996041742 0.8996041742 0.8996041742
8 0.9201324991 0.9201324991 0.9201324991 0.9201324991
9 0.9723842863 0.9723842863 0.9723842863 0.9723842863
10 1.1135857461 1.1135857461 1.1135857461 1.1135857461
11 1.1978917106 1.1978917106 1.1978917106 1.1978917106
13 1.2224938875 1.2224938875 1.2224938875 1.2224938875
16 1.3653741125 1.3653741125 1.3653741125 1.3653741125
18 1.4326647564 1.4326647564 1.4326647564 1.4326647564
19 1.6414970453 1.6414970453 1.6414970453 1.6414970453
22 1.7397355602 1.7397355602 1.7397355602 1.7397355602
23 1.7972681524 1.7972681524 1.7972681524 1.7972681524
24 1.8477457502 1.8477457502 1.8477457502 1.8477457502
27 1.9731649566 1.9731649566 1.9731649566 1.9731649566
42 2.1097046414 2.1097046414 2.1097046414 2.1097046414
51 2.1720243267 2.1720243267 2.1720243267 2.1720243267
64 2.2789425706 2.2789425706 2.2789425706 2.2789425706
85 2.3169601483 2.3169601483 2.3169601483 2.3169601483
96 2.3562676720 2.3562676720 2.3562676720 2.3562676720
158 2.4437927664 2.4437927664 2.4437927664 2.4437927664
167 2.7624309392 2.7624309392 2.7624309392 2.7624309392
190 2.9940119760 2.9940119760 2.9940119760 2.9940119760
266 3.0902348578 3.0902348578 3.0902348578 3.0902348578
292 3.1766200762 3.1766200762 3.1766200762 3.1766200762
681 3.2175032175 3.2175032175 3.2175032175 3.2175032175
808 3.2425421530 3.2425421530 3.2425421530 3.2425421530
100001 2.4485798237 3.2425421530 2.4485798237 3.2425421530
"function evaluation" "current f(x)" "best-so-far f(x)" "current af(x)+b" "best af(x)+b"
1 1.1165698973 1.1165698973 1.1165698973 1.1165698973
3 1.1590171535 1.1590171535 1.1590171535 1.1590171535
5 1.1865211201 1.1865211201 1.1865211201 1.1865211201
6 1.1944577162 1.1944577162 1.1944577162 1.1944577162
7 1.2260912212 1.2260912212 1.2260912212 1.2260912212
11 1.3290802764 1.3290802764 1.3290802764 1.3290802764
12 1.4116318464 1.4116318464 1.4116318464 1.4116318464
13 1.4492753623 1.4492753623 1.4492753623 1.4492753623
17 1.4509576320 1.4509576320 1.4509576320 1.4509576320
18 1.5160703457 1.5160703457 1.5160703457 1.5160703457
21 1.6329196604 1.6329196604 1.6329196604 1.6329196604
24 1.8050541516 1.8050541516 1.8050541516 1.8050541516
27 1.8395879323 1.8395879323 1.8395879323 1.8395879323
32 1.8642803878 1.8642803878 1.8642803878 1.8642803878
33 1.9794140934 1.9794140934 1.9794140934 1.9794140934
37 1.9952114924 1.9952114924 1.9952114924 1.9952114924
39 1.9984012790 1.9984012790 1.9984012790 1.9984012790
43 2.0408163265 2.0408163265 2.0408163265 2.0408163265
51 2.0712510356 2.0712510356 2.0712510356 2.0712510356
53 2.2624434389 2.2624434389 2.2624434389 2.2624434389
56 2.3786869648 2.3786869648 2.3786869648 2.3786869648
63 2.4777006938 2.4777006938 2.4777006938 2.4777006938
74 2.7203482046 2.7203482046 2.7203482046 2.7203482046
112 2.8901734104 2.8901734104 2.8901734104 2.8901734104
137 2.9515938607 2.9515938607 2.9515938607 2.9515938607
165 3.0012004802 3.0012004802 3.0012004802 3.0012004802
166 3.0826140567 3.0826140567 3.0826140567 3.0826140567
198 3.1685678074 3.1685678074 3.1685678074 3.1685678074
214 3.3288948069 3.3288948069 3.3288948069 3.3288948069
100001 2.9726516052 3.3288948069 2.9726516052 3.3288948069
"function evaluation" "current f(x)" "best-so-far f(x)" "current af(x)+b" "best af(x)+b"
1 0.9087604507 0.9087604507 0.9087604507 0.9087604507
3 0.9656237930 0.9656237930 0.9656237930 0.9656237930
10 1.0334849111 1.0334849111 1.0334849111 1.0334849111
12 1.1358473421 1.1358473421 1.1358473421 1.1358473421
14 1.2357884330 1.2357884330 1.2357884330 1.2357884330
21 1.2722646310 1.2722646310 1.2722646310 1.2722646310
22 1.2866700978 1.2866700978 1.2866700978 1.2866700978
23 1.2960082945 1.2960082945 1.2960082945 1.2960082945
24 1.4310246136 1.4310246136 1.4310246136 1.4310246136
29 1.5460729746 1.5460729746 1.5460729746 1.5460729746
30 1.6202203500 1.6202203500 1.6202203500 1.6202203500
31 1.6436554898 1.6436554898 1.6436554898 1.6436554898
42 1.8559762435 1.8559762435 1.8559762435 1.8559762435
43 1.8867924528 1.8867924528 1.8867924528 1.8867924528
45 2.0112630732 2.0112630732 2.0112630732 2.0112630732
48 2.0210185934 2.0210185934 2.0210185934 2.0210185934
50 2.0374898126 2.0374898126 2.0374898126 2.0374898126
54 2.1682567216 2.1682567216 2.1682567216 2.1682567216
55 2.2341376229 2.2341376229 2.2341376229 2.2341376229
56 2.3562676720 2.3562676720 2.3562676720 2.3562676720
63 2.3607176582 2.3607176582 2.3607176582 2.3607176582
69 2.4295432459 2.4295432459 2.4295432459 2.4295432459
80 2.6068821689 2.6068821689 2.6068821689 2.6068821689
88 2.6123301985 2.6123301985 2.6123301985 2.6123301985
90 2.6178010471 2.6178010471 2.6178010471 2.6178010471
100 2.6343519494 2.6343519494 2.6343519494 2.6343519494
106 2.6624068158 2.6624068158 2.6624068158 2.6624068158
139 2.6680896478 2.6680896478 2.6680896478 2.6680896478
213 2.7442371021 2.7442371021 2.7442371021 2.7442371021
221 2.7870680045 2.7870680045 2.7870680045 2.7870680045
229 2.8702640643 2.8702640643 2.8702640643 2.8702640643
264 3.4482758621 3.4482758621 3.4482758621 3.4482758621
272 3.4770514604 3.4770514604 3.4770514604 3.4770514604
323 3.6710719530 3.6710719530 3.6710719530 3.6710719530
367 3.6818851252 3.6818851252 3.6818851252 3.6818851252
100001 2.8901734104 3.6818851252 2.8901734104 3.6818851252
"function evaluation" "current f(x)" "best-so-far f(x)" "current af(x)+b" "best af(x)+b"
1 0.7210845111 0.7210845111 0.7210845111 0.7210845111
3 0.8030838420 0.8030838420 0.8030838420 0.8030838420
5 0.8576329331 0.8576329331 0.8576329331 0.8576329331
6 0.9366804046 0.9366804046 0.9366804046 0.9366804046
8 1.0490977759 1.0490977759 1.0490977759 1.0490977759
9 1.0845986985 1.0845986985 1.0845986985 1.0845986985
12 1.2285012285 1.2285012285 1.2285012285 1.2285012285
15 1.3462574044 1.3462574044 1.3462574044 1.3462574044
16 1.3535462913 1.3535462913 1.3535462913 1.3535462913
17 1.5234613041 1.5234613041 1.5234613041 1.5234613041
21 1.5290519878 1.5290519878 1.5290519878 1.5290519878
24 1.5309246785 1.5309246785 1.5309246785 1.5309246785
25 1.6545334216 1.6545334216 1.6545334216 1.6545334216
33 1.7064846416 1.7064846416 1.7064846416 1.7064846416
34 1.8024513338 1.8024513338 1.8024513338 1.8024513338
35 1.9394879752 1.9394879752 1.9394879752 1.9394879752
48 1.9607843137 1.9607843137 1.9607843137 1.9607843137
51 2.0275750203 2.0275750203 2.0275750203 2.0275750203
56 2.2104332449 2.2104332449 2.2104332449 2.2104332449
63 2.2222222222 2.2222222222 2.2222222222 2.2222222222
70 2.2747952684 2.2747952684 2.2747952684 2.2747952684
72 2.6680896478 2.6680896478 2.6680896478 2.6680896478
74 2.8058361392 2.8058361392 2.8058361392 2.8058361392
88 3.0012004802 3.0012004802 3.0012004802 3.0012004802
100001 2.4925224327 3.0012004802 2.4925224327 3.0012004802
"function evaluation" "current f(x)" "best-so-far f(x)" "current af(x)+b" "best af(x)+b"
1 0.8465966813 0.8465966813 0.8465966813 0.8465966813
2 0.9276437848 0.9276437848 0.9276437848 0.9276437848
3 1.0044194456 1.0044194456 1.0044194456 1.0044194456
6 1.0893246187 1.0893246187 1.0893246187 1.0893246187
8 1.2543903663 1.2543903663 1.2543903663 1.2543903663
9 1.4543339151 1.4543339151 1.4543339151 1.4543339151
11 1.5271838729 1.5271838729 1.5271838729 1.5271838729
15 1.6812373907 1.6812373907 1.6812373907 1.6812373907
19 1.7743080199 1.7743080199 1.7743080199 1.7743080199
22 1.9731649566 1.9731649566 1.9731649566 1.9731649566
28 1.9952114924 1.9952114924 1.9952114924 1.9952114924
35 2.2914757104 2.2914757104 2.2914757104 2.2914757104
37 2.3126734505 2.3126734505 2.3126734505 2.3126734505
48 2.3696682464 2.3696682464 2.3696682464 2.3696682464
54 2.4390243902 2.4390243902 2.4390243902 2.4390243902
57 2.4437927664 2.4437927664 2.4437927664 2.4437927664
61 2.4975024975 2.4975024975 2.4975024975 2.4975024975
72 2.5960539979 2.5960539979 2.5960539979 2.5960539979
77 2.7746947836 2.7746947836 2.7746947836 2.7746947836
96 2.7808676307 2.7808676307 2.7808676307 2.7808676307
173 2.9036004646 2.9036004646 2.9036004646 2.9036004646
178 2.9655990510 2.9655990510 2.9655990510 2.9655990510
200 3.0902348578 3.0902348578 3.0902348578 3.0902348578
232 3.1289111389 3.1289111389 3.1289111389 3.1289111389
246 3.1367628607 3.1367628607 3.1367628607 3.1367628607
275 3.1605562579 3.1605562579 3.1605562579 3.1605562579
293 3.1685678074 3.1685678074 3.1685678074 3.1685678074
298 3.1928480204 3.1928480204 3.1928480204 3.1928480204
306 3.3921302578 3.3921302578 3.3921302578 3.3921302578
363 3.9872408293 3.9872408293 3.9872408293 3.9872408293
100001 2.8376844495 3.9872408293 2.8376844495 3.9872408293
