evaluations raw_y
1 0.0000000000
2 1.0000000000
4 3.0000000000
106 4.0000000000
207 6.0000000000
309 8.0000000000
411 11.0000000000
514 12.0000000000
615 17.0000000000
720 18.0000000000
821 20.0000000000
923 21.0000000000
1024 22.0000000000
1125 23.0000000000
1226 29.0000000000
1332 31.0000000000
1434 33.0000000000
1536 34.0000000000
1637 37.0000000000
1740 38.0000000000
1841 39.0000000000
1942 41.0000000000
2044 42.0000000000
2145 48.0000000000
2251 50.0000000000
2353 51.0000000000
2454 52.0000000000
2555 53.0000000000
2656 54.0000000000
2757 67.0000000000
2870 69.0000000000
2972 70.0000000000
3073 71.0000000000
3174 72.0000000000
3275 74.0000000000
3377 75.0000000000
3478 77.0000000000
3580 79.0000000000
3682 80.0000000000
3783 83.0000000000
3886 85.0000000000
3988 86.0000000000
4089 87.0000000000
4190 89.0000000000
4292 90.0000000000
4393 93.0000000000
4496 94.0000000000
4597 95.0000000000
4698 98.0000000000
4801 99.0000000000
4902 100.0000000000
103531 99.0000000000
evaluations raw_y
1 0.0000000000
2 1.0000000000
4 2.0000000000
105 3.0000000000
206 4.0000000000
307 5.0000000000
408 6.0000000000
509 8.0000000000
611 11.0000000000
714 12.0000000000
815 14.0000000000
917 17.0000000000
1020 22.0000000000
1125 24.0000000000
1227 25.0000000000
1328 26.0000000000
1429 28.0000000000
1531 30.0000000000
1633 34.0000000000
1737 36.0000000000
1839 38.0000000000
1941 40.0000000000
2043 41.0000000000
2144 44.0000000000
2247 46.0000000000
2349 48.0000000000
2451 49.0000000000
2552 52.0000000000
2655 54.0000000000
2757 56.0000000000
2859 57.0000000000
2960 58.0000000000
3061 60.0000000000
3163 61.0000000000
3264 62.0000000000
3365 63.0000000000
3466 64.0000000000
3567 65.0000000000
3668 67.0000000000
3770 69.0000000000
3872 71.0000000000
3974 72.0000000000
4075 73.0000000000
4176 74.0000000000
4277 79.0000000000
4382 80.0000000000
4483 81.0000000000
4584 82.0000000000
4685 86.0000000000
4789 88.0000000000
4891 89.0000000000
4992 91.0000000000
5094 98.0000000000
5201 99.0000000000
5302 100.0000000000
104931 99.0000000000
evaluations raw_y
1 3.0000000000
106 5.0000000000
208 6.0000000000
309 7.0000000000
410 8.0000000000
511 11.0000000000
614 12.0000000000
715 16.0000000000
819 21.0000000000
924 22.0000000000
1025 23.0000000000
1126 25.0000000000
1228 27.0000000000
1330 28.0000000000
1431 30.0000000000
1533 31.0000000000
1634 34.0000000000
1737 38.0000000000
1841 39.0000000000
1942 43.0000000000
2046 45.0000000000
2148 49.0000000000
2252 53.0000000000
2356 55.0000000000
2458 56.0000000000
2559 57.0000000000
2660 62.0000000000
2765 63.0000000000
2866 65.0000000000
2968 66.0000000000
3069 69.0000000000
3172 71.0000000000
3274 72.0000000000
3375 74.0000000000
3477 76.0000000000
3579 81.0000000000
3684 82.0000000000
3785 85.0000000000
3888 86.0000000000
3989 87.0000000000
4090 88.0000000000
4191 92.0000000000
4295 96.0000000000
4399 99.0000000000
4502 100.0000000000
100533 99.0000000000
evaluations raw_y
1 1.0000000000
3 2.0000000000
9 5.0000000000
112 7.0000000000
214 10.0000000000
317 16.0000000000
423 17.0000000000
524 18.0000000000
625 25.0000000000
732 27.0000000000
834 28.0000000000
935 37.0000000000
1044 39.0000000000
1146 42.0000000000
1249 44.0000000000
1351 45.0000000000
1452 46.0000000000
1553 47.0000000000
1654 51.0000000000
1758 58.0000000000
1865 60.0000000000
1967 62.0000000000
2069 63.0000000000
2170 66.0000000000
2273 67.0000000000
2374 70.0000000000
2477 73.0000000000
2580 75.0000000000
2682 76.0000000000
2783 79.0000000000
2886 81.0000000000
2988 83.0000000000
3090 85.0000000000
3192 87.0000000000
3294 88.0000000000
3395 90.0000000000
3497 91.0000000000
3598 92.0000000000
3699 93.0000000000
3800 95.0000000000
3902 97.0000000000
4004 98.0000000000
4105 100.0000000000
104334 99.0000000000
evaluations raw_y
1 0.0000000000
2 2.0000000000
5 4.0000000000
107 8.0000000000
211 10.0000000000
313 12.0000000000
415 13.0000000000
516 14.0000000000
617 15.0000000000
718 16.0000000000
819 18.0000000000
921 19.0000000000
1022 20.0000000000
1123 22.0000000000
1225 25.0000000000
1328 28.0000000000
1431 29.0000000000
1532 30.0000000000
1633 32.0000000000
1735 34.0000000000
1837 35.0000000000
1938 39.0000000000
2042 42.0000000000
2145 43.0000000000
2246 44.0000000000
2347 47.0000000000
2450 59.0000000000
2562 60.0000000000
2663 61.0000000000
2764 67.0000000000
2870 69.0000000000
2972 71.0000000000
3074 72.0000000000
3175 73.0000000000
3276 76.0000000000
3379 80.0000000000
3483 85.0000000000
3588 86.0000000000
3689 91.0000000000
3794 94.0000000000
3897 97.0000000000
4000 98.0000000000
4101 100.0000000000
101237 99.0000000000
evaluations raw_y
1 3.0000000000
8 4.0000000000
112 6.0000000000
214 9.0000000000
317 10.0000000000
418 12.0000000000
520 13.0000000000
621 14.0000000000
722 16.0000000000
824 23.0000000000
931 25.0000000000
1033 26.0000000000
1134 27.0000000000
1235 29.0000000000
1337 30.0000000000
1438 31.0000000000
1539 35.0000000000
1643 36.0000000000
1744 39.0000000000
1847 41.0000000000
1949 43.0000000000
2051 44.0000000000
2152 45.0000000000
2253 48.0000000000
2356 49.0000000000
2457 53.0000000000
2561 54.0000000000
2662 56.0000000000
2764 57.0000000000
2865 58.0000000000
2966 60.0000000000
3068 65.0000000000
3173 67.0000000000
3275 69.0000000000
3377 71.0000000000
3479 75.0000000000
3583 76.0000000000
3684 77.0000000000
3785 78.0000000000
3886 80.0000000000
3988 81.0000000000
4089 82.0000000000
4190 83.0000000000
4291 84.0000000000
4392 85.0000000000
4493 88.0000000000
4596 90.0000000000
4698 92.0000000000
4800 94.0000000000
4902 95.0000000000
5003 97.0000000000
5105 99.0000000000
5207 100.0000000000
104340 99.0000000000
evaluations raw_y
1 1.0000000000
4 2.0000000000
7 4.0000000000
109 5.0000000000
210 12.0000000000
317 15.0000000000
420 18.0000000000
523 19.0000000000
624 23.0000000000
728 24.0000000000
829 26.0000000000
931 27.0000000000
1032 31.0000000000
1136 35.0000000000
1240 36.0000000000
1341 42.0000000000
1447 43.0000000000
1548 44.0000000000
1649 49.0000000000
1754 50.0000000000
1855 51.0000000000
1956 54.0000000000
2059 55.0000000000
2160 57.0000000000
2262 62.0000000000
2367 66.0000000000
2471 69.0000000000
2574 70.0000000000
2675 71.0000000000
2776 72.0000000000
2877 73.0000000000
2978 75.0000000000
3080 76.0000000000
3181 77.0000000000
3282 78.0000000000
3383 81.0000000000
3486 86.0000000000
3591 87.0000000000
3692 89.0000000000
3794 94.0000000000
3899 95.0000000000
4000 96.0000000000
4101 97.0000000000
4202 99.0000000000
4304 100.0000000000
101636 99.0000000000
evaluations raw_y
1 0.0000000000
2 1.0000000000
4 5.0000000000
108 6.0000000000
209 8.0000000000
311 17.0000000000
420 19.0000000000
522 20.0000000000
623 22.0000000000
725 23.0000000000
826 24.0000000000
927 26.0000000000
1029 27.0000000000
1130 30.0000000000
1233 31.0000000000
1334 32.0000000000
1435 34.0000000000
1537 35.0000000000
1638 36.0000000000
1739 37.0000000000
1840 38.0000000000
1941 39.0000000000
2042 40.0000000000
2143 42.0000000000
2245 43.0000000000
2346 46.0000000000
2449 48.0000000000
2551 50.0000000000
2653 54.0000000000
2757 59.0000000000
2862 60.0000000000
2963 61.0000000000
3064 62.0000000000
3165 63.0000000000
3266 64.0000000000
3367 66.0000000000
3469 67.0000000000
3570 70.0000000000
3673 71.0000000000
3774 72.0000000000
3875 74.0000000000
3977 75.0000000000
4078 76.0000000000
4179 77.0000000000
4280 78.0000000000
4381 80.0000000000
4483 81.0000000000
4584 83.0000000000
4686 84.0000000000
4787 86.0000000000
4889 89.0000000000
4992 91.0000000000
5094 92.0000000000
5195 93.0000000000
5296 95.0000000000
5398 96.0000000000
5499 100.0000000000
101931 99.0000000000
evaluations raw_y
1 3.0000000000
307 7.0000000000
411 8.0000000000
512 9.0000000000
613 11.0000000000
715 12.0000000000
816 17.0000000000
921 18.0000000000
1022 19.0000000000
1123 20.0000000000
1224 21.0000000000
1325 22.0000000000
1426 23.0000000000
1527 24.0000000000
1628 26.0000000000
1730 27.0000000000
1831 28.0000000000
1932 29.0000000000
2033 30.0000000000
2134 32.0000000000
2236 33.0000000000
2337 41.0000000000
2445 43.0000000000
2547 45.0000000000
2649 47.0000000000
2751 51.0000000000
2855 52.0000000000
2956 53.0000000000
3057 54.0000000000
3158 56.0000000000
3260 57.0000000000
3361 58.0000000000
3462 61.0000000000
3565 62.0000000000
3666 65.0000000000
3769 66.0000000000
3870 67.0000000000
3971 68.0000000000
4072 73.0000000000
4177 74.0000000000
4278 77.0000000000
4381 78.0000000000
4482 79.0000000000
4583 81.0000000000
4685 85.0000000000
4789 86.0000000000
4890 88.0000000000
4992 90.0000000000
5094 91.0000000000
5195 93.0000000000
5297 94.0000000000
5398 95.0000000000
5499 96.0000000000
5600 97.0000000000
5701 98.0000000000
5802 99.0000000000
5903 100.0000000000
102739 99.0000000000
evaluations raw_y
1 0.0000000000
2 2.0000000000
207 3.0000000000
308 4.0000000000
409 6.0000000000
511 8.0000000000
613 9.0000000000
714 10.0000000000
815 11.0000000000
916 13.0000000000
1018 14.0000000000
1119 15.0000000000
1220 16.0000000000
1321 17.0000000000
1422 25.0000000000
1530 28.0000000000
1633 34.0000000000
1739 35.0000000000
1840 36.0000000000
1941 40.0000000000
2045 41.0000000000
2146 45.0000000000
2250 49.0000000000
2354 51.0000000000
2456 52.0000000000
2557 54.0000000000
2659 56.0000000000
2761 62.0000000000
2867 63.0000000000
2968 65.0000000000
3070 68.0000000000
3173 70.0000000000
3275 72.0000000000
3377 73.0000000000
3478 75.0000000000
3580 76.0000000000
3681 78.0000000000
3783 79.0000000000
3884 80.0000000000
3985 81.0000000000
4086 83.0000000000
4188 84.0000000000
4289 86.0000000000
4391 89.0000000000
4494 90.0000000000
4595 91.0000000000
4696 94.0000000000
4799 95.0000000000
4900 96.0000000000
5001 97.0000000000
5102 98.0000000000
5203 100.0000000000
100030 99.0000000000
