evaluations raw_y
1 6.6000000000
4 7.8000000000
14 8.0000000000
21 8.4000000000
27 8.8000000000
415 9.2000000000
421 10.0000000000
1625 10.4000000000
2001 11.0000000000
2003 11.0000000000
2377 11.2000000000
2773 11.2000000000
3173 12.2000000000
3969 12.8000000000
3977 12.8000000000
4377 13.0000000000
4789 13.2000000000
5169 13.2000000000
5171 13.4000000000
5567 13.4000000000
6347 13.6000000000
6377 14.2000000000
7167 14.2000000000
7541 14.4000000000
7947 14.6000000000
8715 14.6000000000
9115 15.0000000000
9527 15.0000000000
10303 15.2000000000
11095 15.6000000000
12673 15.6000000000
13071 16.0000000000
13489 16.2000000000
13490 17.4000000000
14278 17.4000000000
14655 18.4000000000
17051 18.6000000000
18637 18.8000000000
21785 19.0000000000
39245 19.0000000000
100188 17.8000000000
evaluations raw_y
1 5.6000000000
2 6.4000000000
3 7.4000000000
4 7.6000000000
7 8.8000000000
397 9.0000000000
402 9.0000000000
823 9.4000000000
825 10.6000000000
831 10.6000000000
1209 11.0000000000
1601 11.4000000000
2021 11.6000000000
2397 12.0000000000
2779 12.6000000000
3183 13.0000000000
3603 13.0000000000
3985 13.2000000000
4757 13.4000000000
5545 13.6000000000
5579 13.8000000000
6337 14.0000000000
6747 14.0000000000
7543 14.2000000000
8329 14.4000000000
8729 14.6000000000
9127 14.8000000000
9141 15.0000000000
9514 15.2000000000
10318 15.4000000000
10336 16.0000000000
11132 16.2000000000
11895 16.2000000000
12277 16.4000000000
12703 17.4000000000
13099 17.6000000000
13875 17.8000000000
14693 18.0000000000
17833 18.2000000000
22603 18.2000000000
22969 18.4000000000
23793 18.8000000000
26535 19.0000000000
32483 19.2000000000
100188 15.8000000000
evaluations raw_y
1 6.8000000000
2 8.6000000000
24 8.8000000000
404 9.0000000000
813 9.6000000000
1195 10.2000000000
1999 10.2000000000
2005 11.2000000000
2403 11.4000000000
3181 11.6000000000
3197 11.6000000000
3977 12.0000000000
3999 12.0000000000
4385 12.2000000000
4767 12.6000000000
5547 13.0000000000
5561 13.2000000000
5947 13.4000000000
5973 13.4000000000
6775 13.6000000000
7141 13.8000000000
7951 14.0000000000
8327 14.2000000000
8737 14.4000000000
9523 14.6000000000
11101 15.0000000000
11102 15.2000000000
11488 16.4000000000
11922 17.2000000000
14285 17.4000000000
15475 17.4000000000
17049 17.6000000000
17825 18.4000000000
19831 18.6000000000
24183 18.8000000000
24965 19.0000000000
28147 19.2000000000
100188 18.2000000000
evaluations raw_y
1 8.2000000000
400 8.4000000000
403 8.4000000000
415 8.6000000000
423 8.8000000000
793 9.2000000000
800 9.8000000000
1591 10.0000000000
1603 10.2000000000
1606 10.6000000000
2385 10.6000000000
2787 10.8000000000
2793 11.0000000000
2795 11.6000000000
3585 11.8000000000
4397 12.6000000000
5545 12.8000000000
5585 13.0000000000
5965 13.0000000000
6349 13.2000000000
6759 13.4000000000
7133 14.0000000000
7527 14.4000000000
9533 14.4000000000
9903 14.8000000000
10297 14.8000000000
10303 15.0000000000
11091 15.4000000000
11523 15.6000000000
11908 15.8000000000
13484 16.0000000000
13883 16.0000000000
14271 16.8000000000
16660 17.6000000000
17827 17.8000000000
20229 18.0000000000
21005 18.2000000000
26137 18.4000000000
26933 18.6000000000
34891 18.8000000000
100188 17.2000000000
evaluations raw_y
1 7.2000000000
3 7.4000000000
4 7.4000000000
6 8.0000000000
11 10.6000000000
795 11.6000000000
1227 12.0000000000
2773 12.2000000000
2781 12.6000000000
3181 12.8000000000
3185 13.2000000000
3969 13.2000000000
3993 13.6000000000
4373 13.8000000000
4781 13.8000000000
5157 14.0000000000
5187 14.2000000000
5567 14.2000000000
6379 14.6000000000
7129 14.6000000000
7133 14.6000000000
7527 14.8000000000
7551 14.8000000000
9111 15.0000000000
9125 15.0000000000
9909 15.2000000000
11095 15.4000000000
11885 15.4000000000
12289 15.6000000000
12713 15.8000000000
13495 15.8000000000
13501 16.0000000000
15067 16.0000000000
15459 16.2000000000
15487 16.2000000000
16237 16.4000000000
16653 16.6000000000
17038 17.0000000000
17050 17.2000000000
18221 18.0000000000
19031 19.0000000000
100188 18.0000000000
evaluations raw_y
1 6.8000000000
5 6.8000000000
6 7.4000000000
8 7.6000000000
11 7.8000000000
12 8.2000000000
16 8.4000000000
21 8.4000000000
22 9.8000000000
433 11.2000000000
3179 11.2000000000
3193 11.4000000000
3571 11.4000000000
3973 11.6000000000
4387 11.8000000000
4779 12.2000000000
5161 12.4000000000
5565 12.6000000000
5567 12.6000000000
5581 13.0000000000
5971 13.0000000000
6363 13.2000000000
6373 13.2000000000
6739 13.4000000000
6745 13.8000000000
7549 14.0000000000
7941 14.2000000000
7947 14.2000000000
8323 14.4000000000
8329 14.6000000000
8713 15.0000000000
9115 15.0000000000
9933 15.2000000000
10721 15.2000000000
11089 15.4000000000
11097 15.4000000000
11513 15.6000000000
12296 15.8000000000
13471 16.0000000000
13472 16.4000000000
13480 16.6000000000
13903 16.8000000000
18245 17.0000000000
20615 17.2000000000
21797 18.2000000000
26947 18.4000000000
30895 18.6000000000
31689 18.8000000000
32901 19.0000000000
100188 16.8000000000
evaluations raw_y
1 6.4000000000
2 7.4000000000
4 8.4000000000
25 8.6000000000
40 10.0000000000
1625 10.8000000000
1997 11.0000000000
2393 11.0000000000
2403 11.2000000000
2799 11.6000000000
2809 11.8000000000
3169 11.8000000000
3175 12.4000000000
3597 12.6000000000
4359 12.8000000000
5165 13.0000000000
5573 13.2000000000
5955 13.4000000000
6355 13.4000000000
6751 13.6000000000
8321 13.8000000000
8725 14.0000000000
9125 14.2000000000
9923 14.4000000000
10321 14.6000000000
10713 14.8000000000
11101 15.0000000000
11881 15.2000000000
12701 15.4000000000
15049 15.6000000000
15871 15.8000000000
17465 16.0000000000
17843 16.0000000000
18228 16.6000000000
21020 17.6000000000
21798 17.8000000000
22180 18.2000000000
23771 18.4000000000
24183 18.6000000000
26551 18.8000000000
30119 19.0000000000
100188 14.8000000000
evaluations raw_y
1 7.0000000000
4 8.0000000000
10 9.2000000000
397 9.4000000000
401 10.2000000000
402 10.6000000000
1206 10.8000000000
1230 11.0000000000
2001 11.4000000000
2387 11.8000000000
2779 12.2000000000
3589 12.4000000000
3591 12.4000000000
3961 12.8000000000
4367 13.0000000000
4767 13.2000000000
5557 13.4000000000
6343 13.8000000000
6761 14.0000000000
6773 14.0000000000
7155 14.2000000000
7921 14.4000000000
8335 14.4000000000
8357 14.8000000000
8719 15.0000000000
9929 15.2000000000
10329 15.4000000000
11091 15.6000000000
11923 15.8000000000
12319 16.0000000000
12696 16.2000000000
12712 16.4000000000
13862 16.4000000000
14259 17.2000000000
14691 17.4000000000
15855 18.2000000000
18633 18.8000000000
18637 19.2000000000
100188 15.8000000000
evaluations raw_y
1 6.8000000000
3 8.0000000000
4 8.6000000000
20 9.8000000000
819 9.8000000000
1209 10.4000000000
1585 11.0000000000
6337 11.2000000000
6739 11.4000000000
7149 11.4000000000
7155 11.6000000000
7529 11.8000000000
7559 12.0000000000
7955 12.2000000000
8727 12.2000000000
9111 12.8000000000
9541 13.0000000000
9943 13.0000000000
10339 13.2000000000
10701 13.4000000000
11099 13.6000000000
11525 14.0000000000
11907 14.2000000000
12697 14.6000000000
15073 14.8000000000
15481 15.0000000000
17029 15.2000000000
17445 15.2000000000
18245 15.4000000000
18642 15.8000000000
19842 16.0000000000
20199 17.0000000000
21017 17.2000000000
21395 17.4000000000
22217 17.6000000000
22611 17.8000000000
23777 18.8000000000
24989 19.0000000000
27347 19.2000000000
31721 19.4000000000
100188 15.0000000000
evaluations raw_y
1 5.8000000000
2 6.8000000000
3 7.6000000000
4 8.4000000000
9 8.6000000000
21 8.6000000000
28 8.8000000000
404 9.2000000000
431 10.0000000000
823 10.2000000000
835 11.4000000000
2005 11.8000000000
2015 12.2000000000
2797 12.4000000000
3175 12.8000000000
3593 12.8000000000
3599 13.2000000000
3971 13.4000000000
4359 13.4000000000
4391 13.6000000000
4781 13.8000000000
5167 14.0000000000
5169 14.0000000000
5553 14.2000000000
5559 14.2000000000
5941 14.6000000000
6733 14.6000000000
7129 14.6000000000
7545 14.8000000000
7559 14.8000000000
8737 15.0000000000
9135 15.0000000000
9151 15.2000000000
9531 15.4000000000
9941 15.4000000000
10697 15.6000000000
11095 16.0000000000
11502 16.4000000000
15055 16.4000000000
15057 16.8000000000
15089 17.2000000000
15454 17.4000000000
15471 17.4000000000
15851 17.6000000000
16659 17.8000000000
17823 18.0000000000
18227 18.2000000000
19841 18.4000000000
21417 18.6000000000
25745 18.8000000000
33271 19.0000000000
100188 16.0000000000
