evaluations raw_y
1 -0.5151757692
307 -0.5132890935
331 -0.5129209838
336 -0.5124426142
373 -0.5122375726
407 -0.5033707950
431 -0.5030026853
436 -0.5025243157
507 -0.4936575380
531 -0.4932894283
607 -0.4844226507
708 -0.4800574649
712 -0.4769939140
755 -0.4769016770
778 -0.4759566099
808 -0.4715914242
812 -0.4685278733
855 -0.4684356362
893 -0.4679534645
908 -0.4635882788
912 -0.4605247279
955 -0.4604324908
1008 -0.4560673051
1012 -0.4530037542
1108 -0.4486385684
1116 -0.4469582246
1137 -0.4463171473
1154 -0.4457212717
1208 -0.4413560860
1216 -0.4396757421
1237 -0.4390346649
1257 -0.4389962346
1274 -0.4387199571
1308 -0.4343547714
1316 -0.4326744275
1337 -0.4320333503
1357 -0.4311820555
1408 -0.4268168697
1416 -0.4251365259
1437 -0.4244954486
1508 -0.4201302629
1516 -0.4184499190
1602 -0.4181199069
1608 -0.4137547211
1616 -0.4120743773
1708 -0.4077091915
1742 -0.4069159985
1750 -0.4065290480
1768 -0.4063567400
1772 -0.4062871087
1808 -0.4019219230
1850 -0.4007417795
1868 -0.4005694715
1908 -0.3962042858
1950 -0.3950241422
1977 -0.3948669873
2008 -0.3905018016
2050 -0.3893216580
2108 -0.3849564723
2181 -0.3843104342
2208 -0.3799452484
2311 -0.3786844524
2318 -0.3784237101
2319 -0.3759979411
2380 -0.3756235169
2403 -0.3719020533
2419 -0.3716762096
2487 -0.3715704358
2503 -0.3678489722
2519 -0.3676231285
2603 -0.3639016649
2634 -0.3638268512
2703 -0.3601053876
2784 -0.3600613093
2803 -0.3563398457
2838 -0.3538966475
2903 -0.3501751839
3011 -0.3489143879
3018 -0.3486536455
3024 -0.3478125631
3028 -0.3444771449
3111 -0.3432163489
3118 -0.3429556065
3124 -0.3421145240
3147 -0.3410368557
3211 -0.3397760597
3218 -0.3395153173
3224 -0.3386742348
3253 -0.3380704290
3311 -0.3368096330
3318 -0.3365488906
3324 -0.3357078081
3358 -0.3303912369
3411 -0.3291304409
3418 -0.3288696985
3424 -0.3280286160
3511 -0.3267678200
3518 -0.3265070776
3560 -0.3262256636
3565 -0.3259158651
3611 -0.3246550691
3618 -0.3243943267
3660 -0.3241129127
3711 -0.3228521167
3718 -0.3225913743
3811 -0.3213305783
3852 -0.3211173797
3911 -0.3198565837
4029 -0.3191605329
4030 -0.3188555434
4095 -0.3186641536
4129 -0.3179681028
4130 -0.3176631132
4229 -0.3169670624
4285 -0.3168850217
4329 -0.3161889708
4486 -0.3161319080
4599 -0.3161235229
8221 -0.3149136626
8310 -0.3141118216
8430 -0.3134157708
8486 -0.3133337300
8530 -0.3126376792
8665 -0.3120210969
8798 -0.3114512130
8900 -0.3114428278
11717 -0.3114047205
11808 -0.3109246005
11811 -0.3106028795
11820 -0.3098831821
11870 -0.3088162366
11908 -0.3083361166
11911 -0.3080143956
11920 -0.3072946982
11991 -0.3061621066
12008 -0.3056819866
12011 -0.3053602656
12020 -0.3046405682
12108 -0.3041604482
12111 -0.3038387272
12132 -0.3036395279
12154 -0.3031665737
12208 -0.3026864536
12211 -0.3023647326
12232 -0.3021655333
12308 -0.3016854133
12311 -0.3013636923
12408 -0.3008835723
12466 -0.3007471100
12467 -0.3007101272
12508 -0.3002300072
12566 -0.3000935450
12608 -0.2996134249
12699 -0.2995236610
12708 -0.2990435410
12888 -0.2989864782
101467 -0.2988694955
101647 -0.3052450372
evaluations raw_y
1 -0.5112404376
2 -0.4922571519
21 -0.4906439785
92 -0.4871285803
107 -0.4869612530
109 -0.4848667937
111 -0.4836490258
116 -0.4810318334
121 -0.4716363586
207 -0.4714690313
209 -0.4693745719
211 -0.4681568041
216 -0.4655396116
232 -0.4646977112
238 -0.4608935826
305 -0.4602435951
309 -0.4586317960
311 -0.4574140281
316 -0.4547968357
332 -0.4539549353
349 -0.4511731458
374 -0.4509752841
405 -0.4503252966
409 -0.4487134975
411 -0.4474957296
416 -0.4448785372
432 -0.4440366368
449 -0.4412548473
505 -0.4406048598
509 -0.4389930607
511 -0.4377752928
516 -0.4351581004
532 -0.4343162000
576 -0.4320723163
605 -0.4314223288
609 -0.4298105296
611 -0.4285927618
627 -0.4283082233
630 -0.4279890968
632 -0.4251336689
705 -0.4244836814
711 -0.4216541144
727 -0.4213695760
730 -0.4210504495
741 -0.4184353057
805 -0.4177853182
811 -0.4149557512
827 -0.4146712128
830 -0.4143520863
843 -0.4119100355
872 -0.4117899805
905 -0.4111399930
911 -0.4083104260
927 -0.4080258875
930 -0.4077067610
943 -0.4052647102
1005 -0.4046147227
1011 -0.4017851557
1027 -0.4015006173
1030 -0.4011814908
1044 -0.3997389982
1047 -0.3995697912
1105 -0.3989198036
1111 -0.3960902366
1127 -0.3958056982
1135 -0.3957735138
1144 -0.3940440791
1151 -0.3940244619
1205 -0.3933744744
1211 -0.3905449073
1227 -0.3902603689
1235 -0.3902281846
1244 -0.3884987498
1305 -0.3878487623
1311 -0.3850191953
1327 -0.3847346568
1335 -0.3847024725
1358 -0.3831898738
1389 -0.3795898206
1405 -0.3789398330
1411 -0.3761102660
1427 -0.3758257276
1435 -0.3757935432
1458 -0.3742809446
1505 -0.3736309571
1511 -0.3708013901
1527 -0.3705168516
1535 -0.3704846673
1571 -0.3693276821
1582 -0.3692697207
1605 -0.3686197332
1611 -0.3657901662
1627 -0.3655056278
1635 -0.3654734434
1671 -0.3643164582
1705 -0.3636664707
1711 -0.3608369037
1727 -0.3605523653
1735 -0.3605201809
1803 -0.3599722377
1805 -0.3593222502
1811 -0.3564926832
1827 -0.3562081447
1835 -0.3561759604
1905 -0.3555259729
1911 -0.3526964059
1927 -0.3524118674
1985 -0.3524104184
2005 -0.3517604309
2011 -0.3489308639
2027 -0.3486463255
2039 -0.3462457567
2105 -0.3455957692
2111 -0.3427662022
2127 -0.3424816637
2205 -0.3418316762
2211 -0.3390021092
2305 -0.3383521217
2310 -0.3363705789
2367 -0.3355393505
2405 -0.3348893630
2410 -0.3329078202
2490 -0.3328852205
2505 -0.3322352330
2510 -0.3302536902
2605 -0.3296037026
2614 -0.3293163045
2625 -0.3279742418
2705 -0.3273242542
2714 -0.3270368561
2731 -0.3269732014
2763 -0.3258517092
2805 -0.3235046969
2907 -0.3233373695
2914 -0.3177964676
3030 -0.3171004168
3031 -0.3167954273
3053 -0.3163224731
3130 -0.3156264222
3131 -0.3153214327
3191 -0.3150509648
3230 -0.3143549139
3231 -0.3140499244
3296 -0.3138585346
3297 -0.3138206746
3330 -0.3131246238
3331 -0.3128196342
3396 -0.3126282445
3430 -0.3119321936
3431 -0.3116272041
3530 -0.3109311533
3586 -0.3108491125
3630 -0.3101530617
3764 -0.3098290234
3765 -0.3095364794
3864 -0.3092124412
3956 -0.3084501434
4093 -0.3082432338
4178 -0.3043585533
4300 -0.3043501681
8524 -0.2998728487
20913 -0.2994973985
21026 -0.2991658245
52594 -0.2982772775
60938 -0.2980804228
60983 -0.2977954145
60984 -0.2977584317
61013 -0.2974029849
61014 -0.2972195667
61038 -0.2968879926
61083 -0.2966029844
61084 -0.2965660016
61113 -0.2962105548
61138 -0.2958789808
61183 -0.2955939725
61184 -0.2955569897
61215 -0.2949802646
61238 -0.2946486906
61283 -0.2943636824
61284 -0.2943266996
61338 -0.2939951255
61383 -0.2937101173
61438 -0.2933785433
61516 -0.2931402334
61538 -0.2928086593
61718 -0.2928002742
102839 -0.3083619534
evaluations raw_y
1 -0.5112272881
83 -0.5064792709
105 -0.5047078919
107 -0.5017056338
114 -0.4963021563
205 -0.4945307773
207 -0.4915285192
216 -0.4902566267
227 -0.4862996072
305 -0.4845282282
307 -0.4815259701
316 -0.4802540776
332 -0.4775552490
343 -0.4767796564
374 -0.4765162580
405 -0.4747448790
407 -0.4717426209
416 -0.4704707284
432 -0.4677718998
443 -0.4669963072
505 -0.4652249282
507 -0.4622226701
516 -0.4609507776
532 -0.4582519490
605 -0.4564805700
616 -0.4522064194
636 -0.4508749316
640 -0.4502555160
705 -0.4484841370
716 -0.4442099864
736 -0.4428784986
758 -0.4425763239
805 -0.4408049449
816 -0.4365307943
836 -0.4351993065
905 -0.4334279275
915 -0.4325587806
916 -0.4291537769
942 -0.4286740362
1005 -0.4269026572
1015 -0.4260335103
1016 -0.4226285066
1084 -0.4223572027
1102 -0.4222984945
1105 -0.4205271155
1115 -0.4196579686
1116 -0.4162529649
1184 -0.4159816610
1205 -0.4142102820
1215 -0.4133411351
1216 -0.4099361314
1238 -0.4098169992
1305 -0.4080456202
1315 -0.4071764733
1316 -0.4037714696
1405 -0.4020000906
1415 -0.4011309437
1420 -0.3992088917
1433 -0.3989980821
1457 -0.3984625937
1468 -0.3980538324
1505 -0.3962824534
1515 -0.3954133065
1520 -0.3934912545
1533 -0.3932804449
1557 -0.3927449564
1605 -0.3909735774
1615 -0.3901044305
1620 -0.3881823785
1633 -0.3879715689
1673 -0.3877333289
1705 -0.3859619499
1715 -0.3850928030
1720 -0.3831707510
1733 -0.3829599414
1805 -0.3811885623
1815 -0.3803194154
1820 -0.3783973634
1905 -0.3766259844
1915 -0.3757568375
1939 -0.3666052086
2005 -0.3648338296
2015 -0.3639646827
2054 -0.3635575437
2066 -0.3631424499
2105 -0.3613710709
2115 -0.3605019240
2154 -0.3600947850
2205 -0.3583234060
2215 -0.3574542591
2235 -0.3538906263
2305 -0.3521192473
2315 -0.3512501003
2405 -0.3494787213
2424 -0.3489706519
2461 -0.3488897702
2486 -0.3486880251
2505 -0.3469166461
2524 -0.3464085767
2561 -0.3463276950
2605 -0.3445563160
2624 -0.3440482466
2705 -0.3422768676
2760 -0.3422452942
2805 -0.3404739152
2906 -0.3403065878
2911 -0.3392131191
2979 -0.3387630197
3006 -0.3385956923
3011 -0.3375022236
3106 -0.3373348963
3113 -0.3372918611
3119 -0.3371706496
3128 -0.3371542666
3150 -0.3369724809
3195 -0.3363097935
3198 -0.3362616900
3206 -0.3360943627
3213 -0.3360513275
3219 -0.3359301160
3228 -0.3359137330
3250 -0.3357319473
3264 -0.3356451078
3295 -0.3350692599
3306 -0.3349019326
3313 -0.3348588973
3319 -0.3347376859
3328 -0.3347213029
3350 -0.3345395172
3364 -0.3344526776
3406 -0.3342853503
3413 -0.3342423151
3419 -0.3341211036
3428 -0.3341047206
3450 -0.3339229349
3497 -0.3338827937
3506 -0.3337154664
3513 -0.3336724311
3519 -0.3335512197
3528 -0.3335348366
3550 -0.3333530510
3606 -0.3331857236
3613 -0.3331426884
3619 -0.3330214769
3628 -0.3330050939
3630 -0.3323520106
3644 -0.3290010697
3703 -0.3252796061
3806 -0.3251122788
3813 -0.3250692436
3819 -0.3249480321
3828 -0.3195815671
3906 -0.3194142398
3913 -0.3193712045
3919 -0.3192499931
3930 -0.3185805267
4006 -0.3184131994
4013 -0.3183701641
4019 -0.3182489527
4106 -0.3180816254
4113 -0.3180385901
4131 -0.3179372777
4163 -0.3179249144
4206 -0.3177575871
4213 -0.3177145519
4231 -0.3176132395
4255 -0.3171626167
4306 -0.3169952893
4313 -0.3169522541
4331 -0.3168509417
4406 -0.3166836144
4408 -0.3124857560
4413 -0.3101084471
4508 -0.3057432614
4646 -0.3034355109
4799 -0.3034271258
8878 -0.3017789927
8924 -0.3016525873
9023 -0.2963329514
9200 -0.2963245663
104332 -0.3083620109
evaluations raw_y
1 -0.4931110930
112 -0.4921069694
138 -0.4921025931
141 -0.4876874556
206 -0.4853404432
211 -0.4829925281
212 -0.4803148146
238 -0.4803104382
242 -0.4796910227
251 -0.4790602497
252 -0.4765416667
306 -0.4741946543
311 -0.4718467392
312 -0.4691690257
338 -0.4691646493
342 -0.4685452338
351 -0.4679144608
376 -0.4659454530
406 -0.4635984406
411 -0.4612505254
412 -0.4585728119
438 -0.4585684356
442 -0.4579490200
451 -0.4573182471
490 -0.4569696176
496 -0.4554567709
506 -0.4531097585
511 -0.4507618433
512 -0.4480841298
538 -0.4480797535
542 -0.4474603379
551 -0.4468295649
590 -0.4464809355
606 -0.4441339231
611 -0.4417860080
612 -0.4391082944
638 -0.4391039181
642 -0.4384845025
651 -0.4378537296
706 -0.4355067172
711 -0.4331588020
712 -0.4304810885
738 -0.4304767122
742 -0.4298572966
806 -0.4275102842
811 -0.4251623691
812 -0.4224846555
838 -0.4224802792
855 -0.4218779612
906 -0.4195309488
911 -0.4171830336
912 -0.4145053201
938 -0.4145009438
972 -0.4140651433
1006 -0.4117181309
1011 -0.4093702157
1012 -0.4066925022
1038 -0.4066881259
1106 -0.4043411135
1111 -0.4019931983
1112 -0.3993154848
1206 -0.3969684724
1213 -0.3943839863
1214 -0.3939165429
1236 -0.3926251705
1306 -0.3902781581
1313 -0.3876936719
1314 -0.3872262285
1370 -0.3869075332
1406 -0.3845605208
1413 -0.3819760347
1414 -0.3815085913
1506 -0.3791615789
1513 -0.3765770927
1543 -0.3765546027
1583 -0.3764973674
1606 -0.3741503550
1613 -0.3715658689
1643 -0.3715433788
1706 -0.3691963665
1713 -0.3666118803
1806 -0.3642648679
1817 -0.3639713544
1833 -0.3639091249
1853 -0.3618003488
1906 -0.3594533365
1917 -0.3591598229
1933 -0.3590975935
1979 -0.3571909339
1984 -0.3571698667
2006 -0.3548228544
2017 -0.3545293408
2033 -0.3544671114
2079 -0.3525604518
2106 -0.3502134394
2117 -0.3499199259
2133 -0.3498576965
2182 -0.3482387202
2205 -0.3445172566
2289 -0.3441856392
2305 -0.3404641756
2406 -0.3381171632
2417 -0.3378236497
2430 -0.3347661365
2506 -0.3324191241
2517 -0.3321256106
2533 -0.3320633812
2606 -0.3297163688
2610 -0.3276981954
2706 -0.3253511830
2717 -0.3250576695
2725 -0.3209990506
2806 -0.3186520382
2817 -0.3183585246
2906 -0.3160115123
2963 -0.3159981945
3006 -0.3136511821
3107 -0.3118798031
3115 -0.3085904002
3207 -0.3068190212
3219 -0.3064484186
3307 -0.3046770396
3362 -0.3046454662
3407 -0.3028740872
3508 -0.3023939672
3554 -0.3014000926
3608 -0.3009199726
3666 -0.3007835103
3692 -0.3001285843
3708 -0.2996484643
3766 -0.2995120020
3808 -0.2990318820
3921 -0.2987003080
3968 -0.2986172366
4021 -0.2982856626
4201 -0.2982772775
73629 -0.2976358044
73731 -0.2971556844
73790 -0.2969822394
73831 -0.2965021193
93753 -0.2951261854
93917 -0.2950691225
97454 -0.2934008773
97631 -0.2933924922
101136 -0.3080664375
evaluations raw_y
1 -0.5036106617
7 -0.5030959872
8 -0.5005906850
23 -0.4970361905
105 -0.4952648115
107 -0.4890184942
114 -0.4868590759
136 -0.4846008224
205 -0.4828294433
207 -0.4765831260
214 -0.4744237078
267 -0.4737057575
283 -0.4735655594
291 -0.4722426135
305 -0.4704712345
307 -0.4642249172
314 -0.4620654989
367 -0.4613475486
405 -0.4595761696
407 -0.4533298523
414 -0.4511704340
505 -0.4493990550
507 -0.4431527377
574 -0.4413870849
605 -0.4396157059
607 -0.4333693885
705 -0.4315980095
708 -0.4290042028
742 -0.4268441183
757 -0.4258314869
758 -0.4256901964
805 -0.4239188174
808 -0.4213250107
842 -0.4191649261
857 -0.4181522947
905 -0.4163809157
908 -0.4137871090
942 -0.4116270245
971 -0.4115069695
1005 -0.4097355905
1008 -0.4071417838
1042 -0.4049816992
1105 -0.4032103202
1108 -0.4006165135
1148 -0.3986930008
1202 -0.3986061575
1205 -0.3968347785
1208 -0.3942409717
1248 -0.3923174590
1305 -0.3905460800
1308 -0.3879522733
1351 -0.3875059276
1359 -0.3874726044
1370 -0.3873641965
1405 -0.3855928175
1408 -0.3829990108
1438 -0.3811995348
1505 -0.3794281558
1508 -0.3768343490
1551 -0.3763880033
1559 -0.3763546801
1605 -0.3745833011
1608 -0.3719894944
1651 -0.3715431487
1705 -0.3697717697
1708 -0.3671779629
1760 -0.3669169539
1805 -0.3651455749
1808 -0.3625517682
1905 -0.3607803891
1910 -0.3590722136
1934 -0.3587554908
2005 -0.3569841118
2010 -0.3552759363
2076 -0.3551771976
2105 -0.3534058186
2110 -0.3516976431
2205 -0.3499262640
2209 -0.3490661127
2305 -0.3472947337
2317 -0.3469241311
2324 -0.3467034918
2405 -0.3449321128
2417 -0.3445615102
2425 -0.3444983774
2446 -0.3443957414
2505 -0.3426243624
2517 -0.3422537598
2525 -0.3421906270
2605 -0.3404192480
2617 -0.3400486453
2705 -0.3382772663
2737 -0.3379619146
2762 -0.3379261128
2805 -0.3361547338
2837 -0.3358393820
2904 -0.3355878432
2905 -0.3340680030
3004 -0.3338164642
3011 -0.3328072070
3104 -0.3325556682
3113 -0.3325172686
3145 -0.3320661896
3185 -0.3320291154
3198 -0.3315666734
3204 -0.3313151346
3213 -0.3312767350
3245 -0.3308256560
3285 -0.3307885818
3304 -0.3305370430
3313 -0.3304986434
3345 -0.3300475644
3404 -0.3297960257
3413 -0.3297576261
3450 -0.3295178217
3464 -0.3294309822
3504 -0.3291794434
3513 -0.3291410438
3550 -0.3289012394
3604 -0.3286497007
3613 -0.3286113011
3630 -0.3279001991
3644 -0.3245492582
3703 -0.3208277946
3804 -0.3205762559
3813 -0.3205378563
3830 -0.3198267543
3904 -0.3195752155
3913 -0.3195368159
3952 -0.3193870251
4004 -0.3191354863
4013 -0.3180628213
4104 -0.3130404390
4206 -0.3125603190
4399 -0.3125519339
7518 -0.3125200666
7619 -0.3109985283
7661 -0.3107171142
7719 -0.3091955758
7824 -0.3090691704
7830 -0.3084995250
7924 -0.3083731196
7965 -0.3078829428
8024 -0.3077565373
8098 -0.3073130588
8124 -0.3071866533
8223 -0.3018670175
8387 -0.3018099547
8500 -0.3018015696
15612 -0.3017908334
15722 -0.3014592594
15758 -0.3010285356
15822 -0.3006969616
15867 -0.3004119534
15922 -0.3000803794
16000 -0.2998420694
16022 -0.2995104954
16202 -0.2995021103
47138 -0.2994204719
47302 -0.2993634091
72746 -0.2943809825
72910 -0.2943239197
73023 -0.2943155345
102736 -0.3123257429
evaluations raw_y
1 -0.4602470976
507 -0.4597971936
508 -0.4593191438
517 -0.4580993325
535 -0.4574977191
591 -0.4574003127
607 -0.4528559803
608 -0.4523779304
617 -0.4511581191
635 -0.4505565058
707 -0.4460121733
708 -0.4455341235
734 -0.4444177612
739 -0.4443523471
805 -0.4443212711
807 -0.4397769386
808 -0.4392988888
834 -0.4381825265
839 -0.4381171123
907 -0.4335727799
908 -0.4330947300
934 -0.4319783678
1007 -0.4274340353
1008 -0.4269559855
1050 -0.4262834487
1107 -0.4217391162
1108 -0.4212610664
1195 -0.4206381699
1207 -0.4160938375
1208 -0.4156157876
1307 -0.4110714552
1340 -0.4107022182
1385 -0.4106045638
1407 -0.4060602313
1440 -0.4056909944
1507 -0.4011466619
1557 -0.4008159880
1607 -0.3962716556
1686 -0.3961855059
1707 -0.3916411735
1810 -0.3911610535
1812 -0.3872759878
1825 -0.3871272859
1910 -0.3866471659
1912 -0.3827621001
1961 -0.3826312745
2010 -0.3821511545
2012 -0.3782660887
2110 -0.3777859687
2114 -0.3747865342
2148 -0.3744024809
2167 -0.3742008239
2210 -0.3737207039
2214 -0.3707212693
2248 -0.3703372160
2310 -0.3698570960
2314 -0.3668576615
2354 -0.3647918868
2410 -0.3643117668
2414 -0.3613123322
2478 -0.3611222900
2488 -0.3610263448
2510 -0.3605462248
2514 -0.3575467903
2542 -0.3548616831
2610 -0.3543815631
2614 -0.3513821286
2678 -0.3511920863
2710 -0.3507119663
2714 -0.3477125318
2810 -0.3472324118
2820 -0.3447195501
2851 -0.3442722426
2910 -0.3437921226
2920 -0.3412792609
3010 -0.3407991409
3030 -0.3390183269
3072 -0.3386907770
3110 -0.3382106570
3130 -0.3364298430
3193 -0.3360366470
3210 -0.3355565270
3230 -0.3337757130
3310 -0.3332955930
3333 -0.3330796622
3345 -0.3288217245
3410 -0.3283416045
3433 -0.3281256736
3449 -0.3280807071
3456 -0.3273477299
3464 -0.3270187720
3510 -0.3265386520
3533 -0.3263227212
3549 -0.3262777547
3556 -0.3255447775
3583 -0.3253078765
3610 -0.3248277565
3633 -0.3246118257
3634 -0.3243068362
3656 -0.3238338820
3710 -0.3233537620
3733 -0.3231378311
3734 -0.3228328416
3802 -0.3225933483
3810 -0.3221132283
3833 -0.3218972975
3834 -0.3215923080
3910 -0.3211121880
3933 -0.3208962572
3949 -0.3208512906
4010 -0.3203711706
4033 -0.3201552398
4110 -0.3196751198
4147 -0.3194887634
4210 -0.3190086434
4268 -0.3188721811
4269 -0.3188351983
4298 -0.3184797515
4310 -0.3179996315
4368 -0.3178631693
4369 -0.3178261865
4400 -0.3172494614
4410 -0.3167693414
4468 -0.3166328791
4469 -0.3165958963
4510 -0.3161157763
4568 -0.3159793140
4610 -0.3154991940
4796 -0.3152922845
4881 -0.3095898003
8234 -0.3095833157
8250 -0.3095383492
8260 -0.3095170688
8284 -0.3085684710
8311 -0.3080883510
8334 -0.3078724202
8335 -0.3075674307
8395 -0.3072969627
8411 -0.3068168427
8434 -0.3066009119
8435 -0.3062959223
8500 -0.3061045326
8503 -0.3060564291
8511 -0.3055763091
8534 -0.3053603783
8535 -0.3050553887
8600 -0.3048639990
8611 -0.3043838789
8634 -0.3041679481
8635 -0.3038629586
8711 -0.3033828386
8734 -0.3031669078
8750 -0.3031219412
8760 -0.3031006608
8811 -0.3026205408
8834 -0.3024046100
8850 -0.3023596435
8911 -0.3018795234
8934 -0.3016635926
9011 -0.3011834726
9069 -0.3010470104
9070 -0.3010100276
9111 -0.3005299076
9169 -0.3003934453
9211 -0.2999133253
9302 -0.2998235614
9311 -0.2993434413
9491 -0.2992863785
9604 -0.2992779934
17964 -0.2991664604
18101 -0.2989595509
18186 -0.2950748703
18308 -0.2950664852
101541 -0.3039084755
evaluations raw_y
1 -0.4922707699
27 -0.4881826762
104 -0.4848573188
110 -0.4800832451
144 -0.4793034818
167 -0.4772876113
178 -0.4771538134
183 -0.4771474132
204 -0.4738220558
210 -0.4690479821
244 -0.4682682189
267 -0.4662523484
278 -0.4661185504
304 -0.4627931930
310 -0.4580191193
344 -0.4572393560
367 -0.4552234855
404 -0.4518981281
410 -0.4471240544
444 -0.4463442912
488 -0.4463145563
504 -0.4429891989
510 -0.4382151252
544 -0.4374353619
604 -0.4341100045
610 -0.4293359308
704 -0.4260105734
711 -0.4244044322
712 -0.4219071941
757 -0.4217980291
804 -0.4184726717
811 -0.4168665305
812 -0.4143692925
904 -0.4110439350
911 -0.4094377939
918 -0.4078358893
940 -0.4076709292
1004 -0.4043455718
1011 -0.4027394307
1018 -0.4011375261
1104 -0.3978121687
1111 -0.3962060275
1135 -0.3949333674
1148 -0.3948488276
1204 -0.3915234702
1211 -0.3899173291
1235 -0.3886446689
1271 -0.3885607754
1304 -0.3852354179
1311 -0.3836292768
1335 -0.3823566167
1404 -0.3790312592
1411 -0.3774251181
1441 -0.3774026281
1492 -0.3769934672
1504 -0.3736681098
1511 -0.3720619686
1541 -0.3720394786
1604 -0.3687141212
1611 -0.3671079801
1704 -0.3637826226
1717 -0.3631993156
1720 -0.3625454021
1751 -0.3622964486
1804 -0.3589710912
1817 -0.3583877841
1820 -0.3577338707
1904 -0.3544085133
1917 -0.3538252062
1939 -0.3441142451
2004 -0.3407888877
2017 -0.3402055806
2104 -0.3368802232
2147 -0.3367652914
2166 -0.3367428219
2200 -0.3364151486
2204 -0.3330897912
2247 -0.3329748594
2266 -0.3329523899
2304 -0.3296270325
2347 -0.3295121007
2404 -0.3261867433
2506 -0.3257066233
2515 -0.3235233677
2562 -0.3223671859
2606 -0.3218870659
2615 -0.3197038103
2706 -0.3192236903
2709 -0.3189019693
2724 -0.3174243619
2761 -0.3173434802
2789 -0.3170496803
2806 -0.3165695603
2809 -0.3162478393
2824 -0.3147702319
2861 -0.3146893501
2906 -0.3142092301
2909 -0.3138875091
2924 -0.3124099017
3006 -0.3119297817
3009 -0.3116080607
3090 -0.3105388825
3106 -0.3100587625
3109 -0.3097370415
3194 -0.3095298706
3195 -0.3093464523
3206 -0.3088663323
3209 -0.3085446113
3294 -0.3083374405
3306 -0.3078573205
3309 -0.3075355995
3396 -0.3071071503
3406 -0.3066270303
3409 -0.3063053093
3506 -0.3058251893
3529 -0.3056092585
3545 -0.3055642919
3555 -0.3055430115
3606 -0.3050628915
3629 -0.3048469607
3645 -0.3048019942
3706 -0.3043218742
3729 -0.3041059433
3806 -0.3036258233
3865 -0.3034523783
3906 -0.3029722583
13426 -0.3028631334
13525 -0.2975434976
44045 -0.2972463684
44134 -0.2969147944
44278 -0.2965907561
44370 -0.2958284584
44514 -0.2958200732
100638 -0.3076549867
evaluations raw_y
1 -0.5274044119
2 -0.5113751803
4 -0.5090281679
8 -0.5074791541
12 -0.5059762384
18 -0.5048417772
23 -0.4972976873
83 -0.4940410406
104 -0.4916940282
108 -0.4901450144
112 -0.4886420987
118 -0.4875076375
123 -0.4799635476
204 -0.4776165352
210 -0.4764839931
212 -0.4745646057
218 -0.4734301445
225 -0.4727431012
243 -0.4704435968
250 -0.4688177587
304 -0.4664707463
310 -0.4653382042
312 -0.4634188168
318 -0.4622843556
325 -0.4615973123
343 -0.4592978079
404 -0.4569507955
410 -0.4558182533
412 -0.4538988659
418 -0.4527644047
425 -0.4520773614
449 -0.4506706019
504 -0.4483235895
510 -0.4471910474
512 -0.4452716600
518 -0.4441371988
525 -0.4434501555
578 -0.4422045612
604 -0.4398575488
610 -0.4387250067
612 -0.4368056193
618 -0.4356711581
625 -0.4349841148
692 -0.4348100905
704 -0.4324630781
710 -0.4313305360
712 -0.4294111486
718 -0.4282766874
725 -0.4275896441
804 -0.4252426317
810 -0.4241100895
812 -0.4221907021
818 -0.4210562409
904 -0.4187092285
910 -0.4175766864
912 -0.4156572990
928 -0.4153582019
942 -0.4145309707
1004 -0.4121839583
1010 -0.4110514161
1012 -0.4091320287
1028 -0.4088329316
1068 -0.4088133334
1104 -0.4064663210
1110 -0.4053337789
1112 -0.4034143915
1128 -0.4031152943
1204 -0.4007682820
1210 -0.3996357398
1212 -0.3977163524
1274 -0.3974765275
1304 -0.3951295151
1310 -0.3939969730
1312 -0.3920775856
1404 -0.3897305732
1410 -0.3885980311
1420 -0.3875150077
1451 -0.3872660541
1457 -0.3867687096
1504 -0.3844216972
1510 -0.3832891551
1520 -0.3822061317
1551 -0.3819571782
1604 -0.3796101658
1610 -0.3784776237
1620 -0.3773946003
1704 -0.3750475879
1710 -0.3739150457
1729 -0.3733113808
1739 -0.3656024454
1804 -0.3632554331
1810 -0.3621228909
1829 -0.3615192260
1904 -0.3591722136
1910 -0.3580396715
1976 -0.3579409327
1984 -0.3577536840
2004 -0.3554066717
2010 -0.3542741295
2038 -0.3515890223
2104 -0.3492420099
2110 -0.3481094678
2176 -0.3480107291
2204 -0.3456637167
2210 -0.3445311745
2304 -0.3421841621
2354 -0.3414835096
2379 -0.3412809537
2404 -0.3389339413
2454 -0.3382332888
2504 -0.3358862764
2535 -0.3320291300
2604 -0.3296821177
2706 -0.3295147903
2713 -0.3294717551
2719 -0.3293505436
2726 -0.3290478731
2741 -0.3278579775
2806 -0.3276906501
2813 -0.3276476149
2819 -0.3275264034
2826 -0.3240938845
2906 -0.3239265572
2913 -0.3238835219
2919 -0.3237623105
2960 -0.3222909321
3006 -0.3221236048
3013 -0.3220805695
3019 -0.3219593581
3090 -0.3210194238
3106 -0.3208520965
3113 -0.3208090612
3119 -0.3206878498
3195 -0.3198269936
3206 -0.3196596663
3213 -0.3196166311
3219 -0.3194954196
3306 -0.3193280923
3313 -0.3192850571
3331 -0.3191837446
3363 -0.3191713814
3406 -0.3190040540
3413 -0.3189610188
3431 -0.3188597064
3455 -0.3184090836
3506 -0.3182417563
3513 -0.3181987210
3531 -0.3180974086
3606 -0.3179300813
3608 -0.3137322229
3613 -0.3113549141
3708 -0.3069897283
3846 -0.3046819779
3999 -0.3046735927
7522 -0.3044173122
7533 -0.3037478458
7622 -0.3034162718
7789 -0.3033592090
19612 -0.3031848029
19670 -0.3030483407
19712 -0.3025682207
19825 -0.3022366466
40719 -0.3017973345
40777 -0.3016608722
40778 -0.3016238894
40819 -0.3011437694
40877 -0.3010073071
40919 -0.3005271871
41010 -0.3004374232
41019 -0.2999573032
41199 -0.2999002404
41205 -0.2997503936
41290 -0.2958657131
41399 -0.2958086503
41512 -0.2958002651
58552 -0.2956376534
58616 -0.2956296819
58652 -0.2946286416
58718 -0.2943993917
58752 -0.2933983514
58919 -0.2928284674
59021 -0.2928200823
102444 -0.3054064073
evaluations raw_y
1 -0.4918336951
120 -0.4892801612
203 -0.4855586976
208 -0.4853841351
209 -0.4845852337
210 -0.4811807301
283 -0.4783280707
303 -0.4746066071
308 -0.4744320446
309 -0.4736331432
310 -0.4702286396
394 -0.4678393886
403 -0.4641179250
408 -0.4639433625
409 -0.4631444611
410 -0.4597399575
503 -0.4560184939
508 -0.4558439313
523 -0.4537085501
525 -0.4525195110
558 -0.4520607654
570 -0.4519271396
584 -0.4517174109
603 -0.4479959473
608 -0.4478213847
623 -0.4456860036
625 -0.4444969645
658 -0.4440382188
670 -0.4439045930
703 -0.4401831295
708 -0.4400085669
723 -0.4378731857
725 -0.4366841466
758 -0.4362254009
803 -0.4325039373
808 -0.4323293747
823 -0.4301939936
825 -0.4290049545
903 -0.4252834909
908 -0.4251089283
923 -0.4229735471
934 -0.4223146401
987 -0.4220637411
1003 -0.4183422775
1008 -0.4181677149
1023 -0.4160323337
1034 -0.4153734267
1103 -0.4116519632
1108 -0.4114774006
1123 -0.4093420194
1201 -0.4091381920
1203 -0.4054167284
1208 -0.4052421659
1223 -0.4031067847
1303 -0.3993853211
1333 -0.3983333972
1336 -0.3981932153
1350 -0.3975614554
1403 -0.3938399918
1433 -0.3927880679
1436 -0.3926478860
1500 -0.3921443340
1503 -0.3884228704
1533 -0.3873709465
1536 -0.3872307646
1603 -0.3835093010
1633 -0.3824573771
1651 -0.3824192332
1703 -0.3786977696
1733 -0.3776458456
1803 -0.3739243821
1862 -0.3738262883
1863 -0.3735805808
1878 -0.3728920547
1903 -0.3691705912
1962 -0.3690724974
1963 -0.3688267899
1982 -0.3682615727
2003 -0.3645401091
2062 -0.3644420153
2063 -0.3641963078
2103 -0.3604748442
2162 -0.3603767504
2203 -0.3566552868
2306 -0.3564879595
2309 -0.3558534458
2311 -0.3553944908
2317 -0.3542911994
2328 -0.3509572477
2406 -0.3507899204
2409 -0.3501554067
2411 -0.3496964517
2417 -0.3485931604
2431 -0.3482544924
2466 -0.3474944890
2474 -0.3472876510
2506 -0.3471203237
2509 -0.3464858100
2511 -0.3460268550
2517 -0.3449235636
2531 -0.3445848956
2547 -0.3438473618
2566 -0.3438248923
2606 -0.3436575650
2609 -0.3430230513
2611 -0.3425640963
2617 -0.3414608049
2631 -0.3411221369
2647 -0.3403846031
2706 -0.3402172758
2709 -0.3395827621
2711 -0.3391238071
2717 -0.3380205157
2731 -0.3376818477
2806 -0.3375145204
2808 -0.3333166620
2813 -0.3319736185
2908 -0.3276084328
3009 -0.3268065918
3011 -0.3263476368
3017 -0.3252443454
3109 -0.3244425044
3111 -0.3239835494
3141 -0.3234202053
3209 -0.3226183643
3211 -0.3221594093
3226 -0.3196561123
3309 -0.3188542713
3311 -0.3183953163
3352 -0.3181821177
3379 -0.3179452168
3409 -0.3171433758
3411 -0.3166844208
3452 -0.3164712222
3509 -0.3156693812
3511 -0.3152104262
3609 -0.3144085852
3630 -0.3142093859
3698 -0.3139698926
3709 -0.3131680516
3730 -0.3129688522
3809 -0.3121670112
3923 -0.3120406058
3929 -0.3114709604
3945 -0.3114259939
3985 -0.3113889196
4023 -0.3112625142
4029 -0.3106928688
4045 -0.3106479023
4123 -0.3105214968
4129 -0.3099518515
4223 -0.3098254460
4264 -0.3093352692
4265 -0.3092982864
4323 -0.3091718809
4364 -0.3086817041
4423 -0.3085552987
4492 -0.3084747946
4497 -0.3081118202
4523 -0.3079854147
4592 -0.3079049106
4623 -0.3077785052
4677 -0.3040202301
4723 -0.3038938246
4822 -0.2985741888
4986 -0.2985171260
5099 -0.2985087408
17424 -0.2956857048
17568 -0.2950691225
27383 -0.2928002742
103440 -0.3135261469
evaluations raw_y
1 -0.5028386919
2 -0.4961863362
4 -0.4839434168
207 -0.4810882053
214 -0.4806033243
216 -0.4773809322
219 -0.4735273627
224 -0.4710582597
307 -0.4673367961
314 -0.4668519151
316 -0.4636295230
319 -0.4597759535
340 -0.4584956831
407 -0.4547742195
414 -0.4542893385
416 -0.4510669464
462 -0.4508164909
471 -0.4476006182
507 -0.4438791546
514 -0.4433942736
516 -0.4401718815
562 -0.4399214261
577 -0.4376823197
607 -0.4339608561
614 -0.4334759751
616 -0.4302535830
662 -0.4300031275
679 -0.4284997887
707 -0.4247783251
714 -0.4242934441
716 -0.4210710520
762 -0.4208205965
792 -0.4195239533
807 -0.4158024897
814 -0.4153176087
816 -0.4120952166
862 -0.4118447612
907 -0.4081232976
914 -0.4076384166
916 -0.4044160245
1007 -0.4006945609
1014 -0.4002096799
1038 -0.3977257102
1076 -0.3976798602
1107 -0.3939583966
1133 -0.3935966407
1138 -0.3909895458
1207 -0.3872680822
1233 -0.3869063264
1241 -0.3843029390
1307 -0.3805814754
1333 -0.3802197195
1350 -0.3786080199
1378 -0.3778513076
1407 -0.3741298440
1433 -0.3737680882
1450 -0.3721563885
1507 -0.3684349249
1554 -0.3666110593
1607 -0.3628895957
1663 -0.3617662046
1674 -0.3616577967
1707 -0.3579363331
1742 -0.3554931350
1807 -0.3517716714
1863 -0.3506482803
1907 -0.3469268167
1966 -0.3468287229
1981 -0.3467635998
2007 -0.3430421362
2066 -0.3429440424
2107 -0.3392225788
2209 -0.3374511998
2214 -0.3357430243
2309 -0.3339716453
2313 -0.3331114939
2393 -0.3330888943
2409 -0.3313175152
2413 -0.3304573639
2509 -0.3286859849
2521 -0.3283153823
2609 -0.3265440033
2645 -0.3264912421
2709 -0.3247198631
2730 -0.3227271491
2809 -0.3209557701
2910 -0.3204756501
2933 -0.3202597193
2934 -0.3199547298
2956 -0.3194817756
3010 -0.3190016556
3033 -0.3187857247
3034 -0.3184807352
3098 -0.3184727637
3102 -0.3182412419
3110 -0.3177611219
3133 -0.3175451911
3134 -0.3172402016
3198 -0.3172322301
3210 -0.3167521101
3233 -0.3165361793
3234 -0.3162311897
3300 -0.3160019399
3310 -0.3155218199
3333 -0.3153058891
3334 -0.3150008996
3410 -0.3145207796
3433 -0.3143048487
3510 -0.3138247287
3568 -0.3136882665
3569 -0.3136512837
3610 -0.3131711637
3668 -0.3130347014
3710 -0.3125545814
3823 -0.3122230074
3870 -0.3121399360
3923 -0.3118083620
4067 -0.3114843237
4159 -0.3107220260
4303 -0.3107136408
7500 -0.3105496700
7535 -0.3095486296
7691 -0.3094915668
7697 -0.3093417200
7702 -0.3089787456
7791 -0.3089216828
7797 -0.3087718361
7882 -0.3030693519
7991 -0.3030122891
8104 -0.3030039040
11835 -0.3027942863
11861 -0.3027280393
11902 -0.3022600469
11925 -0.3019284729
11935 -0.3015639961
11961 -0.3014977492
12025 -0.3011661751
12035 -0.3008016983
12125 -0.3004701243
12203 -0.3002318144
12225 -0.2999002404
12398 -0.2996933308
12483 -0.2958086503
12605 -0.2958002651
102038 -0.3105364475
