"function evaluation" "current f(x)" "best-so-far f(x)" "current af(x)+b" "best af(x)+b"
1 0.9708737864 0.9708737864 0.9708737864 0.9708737864
2 1.4310246136 1.4310246136 1.4310246136 1.4310246136
10 1.4425851125 1.4425851125 1.4425851125 1.4425851125
14 1.4611338399 1.4611338399 1.4611338399 1.4611338399
38 1.5105740181 1.5105740181 1.5105740181 1.5105740181
46 1.6972165648 1.6972165648 1.6972165648 1.6972165648
195 1.7041581459 1.7041581459 1.7041581459 1.7041581459
366 1.8050541516 1.8050541516 1.8050541516 1.8050541516
1107 1.8450184502 1.8450184502 1.8450184502 1.8450184502
1869 1.8504811251 1.8504811251 1.8504811251 1.8504811251
2065 1.9669551534 1.9669551534 1.9669551534 1.9669551534
9175 1.9952114924 1.9952114924 1.9952114924 1.9952114924
9452 2.1349274125 2.1349274125 2.1349274125 2.1349274125
30679 2.1607605877 2.1607605877 2.1607605877 2.1607605877
44362 2.1834061135 2.1834061135 2.1834061135 2.1834061135
100000 1.4731879788 2.1834061135 1.4731879788 2.1834061135
"function evaluation" "current f(x)" "best-so-far f(x)" "current af(x)+b" "best af(x)+b"
1 0.9269558769 0.9269558769 0.9269558769 0.9269558769
3 1.0412328197 1.0412328197 1.0412328197 1.0412328197
4 1.2813941568 1.2813941568 1.2813941568 1.2813941568
6 1.7111567420 1.7111567420 1.7111567420 1.7111567420
278 1.7642907551 1.7642907551 1.7642907551 1.7642907551
388 1.7895490336 1.7895490336 1.7895490336 1.7895490336
572 1.9455252918 1.9455252918 1.9455252918 1.9455252918
1018 1.9700551615 1.9700551615 1.9700551615 1.9700551615
1413 2.0441537204 2.0441537204 2.0441537204 2.0441537204
5214 2.2026431718 2.2026431718 2.2026431718 2.2026431718
75753 2.3562676720 2.3562676720 2.3562676720 2.3562676720
100000 0.9380863039 2.3562676720 0.9380863039 2.3562676720
"function evaluation" "current f(x)" "best-so-far f(x)" "current af(x)+b" "best af(x)+b"
1 0.6305170240 0.6305170240 0.6305170240 0.6305170240
2 0.8695652174 0.8695652174 0.8695652174 0.8695652174
3 1.1764705882 1.1764705882 1.1764705882 1.1764705882
7 1.3390465988 1.3390465988 1.3390465988 1.3390465988
9 1.4628437683 1.4628437683 1.4628437683 1.4628437683
27 1.5556938395 1.5556938395 1.5556938395 1.5556938395
75 1.6139444803 1.6139444803 1.6139444803 1.6139444803
143 1.6350555919 1.6350555919 1.6350555919 1.6350555919
187 1.6812373907 1.6812373907 1.6812373907 1.6812373907
299 1.8422991894 1.8422991894 1.8422991894 1.8422991894
1070 2.0576131687 2.0576131687 2.0576131687 2.0576131687
10011 2.1872265967 2.1872265967 2.1872265967 2.1872265967
36183 2.3342670401 2.3342670401 2.3342670401 2.3342670401
100000 1.0921799913 2.3342670401 1.0921799913 2.3342670401
"function evaluation" "current f(x)" "best-so-far f(x)" "current af(x)+b" "best af(x)+b"
1 0.6105006105 0.6105006105 0.6105006105 0.6105006105
2 0.8409014464 0.8409014464 0.8409014464 0.8409014464
3 1.2671059301 1.2671059301 1.2671059301 1.2671059301
9 1.3958682300 1.3958682300 1.3958682300 1.3958682300
10 1.5518311608 1.5518311608 1.5518311608 1.5518311608
19 1.6567263088 1.6567263088 1.6567263088 1.6567263088
189 1.6589250166 1.6589250166 1.6589250166 1.6589250166
267 1.7568517217 1.7568517217 1.7568517217 1.7568517217
637 1.8504811251 1.8504811251 1.8504811251 1.8504811251
739 1.9638648861 1.9638648861 1.9638648861 1.9638648861
1399 2.1758050479 2.1758050479 2.1758050479 2.1758050479
17849 2.2341376229 2.2341376229 2.2341376229 2.2341376229
20850 2.2502250225 2.2502250225 2.2502250225 2.2502250225
100000 1.0969723563 2.2502250225 1.0969723563 2.2502250225
"function evaluation" "current f(x)" "best-so-far f(x)" "current af(x)+b" "best af(x)+b"
1 1.2201073694 1.2201073694 1.2201073694 1.2201073694
3 1.2946659762 1.2946659762 1.2946659762 1.2946659762
11 1.4854426619 1.4854426619 1.4854426619 1.4854426619
19 1.5384615385 1.5384615385 1.5384615385 1.5384615385
102 1.5893197711 1.5893197711 1.5893197711 1.5893197711
130 1.6880486158 1.6880486158 1.6880486158 1.6880486158
170 1.7593244194 1.7593244194 1.7593244194 1.7593244194
470 1.7998560115 1.7998560115 1.7998560115 1.7998560115
1272 1.8811136193 1.8811136193 1.8811136193 1.8811136193
1313 2.0850708924 2.0850708924 2.0850708924 2.0850708924
10029 2.1910604733 2.1910604733 2.1910604733 2.1910604733
66713 2.2831050228 2.2831050228 2.2831050228 2.2831050228
76932 2.3342670401 2.3342670401 2.3342670401 2.3342670401
100000 1.2236906510 2.3342670401 1.2236906510 2.3342670401
"function evaluation" "current f(x)" "best-so-far f(x)" "current af(x)+b" "best af(x)+b"
1 1.4645577036 1.4645577036 1.4645577036 1.4645577036
41 1.4784151390 1.4784151390 1.4784151390 1.4784151390
57 1.5713387806 1.5713387806 1.5713387806 1.5713387806
282 1.5792798484 1.5792798484 1.5792798484 1.5792798484
318 1.6015374760 1.6015374760 1.6015374760 1.6015374760
345 1.9607843137 1.9607843137 1.9607843137 1.9607843137
2517 2.0475020475 2.0475020475 2.0475020475 2.0475020475
8361 2.0610057708 2.0610057708 2.0610057708 2.0610057708
12666 2.0955574183 2.0955574183 2.0955574183 2.0955574183
18143 2.3832221163 2.3832221163 2.3832221163 2.3832221163
100000 0.8547008547 2.3832221163 0.8547008547 2.3832221163
"function evaluation" "current f(x)" "best-so-far f(x)" "current af(x)+b" "best af(x)+b"
1 1.1579434924 1.1579434924 1.1579434924 1.1579434924
4 1.2619888945 1.2619888945 1.2619888945 1.2619888945
12 1.3109596224 1.3109596224 1.3109596224 1.3109596224
31 1.3974287311 1.3974287311 1.3974287311 1.3974287311
42 1.5160703457 1.5160703457 1.5160703457 1.5160703457
54 1.7768301350 1.7768301350 1.7768301350 1.7768301350
150 2.2341376229 2.2341376229 2.2341376229 2.2341376229
7151 2.5853154085 2.5853154085 2.5853154085 2.5853154085
100000 0.8375209380 2.5853154085 0.8375209380 2.5853154085
"function evaluation" "current f(x)" "best-so-far f(x)" "current af(x)+b" "best af(x)+b"
1 1.0233319689 1.0233319689 1.0233319689 1.0233319689
3 1.1008366358 1.1008366358 1.1008366358 1.1008366358
11 1.4836795252 1.4836795252 1.4836795252 1.4836795252
30 1.7445917655 1.7445917655 1.7445917655 1.7445917655
176 1.7519271198 1.7519271198 1.7519271198 1.7519271198
198 1.9425019425 1.9425019425 1.9425019425 1.9425019425
2116 2.0016012810 2.0016012810 2.0016012810 2.0016012810
2707 2.0990764064 2.0990764064 2.0990764064 2.0990764064
9283 2.1061499579 2.1061499579 2.1061499579 2.1061499579
20630 2.1459227468 2.1459227468 2.1459227468 2.1459227468
21137 2.1872265967 2.1872265967 2.1872265967 2.1872265967
65152 2.3084025854 2.3084025854 2.3084025854 2.3084025854
100000 1.0715816545 2.3084025854 1.0715816545 2.3084025854
"function evaluation" "current f(x)" "best-so-far f(x)" "current af(x)+b" "best af(x)+b"
1 1.0208248265 1.0208248265 1.0208248265 1.0208248265
2 1.1590171535 1.1590171535 1.1590171535 1.1590171535
7 1.6371971185 1.6371971185 1.6371971185 1.6371971185
98 1.8698578908 1.8698578908 1.8698578908 1.8698578908
105 2.0850708924 2.0850708924 2.0850708924 2.0850708924
1697 2.1204410517 2.1204410517 2.1204410517 2.1204410517
22152 2.1240441801 2.1240441801 2.1240441801 2.1240441801
51256 2.3169601483 2.3169601483 2.3169601483 2.3169601483
62015 2.4061597690 2.4061597690 2.4061597690 2.4061597690
100000 1.6567263088 2.4061597690 1.6567263088 2.4061597690
"function evaluation" "current f(x)" "best-so-far f(x)" "current af(x)+b" "best af(x)+b"
1 0.4910626596 0.4910626596 0.4910626596 0.4910626596
2 1.2036591237 1.2036591237 1.2036591237 1.2036591237
3 1.4261266400 1.4261266400 1.4261266400 1.4261266400
21 1.6202203500 1.6202203500 1.6202203500 1.6202203500
82 1.6926201760 1.6926201760 1.6926201760 1.6926201760
461 1.7182130584 1.7182130584 1.7182130584 1.7182130584
496 1.7470300489 1.7470300489 1.7470300489 1.7470300489
651 1.7921146953 1.7921146953 1.7921146953 1.7921146953
1450 1.7946877243 1.7946877243 1.7946877243 1.7946877243
1820 1.8208302986 1.8208302986 1.8208302986 1.8208302986
2022 1.8368846436 1.8368846436 1.8368846436 1.8368846436
2543 2.0308692120 2.0308692120 2.0308692120 2.0308692120
16623 2.1872265967 2.1872265967 2.1872265967 2.1872265967
28471 2.2706630336 2.2706630336 2.2706630336 2.2706630336
100000 1.4392630973 2.2706630336 1.4392630973 2.2706630336
