evaluations raw_y
1 57.0000000000
1225 58.0000000000
1328 59.0000000000
1430 60.0000000000
1532 61.0000000000
1633 62.0000000000
1734 63.0000000000
1837 64.0000000000
1939 65.0000000000
2040 66.0000000000
2141 67.0000000000
2242 68.0000000000
2344 69.0000000000
2448 70.0000000000
2551 71.0000000000
2652 72.0000000000
2753 73.0000000000
2854 74.0000000000
2955 75.0000000000
3057 76.0000000000
3158 77.0000000000
3259 78.0000000000
3361 79.0000000000
3462 80.0000000000
3563 81.0000000000
3664 82.0000000000
3765 83.0000000000
3866 84.0000000000
3970 85.0000000000
4072 86.0000000000
4173 87.0000000000
4275 88.0000000000
4376 89.0000000000
4485 90.0000000000
4588 91.0000000000
4693 92.0000000000
4794 93.0000000000
4895 94.0000000000
4996 95.0000000000
5098 96.0000000000
5199 97.0000000000
5300 98.0000000000
5401 99.0000000000
5502 100.0000000000
101731 99.0000000000
evaluations raw_y
1 46.0000000000
2 52.0000000000
3 53.0000000000
104 54.0000000000
205 55.0000000000
306 56.0000000000
407 57.0000000000
508 58.0000000000
609 59.0000000000
712 60.0000000000
817 61.0000000000
918 62.0000000000
1019 63.0000000000
1124 64.0000000000
1226 65.0000000000
1330 66.0000000000
1432 67.0000000000
1533 68.0000000000
1634 69.0000000000
1735 70.0000000000
1838 71.0000000000
1939 72.0000000000
2044 73.0000000000
2147 74.0000000000
2250 75.0000000000
2351 76.0000000000
2454 77.0000000000
2556 78.0000000000
2657 79.0000000000
2758 80.0000000000
2861 81.0000000000
2963 82.0000000000
3069 83.0000000000
3173 84.0000000000
3276 85.0000000000
3378 86.0000000000
3479 87.0000000000
3581 88.0000000000
3683 89.0000000000
3784 90.0000000000
3887 91.0000000000
3988 92.0000000000
4089 93.0000000000
4190 94.0000000000
4292 95.0000000000
4393 96.0000000000
4495 97.0000000000
4596 98.0000000000
4698 99.0000000000
4801 100.0000000000
103236 99.0000000000
evaluations raw_y
1 51.0000000000
514 52.0000000000
618 53.0000000000
720 54.0000000000
821 55.0000000000
922 56.0000000000
1025 57.0000000000
1126 58.0000000000
1227 59.0000000000
1331 60.0000000000
1435 61.0000000000
1536 62.0000000000
1638 63.0000000000
1739 64.0000000000
1843 65.0000000000
1944 66.0000000000
2047 67.0000000000
2148 68.0000000000
2249 69.0000000000
2352 70.0000000000
2453 71.0000000000
2556 72.0000000000
2659 73.0000000000
2761 74.0000000000
2862 75.0000000000
2963 76.0000000000
3064 77.0000000000
3167 78.0000000000
3268 79.0000000000
3369 80.0000000000
3471 81.0000000000
3572 82.0000000000
3673 83.0000000000
3775 84.0000000000
3876 85.0000000000
3978 86.0000000000
4081 87.0000000000
4182 88.0000000000
4284 89.0000000000
4386 90.0000000000
4489 91.0000000000
4590 92.0000000000
4691 93.0000000000
4792 94.0000000000
4893 95.0000000000
4994 96.0000000000
5096 97.0000000000
5199 98.0000000000
5300 99.0000000000
5402 100.0000000000
100133 99.0000000000
evaluations raw_y
1 46.0000000000
2 51.0000000000
3 52.0000000000
107 53.0000000000
208 54.0000000000
309 55.0000000000
411 56.0000000000
513 57.0000000000
615 58.0000000000
718 59.0000000000
820 60.0000000000
923 61.0000000000
1028 62.0000000000
1129 63.0000000000
1230 64.0000000000
1331 65.0000000000
1433 66.0000000000
1535 67.0000000000
1637 68.0000000000
1740 69.0000000000
1842 70.0000000000
1943 71.0000000000
2044 72.0000000000
2146 73.0000000000
2247 74.0000000000
2348 75.0000000000
2450 76.0000000000
2552 77.0000000000
2654 78.0000000000
2755 79.0000000000
2857 80.0000000000
2958 81.0000000000
3062 82.0000000000
3164 83.0000000000
3265 84.0000000000
3366 85.0000000000
3470 86.0000000000
3571 87.0000000000
3673 88.0000000000
3775 89.0000000000
3877 90.0000000000
3978 91.0000000000
4082 92.0000000000
4183 93.0000000000
4289 94.0000000000
4391 95.0000000000
4492 96.0000000000
4596 97.0000000000
4700 98.0000000000
4801 99.0000000000
4902 100.0000000000
101422 99.0000000000
evaluations raw_y
1 51.0000000000
508 52.0000000000
609 53.0000000000
711 54.0000000000
812 55.0000000000
913 56.0000000000
1017 57.0000000000
1118 58.0000000000
1220 59.0000000000
1321 60.0000000000
1422 61.0000000000
1523 62.0000000000
1627 63.0000000000
1732 64.0000000000
1833 65.0000000000
1934 66.0000000000
2035 67.0000000000
2136 68.0000000000
2238 69.0000000000
2340 70.0000000000
2442 71.0000000000
2543 72.0000000000
2644 73.0000000000
2745 74.0000000000
2848 75.0000000000
2952 76.0000000000
3054 77.0000000000
3156 78.0000000000
3258 79.0000000000
3360 80.0000000000
3461 81.0000000000
3564 82.0000000000
3667 83.0000000000
3770 84.0000000000
3872 85.0000000000
3974 86.0000000000
4075 87.0000000000
4176 88.0000000000
4277 89.0000000000
4379 90.0000000000
4480 91.0000000000
4581 92.0000000000
4686 93.0000000000
4788 94.0000000000
4889 95.0000000000
4991 96.0000000000
5094 97.0000000000
5195 98.0000000000
5297 99.0000000000
5401 100.0000000000
103436 99.0000000000
evaluations raw_y
1 54.0000000000
5 55.0000000000
618 56.0000000000
719 57.0000000000
821 58.0000000000
922 59.0000000000
1026 60.0000000000
1127 61.0000000000
1228 62.0000000000
1329 63.0000000000
1431 64.0000000000
1532 65.0000000000
1633 66.0000000000
1735 67.0000000000
1838 68.0000000000
1939 69.0000000000
2040 70.0000000000
2144 71.0000000000
2247 72.0000000000
2352 73.0000000000
2453 74.0000000000
2555 75.0000000000
2660 76.0000000000
2761 77.0000000000
2862 78.0000000000
2963 79.0000000000
3065 80.0000000000
3166 81.0000000000
3267 82.0000000000
3368 83.0000000000
3470 84.0000000000
3577 85.0000000000
3679 86.0000000000
3781 87.0000000000
3885 88.0000000000
3990 89.0000000000
4091 90.0000000000
4192 91.0000000000
4293 92.0000000000
4394 93.0000000000
4495 94.0000000000
4598 95.0000000000
4699 96.0000000000
4800 97.0000000000
4901 98.0000000000
5004 99.0000000000
5106 100.0000000000
104138 99.0000000000
evaluations raw_y
1 45.0000000000
3 50.0000000000
108 51.0000000000
210 52.0000000000
313 53.0000000000
414 54.0000000000
516 55.0000000000
619 56.0000000000
720 57.0000000000
821 58.0000000000
922 59.0000000000
1024 60.0000000000
1127 61.0000000000
1231 62.0000000000
1332 63.0000000000
1433 64.0000000000
1535 65.0000000000
1636 66.0000000000
1737 67.0000000000
1838 68.0000000000
1939 69.0000000000
2041 70.0000000000
2143 71.0000000000
2244 72.0000000000
2345 73.0000000000
2446 74.0000000000
2547 75.0000000000
2649 76.0000000000
2751 77.0000000000
2853 78.0000000000
2954 79.0000000000
3056 80.0000000000
3157 81.0000000000
3258 82.0000000000
3359 83.0000000000
3460 84.0000000000
3561 85.0000000000
3664 86.0000000000
3765 87.0000000000
3869 88.0000000000
3974 89.0000000000
4077 90.0000000000
4179 91.0000000000
4280 92.0000000000
4387 93.0000000000
4490 94.0000000000
4593 95.0000000000
4694 96.0000000000
4797 97.0000000000
4898 98.0000000000
4999 99.0000000000
5104 100.0000000000
101340 99.0000000000
evaluations raw_y
1 55.0000000000
617 56.0000000000
719 57.0000000000
821 58.0000000000
925 59.0000000000
1026 60.0000000000
1128 61.0000000000
1231 62.0000000000
1332 63.0000000000
1435 64.0000000000
1536 65.0000000000
1639 66.0000000000
1740 67.0000000000
1842 68.0000000000
1944 69.0000000000
2046 70.0000000000
2148 71.0000000000
2249 72.0000000000
2350 73.0000000000
2451 74.0000000000
2552 75.0000000000
2654 76.0000000000
2755 77.0000000000
2856 78.0000000000
2957 79.0000000000
3058 80.0000000000
3159 81.0000000000
3266 82.0000000000
3368 83.0000000000
3470 84.0000000000
3571 85.0000000000
3674 86.0000000000
3775 87.0000000000
3876 88.0000000000
3977 89.0000000000
4080 90.0000000000
4183 91.0000000000
4285 92.0000000000
4389 93.0000000000
4490 94.0000000000
4592 95.0000000000
4695 96.0000000000
4797 97.0000000000
4899 98.0000000000
5000 99.0000000000
5102 100.0000000000
103629 99.0000000000
evaluations raw_y
1 46.0000000000
2 50.0000000000
4 51.0000000000
106 52.0000000000
209 53.0000000000
310 54.0000000000
411 55.0000000000
512 56.0000000000
614 57.0000000000
715 58.0000000000
816 59.0000000000
921 60.0000000000
1022 61.0000000000
1123 62.0000000000
1224 63.0000000000
1325 64.0000000000
1426 65.0000000000
1532 66.0000000000
1635 67.0000000000
1736 68.0000000000
1837 69.0000000000
1938 70.0000000000
2040 71.0000000000
2148 72.0000000000
2249 73.0000000000
2353 74.0000000000
2455 75.0000000000
2560 76.0000000000
2661 77.0000000000
2768 78.0000000000
2869 79.0000000000
2971 80.0000000000
3072 81.0000000000
3176 82.0000000000
3278 83.0000000000
3379 84.0000000000
3482 85.0000000000
3583 86.0000000000
3685 87.0000000000
3786 88.0000000000
3888 89.0000000000
3989 90.0000000000
4090 91.0000000000
4191 92.0000000000
4293 93.0000000000
4394 94.0000000000
4495 95.0000000000
4597 96.0000000000
4699 97.0000000000
4800 98.0000000000
4901 99.0000000000
5002 100.0000000000
100035 99.0000000000
evaluations raw_y
1 46.0000000000
510 47.0000000000
612 48.0000000000
717 49.0000000000
818 50.0000000000
919 51.0000000000
1021 52.0000000000
1122 53.0000000000
1223 54.0000000000
1324 55.0000000000
1425 56.0000000000
1526 57.0000000000
1627 58.0000000000
1728 59.0000000000
1832 60.0000000000
1933 61.0000000000
2036 62.0000000000
2138 63.0000000000
2239 64.0000000000
2343 65.0000000000
2447 66.0000000000
2548 67.0000000000
2649 68.0000000000
2750 69.0000000000
2852 70.0000000000
2953 71.0000000000
3055 72.0000000000
3157 73.0000000000
3258 74.0000000000
3360 75.0000000000
3461 76.0000000000
3562 77.0000000000
3663 78.0000000000
3764 79.0000000000
3865 80.0000000000
3968 81.0000000000
4069 82.0000000000
4170 83.0000000000
4272 84.0000000000
4373 85.0000000000
4476 86.0000000000
4577 87.0000000000
4678 88.0000000000
4779 89.0000000000
4883 90.0000000000
4986 91.0000000000
5089 92.0000000000
5190 93.0000000000
5291 94.0000000000
5393 95.0000000000
5497 96.0000000000
5598 97.0000000000
5699 98.0000000000
5800 99.0000000000
5901 100.0000000000
100730 99.0000000000
