evaluations raw_y
1 1.0780508840
2 1.3594344753
6 1.4766686356
10 1.6393442623
65 1.6523463318
104 1.6677785190
106 1.6722408027
110 1.8839487566
122 1.8953752843
129 1.9607843137
181 1.9669551534
206 1.9700551615
210 2.1758050479
222 2.1910604733
245 2.2706630336
305 2.2831050228
310 2.4533856722
329 2.5025025025
422 2.6123301985
502 2.6455026455
522 2.9103608847
610 3.0303030303
687 3.0599755202
710 3.2258064516
824 3.3738191633
930 3.4199726402
1066 3.4674063800
1201 3.5161744023
1236 3.5460992908
1278 3.5868005739
8251 3.6710719530
11403 3.9001560062
11509 3.9619651347
13025 3.9745627981
13053 4.0257648953
13125 4.4091710758
13230 4.6904315197
100975 3.2938076416
evaluations raw_y
1 0.8226390260
2 1.1933174224
10 1.2248897599
17 1.3638843426
53 1.4164305949
109 1.4442518775
117 1.5752993069
130 1.6118633140
158 1.6677785190
216 1.6744809109
217 1.8155410312
230 1.8698578908
282 1.9577133908
313 1.9607843137
317 2.0242914980
318 2.0712510356
329 2.1061499579
334 2.3342670401
417 2.3386342376
426 2.3923444976
447 2.5588536336
512 2.6399155227
524 2.8058361392
636 2.9726516052
723 3.0084235860
772 3.0376670717
1912 3.1525851198
1916 3.1847133758
2018 3.2425421530
2123 3.2851511170
2146 3.3200531208
2150 3.4293552812
2228 3.7257824143
7235 3.7593984962
13142 3.7821482602
15722 4.0916530278
17321 4.1186161450
17483 4.3327556326
17504 4.6904315197
101073 3.4013605442
evaluations raw_y
1 1.1831519167
33 1.2165450122
42 1.2481278083
61 1.2840267078
107 1.3974287311
110 1.4068655037
114 1.4526438117
133 1.5234613041
207 1.5634771732
210 1.6545334216
214 1.6812373907
223 1.7088174983
251 1.7470300489
254 1.7717930546
307 1.7844396859
310 1.7998560115
314 1.8422991894
323 1.8587360595
331 1.9040365575
351 1.9394879752
407 1.9607843137
414 2.1061499579
522 2.1385799829
523 2.2222222222
532 2.3741690408
623 2.4826216485
644 2.6624068158
722 2.6910656620
727 2.7746947836
741 2.8376844495
831 2.8702640643
876 2.9239766082
882 2.9655990510
916 2.9726516052
928 3.0012004802
966 3.1847133758
1024 3.2765399738
1181 3.3557046980
1194 3.5460992908
1223 3.6818851252
1313 3.9246467818
1431 4.0916530278
9893 4.1736227045
9972 4.2158516020
10015 4.2301184433
10097 4.3478260870
10115 4.5871559633
10244 4.6382189239
101372 2.8441410694
evaluations raw_y
1 0.9574875527
2 0.9885330170
3 1.0780508840
6 1.1047282369
20 1.1106175033
40 1.1600928074
62 1.2531328321
103 1.3234515617
106 1.3491635186
115 1.4068655037
171 1.4492753623
203 1.5403573629
206 1.5713387806
220 1.6414970453
303 1.7494751575
306 1.7743080199
328 1.7793594306
351 1.7998560115
399 1.8811136193
403 1.9425019425
406 1.9920318725
415 2.0177562550
451 2.0990764064
503 2.2301516503
555 2.3041474654
601 2.3651844844
603 2.4248302619
642 2.4437927664
648 2.4925224327
655 2.5125628141
726 2.6455026455
823 2.6624068158
889 2.7085590466
898 2.7442371021
915 2.7624309392
928 2.8121484814
996 2.8248587571
1000 2.8506271380
1020 2.9377203290
1021 2.9940119760
1028 3.0826140567
1139 3.1055900621
1166 3.2679738562
1221 3.4199726402
1314 3.4482758621
1339 3.5460992908
1353 3.5868005739
1409 3.5971223022
1439 3.7481259370
1580 3.8284839204
1693 4.2589437819
38275 4.2881646655
38402 4.3029259897
46702 4.3177892919
101472 3.3288948069
evaluations raw_y
1 1.0183299389
2 1.1399908801
3 1.1558021267
8 1.1978917106
22 1.2531328321
40 1.2973533991
82 1.3137151865
108 1.4196479273
122 1.4293882218
133 1.4907573047
208 1.5792798484
222 1.6414970453
298 1.7277125086
306 1.7445917655
308 1.8208302986
334 1.8261504748
347 1.9334880124
356 2.0145044319
415 2.0177562550
437 2.1061499579
443 2.1132713440
447 2.3342670401
508 2.3474178404
540 2.3832221163
542 2.4679170780
543 2.5380710660
608 2.7563395810
688 2.7685492802
705 2.7870680045
759 3.0012004802
805 3.0978934325
910 3.2851511170
1035 3.3647375505
1171 3.4867503487
1228 3.5161744023
1242 3.5765379113
1339 3.8051750381
3893 3.8880248834
3951 3.9745627981
11140 4.0000000000
15256 4.2158516020
33438 4.2589437819
58854 4.4722719141
59019 4.5207956600
67166 4.5871559633
70945 4.7619047619
100871 2.6068821689
evaluations raw_y
1 0.9201324991
104 0.9242144177
114 0.9538344143
125 0.9716284493
146 0.9838646202
181 1.0141987830
203 1.1473152822
204 1.1494252874
213 1.1536686664
214 1.1820330969
225 1.2658227848
246 1.2840267078
303 1.4492753623
304 1.5124016939
325 1.5933715743
403 1.7869907076
404 1.8896447468
503 2.0408163265
551 2.0678246485
570 2.1097046414
590 2.1240441801
603 2.2026431718
609 2.3084025854
708 2.3386342376
712 2.3741690408
750 2.4015369837
765 2.4295432459
777 2.5693730730
803 2.8058361392
908 2.8506271380
926 2.8901734104
950 2.9171528588
1008 3.1289111389
1017 3.1605562579
1116 3.2341526520
1151 3.3025099075
1208 3.4578146611
1247 3.4770514604
1307 3.6075036075
1308 3.6927621861
1407 3.9370078740
1516 3.9745627981
1599 4.0000000000
1628 4.0387722132
20292 4.0916530278
20345 4.1597337770
20499 4.2016806723
30270 4.2881646655
69980 4.4404973357
100373 3.1605562579
evaluations raw_y
1 1.0403662089
22 1.0789814415
32 1.1037527594
71 1.1944577162
103 1.3361838589
146 1.3419216318
162 1.3448090371
203 1.4628437683
214 1.5015015015
280 1.5384615385
303 1.6077170418
307 1.6329196604
322 1.6767270288
373 1.7421602787
407 1.8477457502
414 1.8532246108
422 1.8982536067
502 1.9157088123
507 1.9546520719
517 2.0242914980
544 2.0508613618
591 2.0920502092
607 2.2381378693
639 2.2872827081
646 2.3126734505
712 2.3169601483
714 2.4342745862
721 2.4630541872
801 2.5960539979
814 2.6123301985
815 2.6680896478
839 2.6910656620
854 2.7624309392
898 2.9726516052
917 2.9940119760
927 3.0084235860
938 3.0674846626
954 3.0826140567
1032 3.1210986267
1038 3.1685678074
1039 3.2851511170
1132 3.3288948069
1138 3.3467202142
1227 3.5663338088
1328 3.6390101892
1332 3.6818851252
1404 3.6927621861
7497 3.7257824143
7508 3.8520801233
7647 3.9619651347
10331 4.0387722132
13648 4.0783034258
18935 4.2158516020
19088 4.3177892919
100372 2.8768699655
evaluations raw_y
1 1.4979029359
26 1.5441630636
30 1.5832805573
106 1.5974440895
110 1.6567263088
112 1.7543859649
126 1.9215987702
210 2.0242914980
212 2.1422450728
310 2.2789425706
392 2.3299161230
414 2.4248302619
437 2.4342745862
453 2.4826216485
529 2.7262813522
637 2.7442371021
639 2.8058361392
663 2.8441410694
666 2.9515938607
737 2.9726516052
763 3.1210986267
798 3.1367628607
838 3.2092426187
863 3.2594524120
902 3.4013605442
914 3.4293552812
1060 3.4770514604
3375 3.7821482602
11512 3.8639876352
11643 4.0000000000
11760 4.0387722132
14310 4.3327556326
14376 4.3478260870
61062 4.5207956600
100273 3.3112582781
evaluations raw_y
1 0.9582215408
2 1.5422578655
3 1.5673981191
4 1.5954052329
7 1.7135023989
19 1.8559762435
104 1.8982536067
107 1.9825535289
116 2.0475020475
207 2.1570319241
226 2.2502250225
304 2.2789425706
307 2.4582104228
325 2.5906735751
404 2.6288117771
407 2.7563395810
420 2.7685492802
504 2.8248587571
507 2.9308323564
1108 3.0084235860
1119 3.1289111389
1213 3.1525851198
1217 3.2175032175
1256 3.4106412005
1313 3.5561877667
1317 3.6390101892
1363 3.7707390649
1413 3.7821482602
1493 4.2158516020
3411 4.2589437819
5997 4.5045045045
91184 4.6210720887
100772 3.0084235860
evaluations raw_y
1 0.9582215408
2 1.2506253127
3 1.2543903663
5 1.2879958784
7 1.3068478829
11 1.3347570742
23 1.5015015015
103 1.5253203173
105 1.5913430936
111 1.5954052329
124 1.6414970453
134 1.6812373907
163 1.7519271198
204 1.8642803878
211 1.9334880124
234 1.9638648861
304 2.0576131687
311 2.1061499579
343 2.1496130696
382 2.2502250225
404 2.4015369837
460 2.4875621891
504 2.7563395810
639 2.8506271380
700 2.9726516052
1895 3.0084235860
1942 3.0450669915
2020 3.0826140567
2025 3.3288948069
2133 3.3377837116
2187 3.5260930889
2223 3.7037037037
2358 3.7147102526
2440 3.8402457757
2591 3.8520801233
2611 3.8639876352
5794 3.9001560062
5850 3.9619651347
8082 4.1736227045
8164 4.2158516020
47560 4.3029259897
75514 4.3782837128
88496 4.6382189239
100171 3.2010243278
