evaluations raw_y
1 0.0000000000
3 1.0000000000
104 2.0000000000
205 3.0000000000
306 4.0000000000
407 5.0000000000
508 6.0000000000
609 7.0000000000
710 8.0000000000
811 11.0000000000
914 13.0000000000
1016 16.0000000000
1119 17.0000000000
1220 20.0000000000
1323 21.0000000000
1424 25.0000000000
1528 26.0000000000
1629 27.0000000000
1730 29.0000000000
1832 31.0000000000
1934 34.0000000000
2037 35.0000000000
2138 36.0000000000
2239 38.0000000000
2341 39.0000000000
2442 42.0000000000
2545 43.0000000000
2646 45.0000000000
2748 46.0000000000
2849 52.0000000000
2955 54.0000000000
3057 56.0000000000
3159 57.0000000000
3260 58.0000000000
3361 59.0000000000
3462 60.0000000000
3563 61.0000000000
3664 62.0000000000
3765 63.0000000000
3866 66.0000000000
3969 67.0000000000
4070 69.0000000000
4172 70.0000000000
4273 74.0000000000
4377 76.0000000000
4479 77.0000000000
4580 78.0000000000
4681 80.0000000000
4783 81.0000000000
4884 82.0000000000
4985 84.0000000000
5087 86.0000000000
5189 88.0000000000
5291 89.0000000000
5392 90.0000000000
5493 91.0000000000
5594 92.0000000000
5695 95.0000000000
5798 97.0000000000
5900 100.0000000000
100000 30.0000000000
evaluations raw_y
1 0.0000000000
2 1.0000000000
4 3.0000000000
106 4.0000000000
207 5.0000000000
308 9.0000000000
412 11.0000000000
514 13.0000000000
616 18.0000000000
721 19.0000000000
822 21.0000000000
924 22.0000000000
1025 23.0000000000
1126 28.0000000000
1231 30.0000000000
1333 33.0000000000
1436 34.0000000000
1537 35.0000000000
1638 36.0000000000
1739 37.0000000000
1840 38.0000000000
1941 40.0000000000
2043 43.0000000000
2146 49.0000000000
2252 50.0000000000
2353 51.0000000000
2454 52.0000000000
2555 53.0000000000
2656 54.0000000000
2757 56.0000000000
2859 59.0000000000
2962 60.0000000000
3063 61.0000000000
3164 62.0000000000
3265 63.0000000000
3366 64.0000000000
3467 65.0000000000
3568 67.0000000000
3670 68.0000000000
3771 69.0000000000
3872 70.0000000000
3973 75.0000000000
4078 76.0000000000
4179 79.0000000000
4282 82.0000000000
4385 84.0000000000
4487 85.0000000000
4588 89.0000000000
4692 91.0000000000
4794 93.0000000000
4896 94.0000000000
4997 95.0000000000
5098 100.0000000000
100000 38.0000000000
evaluations raw_y
1 0.0000000000
2 1.0000000000
4 2.0000000000
105 8.0000000000
211 9.0000000000
312 10.0000000000
413 12.0000000000
515 13.0000000000
616 14.0000000000
717 15.0000000000
818 16.0000000000
919 17.0000000000
1020 20.0000000000
1123 24.0000000000
1227 26.0000000000
1329 28.0000000000
1431 31.0000000000
1534 32.0000000000
1635 35.0000000000
1738 37.0000000000
1840 38.0000000000
1941 39.0000000000
2042 40.0000000000
2143 42.0000000000
2245 43.0000000000
2346 46.0000000000
2449 47.0000000000
2550 48.0000000000
2651 49.0000000000
2752 50.0000000000
2853 51.0000000000
2954 54.0000000000
3057 55.0000000000
3158 57.0000000000
3260 58.0000000000
3361 60.0000000000
3463 61.0000000000
3564 63.0000000000
3666 64.0000000000
3767 65.0000000000
3868 66.0000000000
3969 67.0000000000
4070 68.0000000000
4171 72.0000000000
4275 73.0000000000
4376 76.0000000000
4479 77.0000000000
4580 80.0000000000
4683 83.0000000000
4786 84.0000000000
4887 87.0000000000
4990 88.0000000000
5091 91.0000000000
5194 93.0000000000
5296 94.0000000000
5397 95.0000000000
5498 96.0000000000
5599 98.0000000000
5701 100.0000000000
100000 32.0000000000
evaluations raw_y
1 3.0000000000
104 5.0000000000
208 8.0000000000
311 10.0000000000
413 13.0000000000
516 16.0000000000
619 18.0000000000
721 21.0000000000
824 23.0000000000
926 27.0000000000
1030 28.0000000000
1131 30.0000000000
1233 32.0000000000
1335 33.0000000000
1436 35.0000000000
1538 37.0000000000
1640 38.0000000000
1741 39.0000000000
1842 40.0000000000
1943 42.0000000000
2045 44.0000000000
2147 45.0000000000
2248 49.0000000000
2352 51.0000000000
2454 52.0000000000
2555 53.0000000000
2656 54.0000000000
2757 57.0000000000
2860 58.0000000000
2961 62.0000000000
3065 63.0000000000
3166 67.0000000000
3270 68.0000000000
3371 69.0000000000
3472 70.0000000000
3573 71.0000000000
3674 72.0000000000
3775 74.0000000000
3877 76.0000000000
3979 77.0000000000
4080 78.0000000000
4181 79.0000000000
4282 80.0000000000
4383 81.0000000000
4484 82.0000000000
4585 84.0000000000
4687 87.0000000000
4790 88.0000000000
4891 89.0000000000
4992 90.0000000000
5093 91.0000000000
5194 92.0000000000
5295 94.0000000000
5397 95.0000000000
5498 96.0000000000
5599 98.0000000000
5701 99.0000000000
5802 100.0000000000
100000 31.0000000000
evaluations raw_y
1 1.0000000000
4 3.0000000000
106 8.0000000000
211 9.0000000000
312 10.0000000000
413 12.0000000000
515 15.0000000000
618 17.0000000000
720 22.0000000000
825 24.0000000000
927 25.0000000000
1028 27.0000000000
1130 28.0000000000
1231 29.0000000000
1332 30.0000000000
1433 31.0000000000
1534 32.0000000000
1635 33.0000000000
1736 34.0000000000
1837 35.0000000000
1938 40.0000000000
2043 41.0000000000
2144 43.0000000000
2246 44.0000000000
2347 46.0000000000
2449 50.0000000000
2553 51.0000000000
2654 52.0000000000
2755 53.0000000000
2856 55.0000000000
2958 56.0000000000
3059 57.0000000000
3160 58.0000000000
3261 59.0000000000
3362 61.0000000000
3464 64.0000000000
3567 65.0000000000
3668 69.0000000000
3772 70.0000000000
3873 73.0000000000
3976 74.0000000000
4077 76.0000000000
4179 77.0000000000
4280 79.0000000000
4382 81.0000000000
4484 82.0000000000
4585 84.0000000000
4687 88.0000000000
4791 90.0000000000
4893 91.0000000000
4994 93.0000000000
5096 95.0000000000
5198 96.0000000000
5299 99.0000000000
5402 100.0000000000
100000 35.0000000000
evaluations raw_y
1 1.0000000000
3 3.0000000000
106 4.0000000000
207 8.0000000000
311 10.0000000000
413 11.0000000000
514 13.0000000000
616 15.0000000000
718 16.0000000000
819 19.0000000000
922 20.0000000000
1023 22.0000000000
1125 23.0000000000
1226 26.0000000000
1329 28.0000000000
1431 32.0000000000
1535 33.0000000000
1636 36.0000000000
1739 42.0000000000
1845 43.0000000000
1946 44.0000000000
2047 45.0000000000
2148 47.0000000000
2250 48.0000000000
2351 50.0000000000
2453 53.0000000000
2556 55.0000000000
2658 56.0000000000
2759 57.0000000000
2860 63.0000000000
2966 66.0000000000
3069 67.0000000000
3170 69.0000000000
3272 70.0000000000
3373 71.0000000000
3474 73.0000000000
3576 75.0000000000
3678 78.0000000000
3781 79.0000000000
3882 80.0000000000
3983 82.0000000000
4085 84.0000000000
4187 86.0000000000
4289 88.0000000000
4391 89.0000000000
4492 91.0000000000
4594 92.0000000000
4695 94.0000000000
4797 96.0000000000
4899 98.0000000000
5001 100.0000000000
100000 39.0000000000
evaluations raw_y
1 0.0000000000
3 1.0000000000
104 3.0000000000
206 4.0000000000
307 5.0000000000
408 6.0000000000
509 7.0000000000
610 9.0000000000
712 12.0000000000
815 13.0000000000
916 14.0000000000
1017 15.0000000000
1118 17.0000000000
1220 18.0000000000
1321 19.0000000000
1422 21.0000000000
1524 22.0000000000
1625 24.0000000000
1727 25.0000000000
1828 26.0000000000
1929 27.0000000000
2030 28.0000000000
2131 29.0000000000
2232 30.0000000000
2333 31.0000000000
2434 36.0000000000
2539 37.0000000000
2640 39.0000000000
2742 41.0000000000
2844 42.0000000000
2945 43.0000000000
3046 44.0000000000
3147 46.0000000000
3249 50.0000000000
3353 53.0000000000
3456 55.0000000000
3558 59.0000000000
3662 60.0000000000
3763 62.0000000000
3865 63.0000000000
3966 64.0000000000
4067 66.0000000000
4169 67.0000000000
4270 70.0000000000
4373 72.0000000000
4475 73.0000000000
4576 74.0000000000
4677 75.0000000000
4778 76.0000000000
4879 77.0000000000
4980 78.0000000000
5081 79.0000000000
5182 80.0000000000
5283 84.0000000000
5387 85.0000000000
5488 90.0000000000
5593 91.0000000000
5694 93.0000000000
5796 94.0000000000
5897 96.0000000000
5999 97.0000000000
6100 98.0000000000
6201 99.0000000000
6302 100.0000000000
100000 26.0000000000
evaluations raw_y
1 2.0000000000
4 4.0000000000
107 8.0000000000
211 12.0000000000
315 13.0000000000
416 19.0000000000
522 24.0000000000
627 28.0000000000
731 33.0000000000
836 34.0000000000
937 35.0000000000
1038 37.0000000000
1140 38.0000000000
1241 39.0000000000
1342 40.0000000000
1443 41.0000000000
1544 42.0000000000
1645 44.0000000000
1747 48.0000000000
1851 51.0000000000
1954 53.0000000000
2056 56.0000000000
2159 61.0000000000
2264 63.0000000000
2366 68.0000000000
2471 72.0000000000
2575 73.0000000000
2676 74.0000000000
2777 77.0000000000
2880 78.0000000000
2981 80.0000000000
3083 85.0000000000
3188 91.0000000000
3294 92.0000000000
3395 94.0000000000
3497 95.0000000000
3598 96.0000000000
3699 97.0000000000
3800 98.0000000000
3901 99.0000000000
4002 100.0000000000
100000 49.0000000000
evaluations raw_y
1 0.0000000000
3 1.0000000000
104 2.0000000000
205 4.0000000000
307 5.0000000000
408 8.0000000000
511 11.0000000000
614 12.0000000000
715 13.0000000000
816 21.0000000000
924 24.0000000000
1027 25.0000000000
1128 26.0000000000
1229 27.0000000000
1330 29.0000000000
1432 33.0000000000
1536 34.0000000000
1637 35.0000000000
1738 36.0000000000
1839 37.0000000000
1940 39.0000000000
2042 40.0000000000
2143 41.0000000000
2244 44.0000000000
2347 45.0000000000
2448 46.0000000000
2549 48.0000000000
2651 61.0000000000
2764 62.0000000000
2865 65.0000000000
2968 69.0000000000
3072 70.0000000000
3173 73.0000000000
3276 74.0000000000
3377 75.0000000000
3478 77.0000000000
3580 80.0000000000
3683 82.0000000000
3785 84.0000000000
3887 85.0000000000
3988 87.0000000000
4090 88.0000000000
4191 90.0000000000
4293 91.0000000000
4394 93.0000000000
4496 95.0000000000
4598 96.0000000000
4699 97.0000000000
4800 98.0000000000
4901 100.0000000000
100000 40.0000000000
evaluations raw_y
1 0.0000000000
2 1.0000000000
4 2.0000000000
105 3.0000000000
206 4.0000000000
307 5.0000000000
408 6.0000000000
509 8.0000000000
611 11.0000000000
714 12.0000000000
815 13.0000000000
916 17.0000000000
1020 18.0000000000
1121 22.0000000000
1225 23.0000000000
1326 25.0000000000
1428 27.0000000000
1530 28.0000000000
1631 31.0000000000
1734 32.0000000000
1835 33.0000000000
1936 34.0000000000
2037 36.0000000000
2139 40.0000000000
2243 42.0000000000
2345 45.0000000000
2448 47.0000000000
2550 48.0000000000
2651 50.0000000000
2753 51.0000000000
2854 53.0000000000
2956 54.0000000000
3057 56.0000000000
3159 60.0000000000
3263 61.0000000000
3364 62.0000000000
3465 63.0000000000
3566 67.0000000000
3670 68.0000000000
3771 71.0000000000
3874 72.0000000000
3975 74.0000000000
4077 77.0000000000
4180 79.0000000000
4282 80.0000000000
4383 82.0000000000
4485 83.0000000000
4586 85.0000000000
4688 86.0000000000
4789 90.0000000000
4893 91.0000000000
4994 92.0000000000
5095 93.0000000000
5196 94.0000000000
5297 95.0000000000
5398 96.0000000000
5499 97.0000000000
5600 98.0000000000
5701 99.0000000000
5802 100.0000000000
100000 31.0000000000
