evaluations raw_y
1 -0.5087805952
2 -0.4997639029
5 -0.4979925239
7 -0.4947141949
14 -0.4895867883
84 -0.4891900648
105 -0.4874186858
107 -0.4841403568
114 -0.4790129502
194 -0.4787013827
205 -0.4769300037
207 -0.4736516747
214 -0.4685242681
305 -0.4667528891
307 -0.4634745601
315 -0.4624275211
323 -0.4606045879
331 -0.4591945404
405 -0.4574231613
407 -0.4541448324
413 -0.4534863111
415 -0.4530977934
423 -0.4512748602
449 -0.4505673344
505 -0.4487959554
507 -0.4455176264
513 -0.4448591052
515 -0.4444705875
523 -0.4426476542
553 -0.4425879990
580 -0.4420533120
605 -0.4402819330
607 -0.4370036040
613 -0.4363450828
615 -0.4359565650
623 -0.4341336318
653 -0.4340739765
705 -0.4323025975
707 -0.4290242686
713 -0.4283657473
715 -0.4279772296
723 -0.4261542964
805 -0.4243829173
807 -0.4211045884
813 -0.4204460671
815 -0.4200575494
832 -0.4183166336
905 -0.4165452546
910 -0.4148370791
913 -0.4126084044
915 -0.4122198866
940 -0.4116182704
978 -0.4113198715
1005 -0.4095484924
1010 -0.4078403169
1013 -0.4056116422
1015 -0.4052231245
1040 -0.4046215082
1105 -0.4028501292
1110 -0.4011419537
1113 -0.3989132790
1115 -0.3985247613
1142 -0.3980962380
1205 -0.3963248590
1210 -0.3946166834
1213 -0.3923880088
1215 -0.3919994910
1248 -0.3918075395
1305 -0.3900361605
1310 -0.3883279850
1313 -0.3860993103
1315 -0.3857107926
1405 -0.3839394136
1410 -0.3822312380
1413 -0.3800025634
1476 -0.3797185837
1505 -0.3779472047
1510 -0.3762390292
1513 -0.3740103545
1605 -0.3722389755
1610 -0.3705308000
1617 -0.3703237958
1619 -0.3700630472
1621 -0.3694964669
1626 -0.3686195721
1650 -0.3684650252
1705 -0.3666936462
1710 -0.3649854707
1717 -0.3647784665
1719 -0.3645177179
1721 -0.3639511376
1726 -0.3630742429
1805 -0.3613028639
1810 -0.3595946883
1817 -0.3593876841
1819 -0.3591269356
1821 -0.3585603553
1851 -0.3582627114
1905 -0.3564913324
1910 -0.3547831569
1917 -0.3545761526
1919 -0.3543154041
1921 -0.3537488238
2005 -0.3519774448
2010 -0.3502692693
2017 -0.3500622650
2019 -0.3498015165
2105 -0.3480301375
2110 -0.3463219620
2117 -0.3461149578
2205 -0.3443435787
2210 -0.3426354032
2305 -0.3408640242
2325 -0.3404302888
2386 -0.3400733280
2405 -0.3383019490
2425 -0.3378682136
2498 -0.3378153981
2505 -0.3360440191
2525 -0.3356102837
2605 -0.3338389047
2660 -0.3338073313
2705 -0.3320359523
2811 -0.3307751563
2818 -0.3305144139
2879 -0.3303250568
2911 -0.3290642608
2918 -0.3288035184
3011 -0.3275427224
3052 -0.3273295238
3111 -0.3260687278
3229 -0.3253726770
3230 -0.3250676875
3329 -0.3243716366
3339 -0.3242051765
3420 -0.3139683840
3529 -0.3132723331
3666 -0.3128576877
3697 -0.3127024492
3766 -0.3122878038
3890 -0.3120956224
3999 -0.3120872373
8021 -0.3043973434
8107 -0.3039172234
8144 -0.3037308670
8207 -0.3032507470
8266 -0.3030773020
8295 -0.3027218552
8307 -0.3022417352
8366 -0.3020682901
8397 -0.3014915650
8407 -0.3010114450
8466 -0.3008379999
8507 -0.3003578799
8620 -0.3000263059
8667 -0.2999432345
8720 -0.2996116605
8900 -0.2996032754
32928 -0.2975872162
71334 -0.2975518827
71514 -0.2975434976
75938 -0.2973239106
76115 -0.2973155254
100224 -0.3227943782
evaluations raw_y
1 -0.4865079967
103 -0.4820291228
112 -0.4794796409
114 -0.4767312630
203 -0.4718520082
212 -0.4693025263
223 -0.4688115828
227 -0.4682011347
269 -0.4679765284
303 -0.4630972737
316 -0.4619309988
323 -0.4600568483
327 -0.4594464002
403 -0.4545671454
416 -0.4534008706
436 -0.4520693828
455 -0.4519254265
458 -0.4517672080
470 -0.4516335823
484 -0.4514238536
503 -0.4465445988
516 -0.4453783240
536 -0.4440468362
555 -0.4439028799
558 -0.4437446615
570 -0.4436110357
593 -0.4434207081
603 -0.4385414534
616 -0.4373751786
636 -0.4360436908
655 -0.4358997345
658 -0.4357415160
670 -0.4356078903
688 -0.4344448728
703 -0.4295656180
736 -0.4270678554
755 -0.4269238991
758 -0.4267656807
770 -0.4266320549
803 -0.4217528002
836 -0.4192550375
855 -0.4191110812
858 -0.4189528628
903 -0.4140736080
936 -0.4115758454
955 -0.4114318891
1003 -0.4065526343
1036 -0.4040548717
1103 -0.3991756170
1142 -0.3975296014
1203 -0.3926503467
1256 -0.3926287653
1281 -0.3925183776
1303 -0.3876391228
1356 -0.3876175415
1403 -0.3827382867
1506 -0.3822581667
1511 -0.3814774907
1517 -0.3790517280
1519 -0.3787909794
1521 -0.3782243991
1533 -0.3779648992
1580 -0.3742242643
1606 -0.3737441443
1611 -0.3729634683
1617 -0.3705377055
1619 -0.3702769570
1621 -0.3697103767
1633 -0.3694508768
1706 -0.3689707568
1711 -0.3681900808
1717 -0.3657643180
1719 -0.3655035695
1721 -0.3649369892
1777 -0.3648414618
1806 -0.3643613418
1811 -0.3635806658
1817 -0.3611549031
1819 -0.3608941545
1821 -0.3603275742
1906 -0.3598474542
1911 -0.3590667782
1917 -0.3566410155
1919 -0.3563802669
2006 -0.3559001469
2011 -0.3551194709
2017 -0.3526937082
2106 -0.3522135882
2111 -0.3514329122
2135 -0.3507243670
2154 -0.3496460432
2179 -0.3494434873
2206 -0.3489633673
2211 -0.3481826913
2235 -0.3474741462
2254 -0.3463958224
2306 -0.3459157024
2311 -0.3451350264
2335 -0.3401916637
2406 -0.3397115437
2411 -0.3389308677
2452 -0.3387176691
2460 -0.3383887113
2461 -0.3378313335
2506 -0.3373512135
2511 -0.3365705375
2552 -0.3363573390
2560 -0.3360283811
2598 -0.3355734036
2606 -0.3350932836
2611 -0.3343126076
2652 -0.3340994091
2660 -0.3337704512
2706 -0.3332903312
2711 -0.3325096552
2752 -0.3322964566
2806 -0.3318163366
2811 -0.3310356606
2906 -0.3305555406
2929 -0.3303396098
2937 -0.3302073490
2939 -0.3301731496
2994 -0.3300266488
3006 -0.3295465288
3029 -0.3293305979
3037 -0.3291983372
3039 -0.3291641378
3096 -0.3287963586
3106 -0.3283162386
3129 -0.3281003078
3137 -0.3279680470
3139 -0.3279338476
3206 -0.3274537276
3220 -0.3176970551
3306 -0.3172169351
3329 -0.3170010043
3337 -0.3168687435
3404 -0.3135433861
3506 -0.3130632661
3529 -0.3128473353
3585 -0.3127652945
3606 -0.3122851745
3622 -0.3074456587
3706 -0.3069655387
3729 -0.3067496078
3806 -0.3062694878
3966 -0.3058548425
4086 -0.3057977796
4199 -0.3057893945
8804 -0.3030195234
8907 -0.3025394034
8929 -0.2973214843
9007 -0.2968413643
9031 -0.2963204439
9107 -0.2958403239
9220 -0.2955087499
17325 -0.2937324513
17422 -0.2934008773
17602 -0.2933924922
90342 -0.2928573370
90506 -0.2928002742
102125 -0.3113619443
evaluations raw_y
1 -0.5196037230
3 -0.5163211100
7 -0.5104833142
14 -0.5099899704
32 -0.5049728382
91 -0.5039210232
103 -0.4993766907
107 -0.4935388949
114 -0.4930455511
132 -0.4880284189
203 -0.4834840865
212 -0.4826294770
214 -0.4771529469
236 -0.4731296027
303 -0.4685852703
312 -0.4677306608
314 -0.4622541307
339 -0.4613374479
403 -0.4567931154
412 -0.4559385060
414 -0.4504619758
503 -0.4459176434
512 -0.4450630339
527 -0.4404594268
603 -0.4359150943
612 -0.4350604849
638 -0.4342947651
640 -0.4337610636
657 -0.4337343897
658 -0.4327802347
674 -0.4306760776
703 -0.4261317452
712 -0.4252771357
738 -0.4245114159
740 -0.4239777144
757 -0.4231381760
758 -0.4229968855
788 -0.4217671484
803 -0.4172228159
812 -0.4163682064
838 -0.4156024867
840 -0.4150687852
857 -0.4142292467
858 -0.4140879563
903 -0.4095436238
912 -0.4086890143
938 -0.4079232945
940 -0.4073895930
957 -0.4065500546
1003 -0.4020057221
1012 -0.4011511126
1038 -0.4003853928
1040 -0.3998516914
1103 -0.3953073589
1112 -0.3944527494
1138 -0.3936870296
1142 -0.3933264211
1203 -0.3887820886
1212 -0.3879274792
1238 -0.3871617594
1303 -0.3826174269
1312 -0.3817628174
1403 -0.3772184850
1459 -0.3769179627
1503 -0.3723736303
1606 -0.3718935103
1608 -0.3680084446
1621 -0.3678597427
1706 -0.3673796227
1708 -0.3634945569
1806 -0.3630144369
1809 -0.3608630266
1844 -0.3596309491
1887 -0.3594414759
1902 -0.3591503364
1906 -0.3586702164
1909 -0.3565188061
1944 -0.3552867286
1987 -0.3550972554
2006 -0.3546171353
2009 -0.3524657250
2044 -0.3512336475
2106 -0.3507535275
2109 -0.3486021172
2150 -0.3456883182
2206 -0.3452081982
2209 -0.3430567879
2254 -0.3426406533
2262 -0.3418687609
2306 -0.3413886408
2309 -0.3392372305
2354 -0.3388210959
2366 -0.3384060022
2376 -0.3382904676
2406 -0.3378103476
2409 -0.3356589372
2454 -0.3352428026
2466 -0.3348277089
2506 -0.3343475889
2509 -0.3321961785
2554 -0.3317800439
2606 -0.3312999239
2609 -0.3291485136
2635 -0.3255758852
2706 -0.3250957652
2709 -0.3229443549
2806 -0.3224642349
2811 -0.3216835589
2824 -0.3206649065
2846 -0.3206366044
2906 -0.3201564844
2911 -0.3193758084
2924 -0.3183571560
3006 -0.3178770360
3011 -0.3170963600
3025 -0.3161520416
3106 -0.3156719216
3111 -0.3148912456
3161 -0.3148847807
3206 -0.3144046607
3211 -0.3136239847
3306 -0.3131438647
3330 -0.3126229443
3394 -0.3126149728
3395 -0.3124315545
3398 -0.3123834510
3406 -0.3119033310
3430 -0.3113824107
3494 -0.3113744392
3495 -0.3111910209
3506 -0.3107109009
3530 -0.3101899805
3594 -0.3101820091
3606 -0.3097018891
3630 -0.3091809687
3696 -0.3089517189
3706 -0.3084715989
3730 -0.3079506785
3806 -0.3074705585
3864 -0.3073340963
3885 -0.3071725869
3906 -0.3066924669
3964 -0.3065560047
4006 -0.3060758847
4119 -0.3057443106
4292 -0.3055374011
4377 -0.2998349169
13008 -0.2993969255
13121 -0.2990653515
13225 -0.2989389460
13324 -0.2936193102
13488 -0.2935622474
13601 -0.2935538622
100724 -0.3238677827
evaluations raw_y
1 -0.5291401896
2 -0.5083274848
4 -0.5080759461
7 -0.5006122415
27 -0.4983249358
36 -0.4958921167
104 -0.4956405779
107 -0.4881768733
127 -0.4858895676
167 -0.4850648982
204 -0.4848133594
207 -0.4773496549
227 -0.4750623492
304 -0.4748108104
307 -0.4673471058
332 -0.4672246864
344 -0.4661831548
373 -0.4651440507
404 -0.4648925119
407 -0.4574288073
432 -0.4573063879
444 -0.4562648563
504 -0.4560133175
507 -0.4485496130
532 -0.4484271935
549 -0.4476376504
604 -0.4473861116
607 -0.4399224070
632 -0.4397999876
684 -0.4396151038
696 -0.4393882703
704 -0.4391367315
707 -0.4316730269
732 -0.4315506075
784 -0.4313657237
804 -0.4311141849
807 -0.4236504804
832 -0.4235280609
904 -0.4232765221
908 -0.4212662743
910 -0.4193217163
921 -0.4190141733
931 -0.4165894136
954 -0.4162455784
955 -0.4160070872
958 -0.4158488688
970 -0.4157152431
1004 -0.4154637043
1008 -0.4134534564
1010 -0.4115088985
1021 -0.4112013554
1031 -0.4087765957
1054 -0.4084327606
1055 -0.4081942694
1058 -0.4080360509
1104 -0.4077845121
1108 -0.4057742643
1110 -0.4038297063
1121 -0.4035221633
1131 -0.4010974036
1154 -0.4007535684
1155 -0.4005150772
1204 -0.4002635384
1208 -0.3982532906
1210 -0.3963087326
1221 -0.3960011896
1231 -0.3935764299
1254 -0.3932325948
1304 -0.3929810560
1308 -0.3909708081
1310 -0.3890262502
1321 -0.3887187071
1331 -0.3862939474
1404 -0.3860424086
1410 -0.3820876028
1421 -0.3817800598
1440 -0.3795955842
1504 -0.3793440454
1510 -0.3753892396
1521 -0.3750816966
1541 -0.3746415956
1542 -0.3744372054
1568 -0.3738779469
1572 -0.3730815256
1604 -0.3728299868
1610 -0.3696019711
1621 -0.3685676380
1641 -0.3681275370
1668 -0.3673638883
1676 -0.3670893167
1704 -0.3668377780
1710 -0.3636097622
1721 -0.3625754291
1741 -0.3621353282
1768 -0.3613716795
1804 -0.3611201407
1810 -0.3578921250
1821 -0.3568577919
1841 -0.3564176909
1877 -0.3556691953
1904 -0.3554176565
1910 -0.3521896408
1921 -0.3511553077
1941 -0.3507152068
1993 -0.3503099996
2001 -0.3501782887
2004 -0.3499267499
2010 -0.3466987342
2021 -0.3456644011
2041 -0.3452243001
2093 -0.3448190929
2104 -0.3445675542
2110 -0.3413395384
2121 -0.3403052053
2141 -0.3398651044
2204 -0.3396135656
2210 -0.3363855498
2221 -0.3353512168
2243 -0.3352043892
2251 -0.3350535729
2304 -0.3348020341
2310 -0.3315740184
2321 -0.3305396853
2343 -0.3303928577
2404 -0.3301413190
2410 -0.3269133032
2421 -0.3258789701
2504 -0.3256274314
2510 -0.3223994156
2604 -0.3221478768
2609 -0.3197678853
2704 -0.3195163465
2713 -0.3194779469
2718 -0.3182463469
2746 -0.3174601348
2804 -0.3172085960
2813 -0.3171701965
2818 -0.3159385964
2904 -0.3156870577
2913 -0.3156486581
2945 -0.3151975791
2985 -0.3151605049
2990 -0.3146670881
3004 -0.3144155493
3013 -0.3143771498
3045 -0.3139260708
3085 -0.3138889965
3094 -0.3136580763
3095 -0.3134746580
3104 -0.3132231192
3113 -0.3131847196
3145 -0.3127336406
3185 -0.3126965664
3194 -0.3124656461
3204 -0.3122141074
3213 -0.3121757078
3245 -0.3117246288
3285 -0.3116875546
3296 -0.3112353560
3304 -0.3109838172
3313 -0.3109454176
3345 -0.3104943386
3385 -0.3104572644
3404 -0.3102057256
3413 -0.3101673260
3445 -0.3097162470
3504 -0.3094647082
3513 -0.3094263086
3552 -0.3092765178
3597 -0.3091463631
3604 -0.3088948243
3613 -0.3088564247
3652 -0.3087066339
3704 -0.3084550951
3713 -0.3073824301
3804 -0.3023600478
3906 -0.3018799278
3965 -0.3017064828
4006 -0.3012263628
4186 -0.3011692999
4299 -0.3011609148
8707 -0.3007447600
8798 -0.3006549961
8807 -0.3001748761
8920 -0.2998433020
9100 -0.2998349169
48807 -0.2993900052
48896 -0.2993329423
49009 -0.2993245572
57834 -0.2950775077
58011 -0.2950691225
103524 -0.3062104587
evaluations raw_y
1 -0.4640965262
416 -0.4640807159
425 -0.4629057991
427 -0.4601236965
504 -0.4588491778
505 -0.4575745100
516 -0.4540781669
525 -0.4529032500
570 -0.4523108786
584 -0.4521011499
592 -0.4519514183
604 -0.4506768997
605 -0.4501800393
616 -0.4459058888
625 -0.4447309719
670 -0.4441386005
684 -0.4439288718
704 -0.4426543532
705 -0.4421574928
716 -0.4378833422
725 -0.4367084253
770 -0.4361160539
804 -0.4348415353
805 -0.4343446749
816 -0.4300705243
825 -0.4288956074
904 -0.4276210888
905 -0.4271242284
916 -0.4228500779
935 -0.4226914487
937 -0.4222090006
1005 -0.4204376216
1016 -0.4161634710
1035 -0.4160048419
1071 -0.4155636754
1105 -0.4137922964
1116 -0.4095181458
1135 -0.4093595167
1205 -0.4075881377
1216 -0.4033139871
1305 -0.4015426081
1317 -0.4009498997
1342 -0.3981556083
1372 -0.3973046128
1405 -0.3955332338
1417 -0.3951626312
1424 -0.3950251644
1444 -0.3934410050
1451 -0.3924930814
1478 -0.3922420856
1505 -0.3904707065
1517 -0.3901001039
1521 -0.3877281979
1551 -0.3874305541
1605 -0.3856591751
1617 -0.3852885725
1621 -0.3829166665
1682 -0.3828000720
1705 -0.3810286930
1717 -0.3806580904
1721 -0.3782861844
1805 -0.3765148054
1817 -0.3761442028
1824 -0.3760067360
1844 -0.3744225766
1875 -0.3744075549
1905 -0.3726361759
1917 -0.3722655733
1924 -0.3721281065
1944 -0.3705439471
2005 -0.3687725681
2017 -0.3684019655
2024 -0.3682644987
2050 -0.3649986178
2105 -0.3632272388
2117 -0.3628566362
2124 -0.3627191694
2153 -0.3620321911
2166 -0.3615358591
2174 -0.3613290210
2205 -0.3595576420
2217 -0.3591870394
2224 -0.3590495726
2226 -0.3559382387
2305 -0.3541668597
2317 -0.3537962571
2324 -0.3536587903
2347 -0.3524979495
2366 -0.3524754800
2405 -0.3507041010
2417 -0.3503334984
2424 -0.3501960316
2447 -0.3490351908
2505 -0.3472638118
2517 -0.3468932092
2524 -0.3467557424
2553 -0.3460687641
2597 -0.3460513913
2605 -0.3442800123
2617 -0.3439094097
2624 -0.3437719429
2653 -0.3430849646
2705 -0.3413135856
2717 -0.3409429830
2724 -0.3408055162
2758 -0.3354057725
2805 -0.3336343935
2817 -0.3332637909
2824 -0.3331263241
2861 -0.3330454423
2868 -0.3328172886
2905 -0.3310459096
2917 -0.3306753070
2924 -0.3305378402
2961 -0.3304569584
2989 -0.3301631586
3005 -0.3283917796
3017 -0.3280211770
3024 -0.3278837102
3061 -0.3278028284
3105 -0.3260314494
3117 -0.3256608468
3124 -0.3255233800
3205 -0.3237520010
3217 -0.3233813984
3305 -0.3216100194
3406 -0.3211298994
3430 -0.3206089790
3452 -0.3201360248
3506 -0.3196559048
3530 -0.3191349844
3596 -0.3189057346
3598 -0.3188954912
3606 -0.3184153712
3630 -0.3178944508
3696 -0.3176652010
3706 -0.3171850810
3730 -0.3166641607
3806 -0.3161840406
3864 -0.3160475784
3865 -0.3160105956
3906 -0.3155304756
3964 -0.3153940133
4006 -0.3149138933
4119 -0.3145823193
4286 -0.3145252565
4399 -0.3145168713
7926 -0.3123373928
8062 -0.3110701319
8091 -0.3110658845
8162 -0.3097986235
8286 -0.3090205320
8295 -0.3087896117
8296 -0.3086061934
8386 -0.3078281018
8395 -0.3075971816
8486 -0.3068190900
8497 -0.3063668914
8586 -0.3055887998
8693 -0.3053818902
8698 -0.3050189159
8793 -0.3048120063
8878 -0.2991095221
9000 -0.2991011370
27782 -0.2983033783
27828 -0.2981769728
27927 -0.2928573370
28091 -0.2928002742
102424 -0.3181849893
evaluations raw_y
1 -0.5274396641
2 -0.5079055140
3 -0.5030262593
4 -0.5007876581
10 -0.4998060829
36 -0.4930066978
103 -0.4881274431
104 -0.4858888419
110 -0.4849072667
148 -0.4832862610
150 -0.4818609089
203 -0.4769816542
204 -0.4747430530
210 -0.4737614778
248 -0.4721404721
284 -0.4712870708
303 -0.4664078160
304 -0.4641692149
310 -0.4631876396
348 -0.4615666340
403 -0.4566873792
404 -0.4544487781
410 -0.4534672028
496 -0.4533172539
503 -0.4484379991
504 -0.4461993980
510 -0.4452178227
603 -0.4403385680
604 -0.4380999668
703 -0.4332207121
722 -0.4312473115
803 -0.4263680568
835 -0.4250431528
840 -0.4245489483
857 -0.4245222744
903 -0.4196430197
935 -0.4183181157
940 -0.4178239112
1003 -0.4129446564
1035 -0.4116197525
1103 -0.4067404977
1156 -0.4067189164
1181 -0.4061967102
1203 -0.4013174554
1256 -0.4012958741
1293 -0.4008375144
1300 -0.4007795888
1303 -0.3959003340
1356 -0.3958787527
1393 -0.3954203931
1403 -0.3905411383
1456 -0.3905195569
1503 -0.3856403022
1606 -0.3851601822
1615 -0.3829769266
1621 -0.3811264146
1680 -0.3771262798
1706 -0.3766461598
1715 -0.3744629042
1721 -0.3726123922
1806 -0.3721322721
1815 -0.3699490166
1858 -0.3699461088
1866 -0.3691496335
1874 -0.3689427954
1906 -0.3684626754
1915 -0.3662794198
1947 -0.3655025062
1966 -0.3654800367
2006 -0.3649999167
2015 -0.3628166611
2047 -0.3620397475
2106 -0.3615596275
2115 -0.3593763719
2158 -0.3593734642
2195 -0.3591065048
2206 -0.3586263848
2215 -0.3564431292
2258 -0.3564402215
2306 -0.3559601015
2315 -0.3537768459
2353 -0.3515652152
2406 -0.3510850952
2415 -0.3489018396
2443 -0.3469045000
2506 -0.3464243800
2515 -0.3442411244
2606 -0.3437610044
2609 -0.3434392834
2618 -0.3427195860
2624 -0.3419616760
2661 -0.3418807942
2668 -0.3416526405
2706 -0.3411725205
2709 -0.3408507995
2718 -0.3401311021
2724 -0.3393731921
2761 -0.3392923103
2789 -0.3389985105
2806 -0.3385183905
2809 -0.3381966695
2818 -0.3374769721
2824 -0.3367190621
2861 -0.3366381803
2906 -0.3361580603
2909 -0.3358363393
2918 -0.3351166419
2924 -0.3343587319
3006 -0.3338786119
3009 -0.3335568909
3018 -0.3328371935
3025 -0.3321536175
3098 -0.3321008020
3106 -0.3316206820
3109 -0.3312989610
3118 -0.3305792636
3125 -0.3298956876
3206 -0.3294155676
3209 -0.3290938466
3218 -0.3283741492
3241 -0.3280715474
3306 -0.3275914274
3309 -0.3272697064
3318 -0.3265500090
3326 -0.3243074544
3406 -0.3238273344
3409 -0.3235056134
3418 -0.3227859161
3506 -0.3223057960
3509 -0.3219840750
3539 -0.3219234051
3594 -0.3217769042
3606 -0.3212967842
3609 -0.3209750632
3639 -0.3209143932
3696 -0.3205466140
3706 -0.3200664940
3709 -0.3197447730
3739 -0.3196841030
3806 -0.3192039830
3809 -0.3188822620
3820 -0.3094473105
3906 -0.3089671905
3909 -0.3086454695
4006 -0.3081653495
4085 -0.3078673779
4106 -0.3073872579
4223 -0.3072608525
4322 -0.3019412166
4499 -0.3019328315
12720 -0.3015359593
12808 -0.3010558393
12832 -0.3005349189
12854 -0.3000619647
12908 -0.2995818447
12932 -0.2990609244
12998 -0.2988316745
13008 -0.2983515545
13032 -0.2978306342
13108 -0.2973505142
13147 -0.2970896168
13208 -0.2966094968
13266 -0.2964730346
13308 -0.2959929146
13421 -0.2956613405
56189 -0.2943353426
90216 -0.2941346572
90318 -0.2941262721
104524 -0.3261633868
evaluations raw_y
1 -0.5511269625
2 -0.4826463483
3 -0.4818405987
8 -0.4721233498
84 -0.4720725102
103 -0.4712667606
108 -0.4615495116
203 -0.4607437621
209 -0.4589179813
211 -0.4566180130
212 -0.4561505697
215 -0.4554527647
218 -0.4550161085
234 -0.4548591973
243 -0.4520295608
248 -0.4518290748
303 -0.4510233252
309 -0.4491975444
311 -0.4468975762
312 -0.4464301328
315 -0.4457323278
318 -0.4452956717
334 -0.4451387604
343 -0.4423091240
403 -0.4415033744
409 -0.4396775936
411 -0.4373776254
412 -0.4369101820
415 -0.4362123770
418 -0.4357757208
434 -0.4356188096
454 -0.4350266415
470 -0.4344963061
474 -0.4344949448
475 -0.4331265929
503 -0.4323208434
509 -0.4304950626
511 -0.4281950944
512 -0.4277276510
518 -0.4265931898
534 -0.4264362786
554 -0.4258441105
570 -0.4253137751
574 -0.4253124138
603 -0.4245066643
609 -0.4226808835
611 -0.4203809153
612 -0.4199134719
618 -0.4187790107
634 -0.4186220995
654 -0.4180299313
670 -0.4174995960
703 -0.4166938464
709 -0.4148680656
711 -0.4125680974
712 -0.4121006540
718 -0.4109661928
734 -0.4108092816
754 -0.4102171135
803 -0.4094113639
809 -0.4075855831
811 -0.4052856149
812 -0.4048181715
818 -0.4036837103
834 -0.4035267991
903 -0.4027210496
909 -0.4008952688
911 -0.3985953005
912 -0.3981278572
918 -0.3969933960
1003 -0.3961876464
1009 -0.3943618656
1011 -0.3920618974
1012 -0.3915944540
1028 -0.3912953569
1076 -0.3910011871
1103 -0.3901954376
1109 -0.3883696568
1111 -0.3860696886
1112 -0.3856022452
1128 -0.3853031481
1209 -0.3826716177
1211 -0.3803716495
1212 -0.3799042061
1246 -0.3796082290
1309 -0.3769766987
1311 -0.3746767304
1312 -0.3742092871
1409 -0.3715777567
1411 -0.3692777885
1509 -0.3666462581
1517 -0.3655912297
1519 -0.3653304812
1521 -0.3647639009
1556 -0.3643769524
1609 -0.3617454220
1617 -0.3606903936
1619 -0.3604296451
1621 -0.3598630648
1709 -0.3572315344
1717 -0.3561765060
1719 -0.3559157575
1809 -0.3532842271
1817 -0.3522291987
1844 -0.3520521497
1909 -0.3494206193
1917 -0.3483655909
1950 -0.3465068204
2009 -0.3438752900
2017 -0.3428202616
2100 -0.3427163884
2109 -0.3400848581
2117 -0.3390298296
2209 -0.3363982993
2247 -0.3355895404
2266 -0.3355670709
2309 -0.3329355406
2347 -0.3321267818
2409 -0.3294952514
2524 -0.3271326305
2568 -0.3269067675
2624 -0.3245441466
2686 -0.3243446923
2689 -0.3242526375
2724 -0.3218900166
2786 -0.3216905623
2824 -0.3193279414
2929 -0.3186318906
2930 -0.3183269011
2952 -0.3178539469
2960 -0.3175249890
2998 -0.3170700115
3029 -0.3163739607
3030 -0.3160689712
3052 -0.3155960170
3060 -0.3152670591
3129 -0.3145710083
3130 -0.3142660187
3152 -0.3137930645
3165 -0.3137360827
3229 -0.3130400319
3230 -0.3127350423
3252 -0.3122620881
3329 -0.3115660373
3330 -0.3112610478
3361 -0.3109948272
3429 -0.3102987764
3430 -0.3099937868
3495 -0.3098023970
3529 -0.3091063462
3530 -0.3088013567
3629 -0.3081053059
3645 -0.3080603393
3729 -0.3073642885
3897 -0.3067944045
8107 -0.3065367150
8110 -0.3062149940
8207 -0.3057348740
8230 -0.3055189432
8307 -0.3050388231
8398 -0.3049490592
8407 -0.3044689392
8520 -0.3041373652
8700 -0.3041289800
16329 -0.3018214058
16409 -0.3013412858
16432 -0.3011253549
16499 -0.3005911156
16509 -0.3001109956
16532 -0.2998950648
16609 -0.2994149448
16667 -0.2992784825
16709 -0.2987983625
16889 -0.2987412997
17002 -0.2987329146
26111 -0.2987003080
26271 -0.2982856626
26404 -0.2982772775
30612 -0.2979581429
30772 -0.2975434976
92441 -0.2960331323
92538 -0.2957015583
92548 -0.2953370815
92564 -0.2952921150
92638 -0.2949605409
92648 -0.2945960641
92738 -0.2942644901
92784 -0.2939424991
92838 -0.2936109250
93005 -0.2935538622
100723 -0.3077455271
evaluations raw_y
1 -0.5108923715
2 -0.4803427615
4 -0.4788972754
5 -0.4785713825
8 -0.4698197630
14 -0.4694672895
23 -0.4662652685
104 -0.4648197824
105 -0.4644938895
108 -0.4619000828
113 -0.4612044866
114 -0.4553897965
204 -0.4539443104
205 -0.4536184175
208 -0.4510246107
213 -0.4503290146
216 -0.4493442669
235 -0.4491856377
242 -0.4488645262
287 -0.4484485831
288 -0.4454678356
304 -0.4440223495
305 -0.4436964566
308 -0.4411026499
313 -0.4404070537
326 -0.4403187693
335 -0.4392636769
342 -0.4389425654
387 -0.4385266223
404 -0.4370811362
405 -0.4367552433
408 -0.4341614365
413 -0.4334658404
435 -0.4323224636
442 -0.4320013520
504 -0.4305558659
505 -0.4302299730
508 -0.4276361663
513 -0.4269405701
535 -0.4257971933
601 -0.4257661173
604 -0.4243206312
605 -0.4239947383
608 -0.4214009316
613 -0.4207053354
635 -0.4195619586
704 -0.4181164725
705 -0.4177905796
708 -0.4151967729
713 -0.4145011767
750 -0.4140166293
777 -0.4138594744
804 -0.4124139883
805 -0.4120880954
808 -0.4094942887
813 -0.4087986925
850 -0.4083141451
891 -0.4082141956
904 -0.4067687096
905 -0.4064428166
908 -0.4038490099
913 -0.4031534138
950 -0.4026688664
1004 -0.4012233803
1005 -0.4008974874
1008 -0.3983036806
1013 -0.3976080845
1105 -0.3958367055
1108 -0.3932428987
1121 -0.3930941969
1153 -0.3927330781
1181 -0.3925968606
1205 -0.3908254816
1208 -0.3882316749
1221 -0.3880829730
1253 -0.3877218543
1305 -0.3859504753
1308 -0.3833566685
1321 -0.3832079667
1343 -0.3821961422
1405 -0.3804247632
1408 -0.3778309565
1421 -0.3776822546
1505 -0.3759108756
1508 -0.3733170689
1605 -0.3715456899
1617 -0.3696305101
1663 -0.3692518040
1680 -0.3689953373
1703 -0.3652738737
1763 -0.3649300724
1803 -0.3612086088
1884 -0.3611645305
1903 -0.3574430669
1938 -0.3549998687
2003 -0.3512784051
2105 -0.3495070261
2117 -0.3475918464
2128 -0.3455803661
2205 -0.3438089871
2217 -0.3418938073
2305 -0.3401224283
2324 -0.3396143589
2389 -0.3392396773
2405 -0.3374682983
2424 -0.3369602289
2505 -0.3351888499
2525 -0.3347551145
2526 -0.3346992949
2605 -0.3329279159
2625 -0.3324941805
2641 -0.3297453063
2705 -0.3279739273
2725 -0.3275401919
2805 -0.3257688129
2906 -0.3252886929
2929 -0.3250727621
2930 -0.3247677725
2952 -0.3242948183
3006 -0.3238146983
3029 -0.3235987675
3030 -0.3232937780
3095 -0.3231023882
3096 -0.3230645282
3106 -0.3225844082
3129 -0.3223684773
3130 -0.3220634878
3195 -0.3218720980
3206 -0.3213919780
3229 -0.3211760472
3230 -0.3208710577
3306 -0.3203909377
3329 -0.3201750068
3345 -0.3201300403
3406 -0.3196499203
3429 -0.3194339895
3506 -0.3189538695
3565 -0.3187804244
3606 -0.3183003044
3697 -0.3182105405
3706 -0.3177304205
3819 -0.3173988464
3986 -0.3173417836
6906 -0.3169113319
7020 -0.3165797579
7030 -0.3162152811
7031 -0.3159102915
7053 -0.3154373373
7120 -0.3151057633
7130 -0.3147412865
7131 -0.3144362970
7191 -0.3141658290
7220 -0.3138342550
7230 -0.3134697782
7231 -0.3131647886
7295 -0.3131568172
7296 -0.3129733989
7320 -0.3126418249
7330 -0.3122773481
7331 -0.3119723585
7395 -0.3119643870
7420 -0.3116328130
7430 -0.3112683362
7431 -0.3109633467
7497 -0.3107340969
7520 -0.3104025228
7530 -0.3100380460
7531 -0.3097330565
7620 -0.3094014825
7630 -0.3090370057
7656 -0.3089707587
7686 -0.3089549649
7720 -0.3086233909
7723 -0.3036353291
7820 -0.3033037551
7830 -0.3029392783
7856 -0.3028730313
7920 -0.3025414573
7930 -0.3021769805
8020 -0.3018454065
8065 -0.3015603982
8120 -0.3012288242
8198 -0.3009905143
8220 -0.3006589403
8400 -0.3006505551
16823 -0.3002237054
16993 -0.3000315240
20881 -0.2976703723
25027 -0.2951261854
25191 -0.2950691225
101825 -0.3103612859
evaluations raw_y
1 -0.5088885617
2 -0.4991034372
4 -0.4976579511
16 -0.4930579076
40 -0.4911070042
50 -0.4879576483
104 -0.4865121622
116 -0.4819121187
140 -0.4799612153
167 -0.4771304298
204 -0.4756849437
216 -0.4710849002
240 -0.4691339969
280 -0.4686164074
288 -0.4672084690
304 -0.4657629829
317 -0.4650664874
324 -0.4648458481
331 -0.4645057136
333 -0.4624350815
336 -0.4622948996
340 -0.4592120360
380 -0.4586944466
404 -0.4572489605
417 -0.4565524650
424 -0.4563318257
431 -0.4559916912
433 -0.4539210590
436 -0.4537808772
440 -0.4506980136
484 -0.4506719000
496 -0.4504450665
504 -0.4489995804
517 -0.4483030849
524 -0.4480824456
531 -0.4477423111
533 -0.4456716790
536 -0.4455314971
540 -0.4424486335
584 -0.4424225199
604 -0.4409770338
617 -0.4402805383
624 -0.4400598990
631 -0.4397197645
633 -0.4376491324
636 -0.4375089505
640 -0.4344260869
704 -0.4329806008
717 -0.4322841053
724 -0.4320634661
731 -0.4317233316
733 -0.4296526994
736 -0.4295125175
757 -0.4277010498
770 -0.4266132691
804 -0.4251677830
817 -0.4244712874
824 -0.4242506482
831 -0.4239105137
833 -0.4218398815
836 -0.4216996997
857 -0.4198882319
878 -0.4196165069
904 -0.4181710208
917 -0.4174745253
921 -0.4151026193
933 -0.4148431194
936 -0.4147029375
957 -0.4128914698
1004 -0.4114459837
1017 -0.4107494882
1021 -0.4083775822
1033 -0.4081180823
1036 -0.4079779004
1071 -0.4066034175
1074 -0.4064398384
1104 -0.4049943523
1117 -0.4042978568
1121 -0.4019259508
1126 -0.4010490561
1171 -0.4001517862
1204 -0.3987063001
1217 -0.3980098045
1221 -0.3956378986
1226 -0.3947610038
1300 -0.3947346648
1304 -0.3932891787
1317 -0.3925926832
1321 -0.3902207772
1333 -0.3899612772
1336 -0.3898210954
1404 -0.3883756093
1417 -0.3876791138
1421 -0.3853072078
1433 -0.3850477079
1451 -0.3850095639
1453 -0.3849460890
1504 -0.3835006030
1517 -0.3828041074
1521 -0.3804322014
1533 -0.3801727015
1551 -0.3801345576
1604 -0.3786890715
1617 -0.3779925760
1621 -0.3756206700
1633 -0.3753611701
1704 -0.3739156840
1717 -0.3732191885
1721 -0.3708472825
1804 -0.3694017964
1817 -0.3687053009
1824 -0.3684846616
1826 -0.3670831895
1875 -0.3669686530
1904 -0.3655231669
1915 -0.3643281270
1926 -0.3632045600
2004 -0.3617590739
2015 -0.3605640341
2031 -0.3605018047
2054 -0.3601568950
2079 -0.3599543392
2104 -0.3585088531
2115 -0.3573138133
2131 -0.3572515838
2154 -0.3569066742
2204 -0.3554611881
2215 -0.3542661483
2231 -0.3542039189
2235 -0.3507025155
2304 -0.3492570294
2315 -0.3480619896
2331 -0.3479997602
2404 -0.3465542741
2408 -0.3436345744
2413 -0.3419047129
2506 -0.3414245929
2508 -0.3375395272
2606 -0.3370594072
2609 -0.3367376862
2615 -0.3348990013
2689 -0.3348853972
2706 -0.3344052772
2709 -0.3340835562
2715 -0.3322448713
2806 -0.3317647512
2817 -0.3301028896
2824 -0.3298822504
2906 -0.3294021304
2917 -0.3277402688
3006 -0.3272601488
3043 -0.3270737924
3045 -0.3269992514
3055 -0.3269779710
3060 -0.3259373163
3106 -0.3254571963
3143 -0.3252708399
3145 -0.3251962990
3155 -0.3251750186
3195 -0.3247448862
3198 -0.3246967827
3206 -0.3242166627
3243 -0.3240303063
3245 -0.3239557654
3255 -0.3239344850
3295 -0.3235043526
3306 -0.3230242326
3343 -0.3228378762
3345 -0.3227633352
3355 -0.3227420548
3406 -0.3222619348
3443 -0.3220755784
3445 -0.3220010375
3506 -0.3215209174
3543 -0.3213345611
3606 -0.3208544410
3664 -0.3207179788
3694 -0.3203255492
3706 -0.3198454292
3764 -0.3197089669
3796 -0.3190952590
3806 -0.3186151390
3864 -0.3184786768
3906 -0.3179985568
3997 -0.3179087928
4006 -0.3174286728
4186 -0.3173716100
7410 -0.3153943182
7507 -0.3149141982
7518 -0.3132523366
7547 -0.3130865677
7607 -0.3126064477
7618 -0.3109445861
7707 -0.3104644661
7719 -0.3094230477
7807 -0.3089429277
7846 -0.3086820304
7853 -0.3079490532
7907 -0.3074689332
7946 -0.3072080358
7962 -0.3066817922
7991 -0.3066775449
8007 -0.3061974249
8046 -0.3059365275
8062 -0.3054102839
8107 -0.3049301639
8146 -0.3046692666
8195 -0.3044012721
8199 -0.3041697503
8207 -0.3036896303
8246 -0.3034287329
8295 -0.3031607385
8307 -0.3026806184
8346 -0.3024197211
8397 -0.3019304483
8407 -0.3014503283
8446 -0.3011894309
8507 -0.3007093109
8565 -0.3005728487
8607 -0.3000927287
8787 -0.3000356658
8793 -0.2998858191
8878 -0.2941833349
8987 -0.2941262721
102724 -0.3151180161
evaluations raw_y
1 -0.5361251054
2 -0.4911699626
3 -0.4874484991
13 -0.4861091808
14 -0.4809928480
103 -0.4772713845
113 -0.4759320662
116 -0.4749473185
118 -0.4744594449
127 -0.4724627198
203 -0.4687412562
213 -0.4674019379
216 -0.4664171902
218 -0.4659293166
271 -0.4658173946
274 -0.4646485407
293 -0.4644595744
296 -0.4642133397
303 -0.4604918761
313 -0.4591525578
316 -0.4581678101
318 -0.4576799366
371 -0.4575680145
374 -0.4563991606
393 -0.4562101943
403 -0.4524887307
413 -0.4511494124
416 -0.4501646647
418 -0.4496767911
471 -0.4495648690
474 -0.4483960152
488 -0.4432401201
503 -0.4395186565
513 -0.4381793382
518 -0.4367067170
571 -0.4365947949
574 -0.4354259410
603 -0.4317044774
613 -0.4303651591
618 -0.4288925379
671 -0.4287806158
703 -0.4250591522
713 -0.4237198339
718 -0.4222472126
803 -0.4185257490
813 -0.4171864308
838 -0.4160825509
842 -0.4157219424
903 -0.4120004788
913 -0.4106611605
938 -0.4095572806
948 -0.4094332439
985 -0.4093442991
1003 -0.4056228355
1013 -0.4042835172
1038 -0.4031796373
1048 -0.4030556006
1102 -0.4029687573
1103 -0.3992472937
1113 -0.3979079754
1138 -0.3968040956
1148 -0.3966800589
1203 -0.3929585953
1213 -0.3916192770
1238 -0.3905153971
1303 -0.3867939335
1313 -0.3854546152
1368 -0.3847977599
1403 -0.3810762963
1413 -0.3797369780
1503 -0.3760155144
1533 -0.3749635905
1541 -0.3747829894
1603 -0.3710615258
1633 -0.3700096019
1651 -0.3699714580
1656 -0.3698821533
1703 -0.3661606897
1733 -0.3651087658
1751 -0.3650706219
1803 -0.3613491583
1833 -0.3602972343
1903 -0.3565757708
1962 -0.3564776770
1975 -0.3564186048
2003 -0.3526971412
2062 -0.3525990474
2103 -0.3488775839
2206 -0.3483974638
2217 -0.3451910251
2228 -0.3431795448
2306 -0.3426994248
2317 -0.3394929860
2406 -0.3390128660
2424 -0.3371303652
2447 -0.3360526968
2506 -0.3355725768
2524 -0.3336900760
2554 -0.3330050319
2606 -0.3325249119
2624 -0.3306424110
2635 -0.3268008732
2706 -0.3263207532
2724 -0.3244382523
2786 -0.3242387980
2806 -0.3237586780
2824 -0.3218761771
2906 -0.3213960571
2943 -0.3212097007
2952 -0.3204021825
2960 -0.3200732247
3006 -0.3195931047
3043 -0.3194067483
3052 -0.3185992301
3065 -0.3185422483
3079 -0.3183623292
3106 -0.3178822092
3130 -0.3173612888
3152 -0.3168883346
3165 -0.3168313528
3206 -0.3163512328
3230 -0.3158303124
3252 -0.3153573582
3306 -0.3148772382
3330 -0.3143563178
3395 -0.3141649281
3406 -0.3136848081
3430 -0.3131638877
3506 -0.3126837677
3543 -0.3124974113
3555 -0.3124015899
3606 -0.3119214699
3643 -0.3117351135
3706 -0.3112549935
3794 -0.3107261017
3806 -0.3102459817
3896 -0.3094958115
3906 -0.3090156915
4066 -0.3086010461
4199 -0.3085926610
8123 -0.3056205965
8287 -0.3055635336
8400 -0.3055551485
12008 -0.3053288005
12092 -0.3045374122
12108 -0.3040572922
12196 -0.3035284004
12197 -0.3033449821
12208 -0.3028648621
12296 -0.3023359702
12308 -0.3018558502
12398 -0.3011056801
12408 -0.3006255601
12499 -0.3005357961
12508 -0.3000556761
12621 -0.2997241021
12801 -0.2997157170
82740 -0.2993843116
82837 -0.2990527376
82847 -0.2986882608
82937 -0.2983566868
82982 -0.2980716786
82983 -0.2980346957
83037 -0.2977031217
83082 -0.2974181135
83137 -0.2970865395
83317 -0.2970781543
101124 -0.3116874620
