"function evaluation" "current f(x)" "best-so-far f(x)" "current af(x)+b" "best af(x)+b"
1 2716.0000000000 2716.0000000000 2716.0000000000 2716.0000000000
2 2754.0000000000 2754.0000000000 2754.0000000000 2754.0000000000
5 2850.0000000000 2850.0000000000 2850.0000000000 2850.0000000000
7 2876.0000000000 2876.0000000000 2876.0000000000 2876.0000000000
10 2901.0000000000 2901.0000000000 2901.0000000000 2901.0000000000
11 2911.0000000000 2911.0000000000 2911.0000000000 2911.0000000000
12 2931.0000000000 2931.0000000000 2931.0000000000 2931.0000000000
16 3028.0000000000 3028.0000000000 3028.0000000000 3028.0000000000
18 3063.0000000000 3063.0000000000 3063.0000000000 3063.0000000000
19 3121.0000000000 3121.0000000000 3121.0000000000 3121.0000000000
20 3171.0000000000 3171.0000000000 3171.0000000000 3171.0000000000
29 3243.0000000000 3243.0000000000 3243.0000000000 3243.0000000000
34 3258.0000000000 3258.0000000000 3258.0000000000 3258.0000000000
37 3314.0000000000 3314.0000000000 3314.0000000000 3314.0000000000
38 3398.0000000000 3398.0000000000 3398.0000000000 3398.0000000000
40 3476.0000000000 3476.0000000000 3476.0000000000 3476.0000000000
41 3485.0000000000 3485.0000000000 3485.0000000000 3485.0000000000
51 3568.0000000000 3568.0000000000 3568.0000000000 3568.0000000000
52 3633.0000000000 3633.0000000000 3633.0000000000 3633.0000000000
54 3684.0000000000 3684.0000000000 3684.0000000000 3684.0000000000
56 3770.0000000000 3770.0000000000 3770.0000000000 3770.0000000000
57 3844.0000000000 3844.0000000000 3844.0000000000 3844.0000000000
66 3943.0000000000 3943.0000000000 3943.0000000000 3943.0000000000
67 3977.0000000000 3977.0000000000 3977.0000000000 3977.0000000000
82 4057.0000000000 4057.0000000000 4057.0000000000 4057.0000000000
87 4081.0000000000 4081.0000000000 4081.0000000000 4081.0000000000
97 4088.0000000000 4088.0000000000 4088.0000000000 4088.0000000000
105 4132.0000000000 4132.0000000000 4132.0000000000 4132.0000000000
106 4155.0000000000 4155.0000000000 4155.0000000000 4155.0000000000
107 4237.0000000000 4237.0000000000 4237.0000000000 4237.0000000000
113 4301.0000000000 4301.0000000000 4301.0000000000 4301.0000000000
123 4319.0000000000 4319.0000000000 4319.0000000000 4319.0000000000
125 4378.0000000000 4378.0000000000 4378.0000000000 4378.0000000000
132 4471.0000000000 4471.0000000000 4471.0000000000 4471.0000000000
148 4571.0000000000 4571.0000000000 4571.0000000000 4571.0000000000
160 4610.0000000000 4610.0000000000 4610.0000000000 4610.0000000000
162 4700.0000000000 4700.0000000000 4700.0000000000 4700.0000000000
177 4740.0000000000 4740.0000000000 4740.0000000000 4740.0000000000
205 4787.0000000000 4787.0000000000 4787.0000000000 4787.0000000000
208 4800.0000000000 4800.0000000000 4800.0000000000 4800.0000000000
209 4822.0000000000 4822.0000000000 4822.0000000000 4822.0000000000
212 4853.0000000000 4853.0000000000 4853.0000000000 4853.0000000000
264 4920.0000000000 4920.0000000000 4920.0000000000 4920.0000000000
300 4926.0000000000 4926.0000000000 4926.0000000000 4926.0000000000
331 5013.0000000000 5013.0000000000 5013.0000000000 5013.0000000000
534 5050.0000000000 5050.0000000000 5050.0000000000 5050.0000000000
100001 4985.0000000000 5050.0000000000 4985.0000000000 5050.0000000000
"function evaluation" "current f(x)" "best-so-far f(x)" "current af(x)+b" "best af(x)+b"
1 2359.0000000000 2359.0000000000 2359.0000000000 2359.0000000000
4 2394.0000000000 2394.0000000000 2394.0000000000 2394.0000000000
5 2434.0000000000 2434.0000000000 2434.0000000000 2434.0000000000
6 2459.0000000000 2459.0000000000 2459.0000000000 2459.0000000000
9 2555.0000000000 2555.0000000000 2555.0000000000 2555.0000000000
12 2640.0000000000 2640.0000000000 2640.0000000000 2640.0000000000
13 2666.0000000000 2666.0000000000 2666.0000000000 2666.0000000000
15 2757.0000000000 2757.0000000000 2757.0000000000 2757.0000000000
20 2823.0000000000 2823.0000000000 2823.0000000000 2823.0000000000
22 2883.0000000000 2883.0000000000 2883.0000000000 2883.0000000000
25 2888.0000000000 2888.0000000000 2888.0000000000 2888.0000000000
27 2958.0000000000 2958.0000000000 2958.0000000000 2958.0000000000
30 3053.0000000000 3053.0000000000 3053.0000000000 3053.0000000000
31 3096.0000000000 3096.0000000000 3096.0000000000 3096.0000000000
40 3106.0000000000 3106.0000000000 3106.0000000000 3106.0000000000
43 3168.0000000000 3168.0000000000 3168.0000000000 3168.0000000000
45 3217.0000000000 3217.0000000000 3217.0000000000 3217.0000000000
47 3290.0000000000 3290.0000000000 3290.0000000000 3290.0000000000
52 3324.0000000000 3324.0000000000 3324.0000000000 3324.0000000000
61 3344.0000000000 3344.0000000000 3344.0000000000 3344.0000000000
62 3386.0000000000 3386.0000000000 3386.0000000000 3386.0000000000
65 3388.0000000000 3388.0000000000 3388.0000000000 3388.0000000000
68 3436.0000000000 3436.0000000000 3436.0000000000 3436.0000000000
70 3444.0000000000 3444.0000000000 3444.0000000000 3444.0000000000
77 3490.0000000000 3490.0000000000 3490.0000000000 3490.0000000000
79 3564.0000000000 3564.0000000000 3564.0000000000 3564.0000000000
82 3618.0000000000 3618.0000000000 3618.0000000000 3618.0000000000
83 3687.0000000000 3687.0000000000 3687.0000000000 3687.0000000000
88 3766.0000000000 3766.0000000000 3766.0000000000 3766.0000000000
95 3838.0000000000 3838.0000000000 3838.0000000000 3838.0000000000
101 3916.0000000000 3916.0000000000 3916.0000000000 3916.0000000000
107 3983.0000000000 3983.0000000000 3983.0000000000 3983.0000000000
111 3987.0000000000 3987.0000000000 3987.0000000000 3987.0000000000
114 4020.0000000000 4020.0000000000 4020.0000000000 4020.0000000000
116 4064.0000000000 4064.0000000000 4064.0000000000 4064.0000000000
117 4082.0000000000 4082.0000000000 4082.0000000000 4082.0000000000
122 4139.0000000000 4139.0000000000 4139.0000000000 4139.0000000000
126 4189.0000000000 4189.0000000000 4189.0000000000 4189.0000000000
127 4264.0000000000 4264.0000000000 4264.0000000000 4264.0000000000
138 4311.0000000000 4311.0000000000 4311.0000000000 4311.0000000000
163 4401.0000000000 4401.0000000000 4401.0000000000 4401.0000000000
176 4499.0000000000 4499.0000000000 4499.0000000000 4499.0000000000
217 4582.0000000000 4582.0000000000 4582.0000000000 4582.0000000000
238 4614.0000000000 4614.0000000000 4614.0000000000 4614.0000000000
289 4711.0000000000 4711.0000000000 4711.0000000000 4711.0000000000
300 4800.0000000000 4800.0000000000 4800.0000000000 4800.0000000000
383 4816.0000000000 4816.0000000000 4816.0000000000 4816.0000000000
411 4909.0000000000 4909.0000000000 4909.0000000000 4909.0000000000
472 4995.0000000000 4995.0000000000 4995.0000000000 4995.0000000000
497 5050.0000000000 5050.0000000000 5050.0000000000 5050.0000000000
100001 5018.0000000000 5050.0000000000 5018.0000000000 5050.0000000000
"function evaluation" "current f(x)" "best-so-far f(x)" "current af(x)+b" "best af(x)+b"
1 2579.0000000000 2579.0000000000 2579.0000000000 2579.0000000000
4 2605.0000000000 2605.0000000000 2605.0000000000 2605.0000000000
5 2639.0000000000 2639.0000000000 2639.0000000000 2639.0000000000
8 2684.0000000000 2684.0000000000 2684.0000000000 2684.0000000000
9 2734.0000000000 2734.0000000000 2734.0000000000 2734.0000000000
10 2766.0000000000 2766.0000000000 2766.0000000000 2766.0000000000
12 2850.0000000000 2850.0000000000 2850.0000000000 2850.0000000000
13 2950.0000000000 2950.0000000000 2950.0000000000 2950.0000000000
15 2994.0000000000 2994.0000000000 2994.0000000000 2994.0000000000
17 3032.0000000000 3032.0000000000 3032.0000000000 3032.0000000000
21 3080.0000000000 3080.0000000000 3080.0000000000 3080.0000000000
23 3143.0000000000 3143.0000000000 3143.0000000000 3143.0000000000
27 3201.0000000000 3201.0000000000 3201.0000000000 3201.0000000000
29 3291.0000000000 3291.0000000000 3291.0000000000 3291.0000000000
33 3338.0000000000 3338.0000000000 3338.0000000000 3338.0000000000
36 3349.0000000000 3349.0000000000 3349.0000000000 3349.0000000000
37 3442.0000000000 3442.0000000000 3442.0000000000 3442.0000000000
39 3471.0000000000 3471.0000000000 3471.0000000000 3471.0000000000
41 3540.0000000000 3540.0000000000 3540.0000000000 3540.0000000000
48 3608.0000000000 3608.0000000000 3608.0000000000 3608.0000000000
53 3689.0000000000 3689.0000000000 3689.0000000000 3689.0000000000
55 3706.0000000000 3706.0000000000 3706.0000000000 3706.0000000000
56 3768.0000000000 3768.0000000000 3768.0000000000 3768.0000000000
57 3808.0000000000 3808.0000000000 3808.0000000000 3808.0000000000
70 3899.0000000000 3899.0000000000 3899.0000000000 3899.0000000000
71 3977.0000000000 3977.0000000000 3977.0000000000 3977.0000000000
72 4052.0000000000 4052.0000000000 4052.0000000000 4052.0000000000
77 4070.0000000000 4070.0000000000 4070.0000000000 4070.0000000000
82 4089.0000000000 4089.0000000000 4089.0000000000 4089.0000000000
86 4130.0000000000 4130.0000000000 4130.0000000000 4130.0000000000
89 4216.0000000000 4216.0000000000 4216.0000000000 4216.0000000000
94 4249.0000000000 4249.0000000000 4249.0000000000 4249.0000000000
118 4279.0000000000 4279.0000000000 4279.0000000000 4279.0000000000
125 4310.0000000000 4310.0000000000 4310.0000000000 4310.0000000000
129 4356.0000000000 4356.0000000000 4356.0000000000 4356.0000000000
141 4420.0000000000 4420.0000000000 4420.0000000000 4420.0000000000
149 4493.0000000000 4493.0000000000 4493.0000000000 4493.0000000000
153 4569.0000000000 4569.0000000000 4569.0000000000 4569.0000000000
158 4611.0000000000 4611.0000000000 4611.0000000000 4611.0000000000
171 4627.0000000000 4627.0000000000 4627.0000000000 4627.0000000000
178 4636.0000000000 4636.0000000000 4636.0000000000 4636.0000000000
221 4702.0000000000 4702.0000000000 4702.0000000000 4702.0000000000
229 4787.0000000000 4787.0000000000 4787.0000000000 4787.0000000000
230 4836.0000000000 4836.0000000000 4836.0000000000 4836.0000000000
267 4925.0000000000 4925.0000000000 4925.0000000000 4925.0000000000
276 4984.0000000000 4984.0000000000 4984.0000000000 4984.0000000000
316 4990.0000000000 4990.0000000000 4990.0000000000 4990.0000000000
399 5050.0000000000 5050.0000000000 5050.0000000000 5050.0000000000
100001 4961.0000000000 5050.0000000000 4961.0000000000 5050.0000000000
"function evaluation" "current f(x)" "best-so-far f(x)" "current af(x)+b" "best af(x)+b"
1 2305.0000000000 2305.0000000000 2305.0000000000 2305.0000000000
3 2351.0000000000 2351.0000000000 2351.0000000000 2351.0000000000
8 2369.0000000000 2369.0000000000 2369.0000000000 2369.0000000000
10 2429.0000000000 2429.0000000000 2429.0000000000 2429.0000000000
14 2442.0000000000 2442.0000000000 2442.0000000000 2442.0000000000
16 2515.0000000000 2515.0000000000 2515.0000000000 2515.0000000000
18 2587.0000000000 2587.0000000000 2587.0000000000 2587.0000000000
20 2679.0000000000 2679.0000000000 2679.0000000000 2679.0000000000
21 2756.0000000000 2756.0000000000 2756.0000000000 2756.0000000000
22 2854.0000000000 2854.0000000000 2854.0000000000 2854.0000000000
23 2920.0000000000 2920.0000000000 2920.0000000000 2920.0000000000
24 2968.0000000000 2968.0000000000 2968.0000000000 2968.0000000000
26 3055.0000000000 3055.0000000000 3055.0000000000 3055.0000000000
30 3094.0000000000 3094.0000000000 3094.0000000000 3094.0000000000
31 3176.0000000000 3176.0000000000 3176.0000000000 3176.0000000000
34 3205.0000000000 3205.0000000000 3205.0000000000 3205.0000000000
39 3261.0000000000 3261.0000000000 3261.0000000000 3261.0000000000
40 3292.0000000000 3292.0000000000 3292.0000000000 3292.0000000000
43 3330.0000000000 3330.0000000000 3330.0000000000 3330.0000000000
45 3364.0000000000 3364.0000000000 3364.0000000000 3364.0000000000
54 3397.0000000000 3397.0000000000 3397.0000000000 3397.0000000000
59 3492.0000000000 3492.0000000000 3492.0000000000 3492.0000000000
67 3493.0000000000 3493.0000000000 3493.0000000000 3493.0000000000
68 3562.0000000000 3562.0000000000 3562.0000000000 3562.0000000000
70 3651.0000000000 3651.0000000000 3651.0000000000 3651.0000000000
74 3658.0000000000 3658.0000000000 3658.0000000000 3658.0000000000
75 3693.0000000000 3693.0000000000 3693.0000000000 3693.0000000000
79 3752.0000000000 3752.0000000000 3752.0000000000 3752.0000000000
80 3756.0000000000 3756.0000000000 3756.0000000000 3756.0000000000
81 3820.0000000000 3820.0000000000 3820.0000000000 3820.0000000000
83 3878.0000000000 3878.0000000000 3878.0000000000 3878.0000000000
88 3895.0000000000 3895.0000000000 3895.0000000000 3895.0000000000
92 3936.0000000000 3936.0000000000 3936.0000000000 3936.0000000000
95 3988.0000000000 3988.0000000000 3988.0000000000 3988.0000000000
100 4025.0000000000 4025.0000000000 4025.0000000000 4025.0000000000
103 4108.0000000000 4108.0000000000 4108.0000000000 4108.0000000000
106 4157.0000000000 4157.0000000000 4157.0000000000 4157.0000000000
116 4257.0000000000 4257.0000000000 4257.0000000000 4257.0000000000
137 4267.0000000000 4267.0000000000 4267.0000000000 4267.0000000000
145 4275.0000000000 4275.0000000000 4275.0000000000 4275.0000000000
150 4372.0000000000 4372.0000000000 4372.0000000000 4372.0000000000
157 4417.0000000000 4417.0000000000 4417.0000000000 4417.0000000000
159 4440.0000000000 4440.0000000000 4440.0000000000 4440.0000000000
164 4520.0000000000 4520.0000000000 4520.0000000000 4520.0000000000
172 4614.0000000000 4614.0000000000 4614.0000000000 4614.0000000000
179 4689.0000000000 4689.0000000000 4689.0000000000 4689.0000000000
183 4721.0000000000 4721.0000000000 4721.0000000000 4721.0000000000
190 4749.0000000000 4749.0000000000 4749.0000000000 4749.0000000000
212 4828.0000000000 4828.0000000000 4828.0000000000 4828.0000000000
229 4913.0000000000 4913.0000000000 4913.0000000000 4913.0000000000
282 4983.0000000000 4983.0000000000 4983.0000000000 4983.0000000000
345 5050.0000000000 5050.0000000000 5050.0000000000 5050.0000000000
100001 5020.0000000000 5050.0000000000 5020.0000000000 5050.0000000000
"function evaluation" "current f(x)" "best-so-far f(x)" "current af(x)+b" "best af(x)+b"
1 2491.0000000000 2491.0000000000 2491.0000000000 2491.0000000000
2 2569.0000000000 2569.0000000000 2569.0000000000 2569.0000000000
3 2597.0000000000 2597.0000000000 2597.0000000000 2597.0000000000
10 2651.0000000000 2651.0000000000 2651.0000000000 2651.0000000000
11 2690.0000000000 2690.0000000000 2690.0000000000 2690.0000000000
12 2764.0000000000 2764.0000000000 2764.0000000000 2764.0000000000
13 2812.0000000000 2812.0000000000 2812.0000000000 2812.0000000000
14 2883.0000000000 2883.0000000000 2883.0000000000 2883.0000000000
17 2925.0000000000 2925.0000000000 2925.0000000000 2925.0000000000
23 2971.0000000000 2971.0000000000 2971.0000000000 2971.0000000000
25 2972.0000000000 2972.0000000000 2972.0000000000 2972.0000000000
30 3059.0000000000 3059.0000000000 3059.0000000000 3059.0000000000
31 3117.0000000000 3117.0000000000 3117.0000000000 3117.0000000000
34 3128.0000000000 3128.0000000000 3128.0000000000 3128.0000000000
37 3134.0000000000 3134.0000000000 3134.0000000000 3134.0000000000
38 3206.0000000000 3206.0000000000 3206.0000000000 3206.0000000000
41 3274.0000000000 3274.0000000000 3274.0000000000 3274.0000000000
46 3353.0000000000 3353.0000000000 3353.0000000000 3353.0000000000
47 3430.0000000000 3430.0000000000 3430.0000000000 3430.0000000000
51 3500.0000000000 3500.0000000000 3500.0000000000 3500.0000000000
53 3580.0000000000 3580.0000000000 3580.0000000000 3580.0000000000
64 3589.0000000000 3589.0000000000 3589.0000000000 3589.0000000000
66 3648.0000000000 3648.0000000000 3648.0000000000 3648.0000000000
67 3661.0000000000 3661.0000000000 3661.0000000000 3661.0000000000
68 3751.0000000000 3751.0000000000 3751.0000000000 3751.0000000000
73 3817.0000000000 3817.0000000000 3817.0000000000 3817.0000000000
74 3910.0000000000 3910.0000000000 3910.0000000000 3910.0000000000
88 3914.0000000000 3914.0000000000 3914.0000000000 3914.0000000000
90 4010.0000000000 4010.0000000000 4010.0000000000 4010.0000000000
92 4048.0000000000 4048.0000000000 4048.0000000000 4048.0000000000
96 4142.0000000000 4142.0000000000 4142.0000000000 4142.0000000000
98 4237.0000000000 4237.0000000000 4237.0000000000 4237.0000000000
103 4266.0000000000 4266.0000000000 4266.0000000000 4266.0000000000
108 4283.0000000000 4283.0000000000 4283.0000000000 4283.0000000000
117 4371.0000000000 4371.0000000000 4371.0000000000 4371.0000000000
127 4402.0000000000 4402.0000000000 4402.0000000000 4402.0000000000
128 4478.0000000000 4478.0000000000 4478.0000000000 4478.0000000000
134 4496.0000000000 4496.0000000000 4496.0000000000 4496.0000000000
135 4594.0000000000 4594.0000000000 4594.0000000000 4594.0000000000
159 4597.0000000000 4597.0000000000 4597.0000000000 4597.0000000000
163 4621.0000000000 4621.0000000000 4621.0000000000 4621.0000000000
167 4666.0000000000 4666.0000000000 4666.0000000000 4666.0000000000
171 4739.0000000000 4739.0000000000 4739.0000000000 4739.0000000000
194 4766.0000000000 4766.0000000000 4766.0000000000 4766.0000000000
224 4809.0000000000 4809.0000000000 4809.0000000000 4809.0000000000
236 4817.0000000000 4817.0000000000 4817.0000000000 4817.0000000000
273 4870.0000000000 4870.0000000000 4870.0000000000 4870.0000000000
275 4885.0000000000 4885.0000000000 4885.0000000000 4885.0000000000
334 4915.0000000000 4915.0000000000 4915.0000000000 4915.0000000000
347 4938.0000000000 4938.0000000000 4938.0000000000 4938.0000000000
402 5000.0000000000 5000.0000000000 5000.0000000000 5000.0000000000
482 5050.0000000000 5050.0000000000 5050.0000000000 5050.0000000000
100001 4986.0000000000 5050.0000000000 4986.0000000000 5050.0000000000
"function evaluation" "current f(x)" "best-so-far f(x)" "current af(x)+b" "best af(x)+b"
1 2389.0000000000 2389.0000000000 2389.0000000000 2389.0000000000
2 2395.0000000000 2395.0000000000 2395.0000000000 2395.0000000000
7 2495.0000000000 2495.0000000000 2495.0000000000 2495.0000000000
9 2536.0000000000 2536.0000000000 2536.0000000000 2536.0000000000
11 2622.0000000000 2622.0000000000 2622.0000000000 2622.0000000000
15 2704.0000000000 2704.0000000000 2704.0000000000 2704.0000000000
16 2780.0000000000 2780.0000000000 2780.0000000000 2780.0000000000
18 2857.0000000000 2857.0000000000 2857.0000000000 2857.0000000000
23 2920.0000000000 2920.0000000000 2920.0000000000 2920.0000000000
24 3000.0000000000 3000.0000000000 3000.0000000000 3000.0000000000
25 3029.0000000000 3029.0000000000 3029.0000000000 3029.0000000000
26 3100.0000000000 3100.0000000000 3100.0000000000 3100.0000000000
29 3175.0000000000 3175.0000000000 3175.0000000000 3175.0000000000
32 3217.0000000000 3217.0000000000 3217.0000000000 3217.0000000000
33 3239.0000000000 3239.0000000000 3239.0000000000 3239.0000000000
37 3249.0000000000 3249.0000000000 3249.0000000000 3249.0000000000
38 3274.0000000000 3274.0000000000 3274.0000000000 3274.0000000000
42 3297.0000000000 3297.0000000000 3297.0000000000 3297.0000000000
43 3375.0000000000 3375.0000000000 3375.0000000000 3375.0000000000
44 3421.0000000000 3421.0000000000 3421.0000000000 3421.0000000000
46 3460.0000000000 3460.0000000000 3460.0000000000 3460.0000000000
49 3521.0000000000 3521.0000000000 3521.0000000000 3521.0000000000
51 3613.0000000000 3613.0000000000 3613.0000000000 3613.0000000000
55 3643.0000000000 3643.0000000000 3643.0000000000 3643.0000000000
58 3698.0000000000 3698.0000000000 3698.0000000000 3698.0000000000
59 3760.0000000000 3760.0000000000 3760.0000000000 3760.0000000000
62 3851.0000000000 3851.0000000000 3851.0000000000 3851.0000000000
77 3905.0000000000 3905.0000000000 3905.0000000000 3905.0000000000
82 3965.0000000000 3965.0000000000 3965.0000000000 3965.0000000000
83 3997.0000000000 3997.0000000000 3997.0000000000 3997.0000000000
84 4034.0000000000 4034.0000000000 4034.0000000000 4034.0000000000
86 4054.0000000000 4054.0000000000 4054.0000000000 4054.0000000000
89 4135.0000000000 4135.0000000000 4135.0000000000 4135.0000000000
90 4175.0000000000 4175.0000000000 4175.0000000000 4175.0000000000
99 4241.0000000000 4241.0000000000 4241.0000000000 4241.0000000000
104 4245.0000000000 4245.0000000000 4245.0000000000 4245.0000000000
112 4303.0000000000 4303.0000000000 4303.0000000000 4303.0000000000
121 4392.0000000000 4392.0000000000 4392.0000000000 4392.0000000000
132 4393.0000000000 4393.0000000000 4393.0000000000 4393.0000000000
135 4412.0000000000 4412.0000000000 4412.0000000000 4412.0000000000
139 4425.0000000000 4425.0000000000 4425.0000000000 4425.0000000000
184 4497.0000000000 4497.0000000000 4497.0000000000 4497.0000000000
198 4594.0000000000 4594.0000000000 4594.0000000000 4594.0000000000
207 4663.0000000000 4663.0000000000 4663.0000000000 4663.0000000000
212 4674.0000000000 4674.0000000000 4674.0000000000 4674.0000000000
243 4748.0000000000 4748.0000000000 4748.0000000000 4748.0000000000
249 4782.0000000000 4782.0000000000 4782.0000000000 4782.0000000000
284 4797.0000000000 4797.0000000000 4797.0000000000 4797.0000000000
307 4870.0000000000 4870.0000000000 4870.0000000000 4870.0000000000
369 4957.0000000000 4957.0000000000 4957.0000000000 4957.0000000000
463 5050.0000000000 5050.0000000000 5050.0000000000 5050.0000000000
100001 4958.0000000000 5050.0000000000 4958.0000000000 5050.0000000000
"function evaluation" "current f(x)" "best-so-far f(x)" "current af(x)+b" "best af(x)+b"
1 2411.0000000000 2411.0000000000 2411.0000000000 2411.0000000000
2 2461.0000000000 2461.0000000000 2461.0000000000 2461.0000000000
3 2515.0000000000 2515.0000000000 2515.0000000000 2515.0000000000
6 2566.0000000000 2566.0000000000 2566.0000000000 2566.0000000000
7 2618.0000000000 2618.0000000000 2618.0000000000 2618.0000000000
8 2686.0000000000 2686.0000000000 2686.0000000000 2686.0000000000
9 2714.0000000000 2714.0000000000 2714.0000000000 2714.0000000000
11 2778.0000000000 2778.0000000000 2778.0000000000 2778.0000000000
12 2855.0000000000 2855.0000000000 2855.0000000000 2855.0000000000
14 2884.0000000000 2884.0000000000 2884.0000000000 2884.0000000000
15 2942.0000000000 2942.0000000000 2942.0000000000 2942.0000000000
29 3013.0000000000 3013.0000000000 3013.0000000000 3013.0000000000
31 3033.0000000000 3033.0000000000 3033.0000000000 3033.0000000000
34 3073.0000000000 3073.0000000000 3073.0000000000 3073.0000000000
42 3160.0000000000 3160.0000000000 3160.0000000000 3160.0000000000
45 3227.0000000000 3227.0000000000 3227.0000000000 3227.0000000000
48 3283.0000000000 3283.0000000000 3283.0000000000 3283.0000000000
51 3361.0000000000 3361.0000000000 3361.0000000000 3361.0000000000
52 3364.0000000000 3364.0000000000 3364.0000000000 3364.0000000000
54 3444.0000000000 3444.0000000000 3444.0000000000 3444.0000000000
55 3466.0000000000 3466.0000000000 3466.0000000000 3466.0000000000
58 3526.0000000000 3526.0000000000 3526.0000000000 3526.0000000000
67 3614.0000000000 3614.0000000000 3614.0000000000 3614.0000000000
68 3695.0000000000 3695.0000000000 3695.0000000000 3695.0000000000
73 3696.0000000000 3696.0000000000 3696.0000000000 3696.0000000000
77 3744.0000000000 3744.0000000000 3744.0000000000 3744.0000000000
79 3803.0000000000 3803.0000000000 3803.0000000000 3803.0000000000
87 3876.0000000000 3876.0000000000 3876.0000000000 3876.0000000000
90 3887.0000000000 3887.0000000000 3887.0000000000 3887.0000000000
95 3926.0000000000 3926.0000000000 3926.0000000000 3926.0000000000
96 4011.0000000000 4011.0000000000 4011.0000000000 4011.0000000000
97 4045.0000000000 4045.0000000000 4045.0000000000 4045.0000000000
100 4069.0000000000 4069.0000000000 4069.0000000000 4069.0000000000
103 4118.0000000000 4118.0000000000 4118.0000000000 4118.0000000000
111 4154.0000000000 4154.0000000000 4154.0000000000 4154.0000000000
119 4238.0000000000 4238.0000000000 4238.0000000000 4238.0000000000
122 4299.0000000000 4299.0000000000 4299.0000000000 4299.0000000000
144 4344.0000000000 4344.0000000000 4344.0000000000 4344.0000000000
149 4397.0000000000 4397.0000000000 4397.0000000000 4397.0000000000
152 4483.0000000000 4483.0000000000 4483.0000000000 4483.0000000000
157 4553.0000000000 4553.0000000000 4553.0000000000 4553.0000000000
158 4576.0000000000 4576.0000000000 4576.0000000000 4576.0000000000
191 4603.0000000000 4603.0000000000 4603.0000000000 4603.0000000000
208 4644.0000000000 4644.0000000000 4644.0000000000 4644.0000000000
219 4723.0000000000 4723.0000000000 4723.0000000000 4723.0000000000
245 4760.0000000000 4760.0000000000 4760.0000000000 4760.0000000000
256 4835.0000000000 4835.0000000000 4835.0000000000 4835.0000000000
260 4925.0000000000 4925.0000000000 4925.0000000000 4925.0000000000
440 5025.0000000000 5025.0000000000 5025.0000000000 5025.0000000000
570 5050.0000000000 5050.0000000000 5050.0000000000 5050.0000000000
100001 4971.0000000000 5050.0000000000 4971.0000000000 5050.0000000000
"function evaluation" "current f(x)" "best-so-far f(x)" "current af(x)+b" "best af(x)+b"
1 2537.0000000000 2537.0000000000 2537.0000000000 2537.0000000000
5 2541.0000000000 2541.0000000000 2541.0000000000 2541.0000000000
6 2599.0000000000 2599.0000000000 2599.0000000000 2599.0000000000
8 2693.0000000000 2693.0000000000 2693.0000000000 2693.0000000000
10 2793.0000000000 2793.0000000000 2793.0000000000 2793.0000000000
12 2809.0000000000 2809.0000000000 2809.0000000000 2809.0000000000
15 2861.0000000000 2861.0000000000 2861.0000000000 2861.0000000000
22 2949.0000000000 2949.0000000000 2949.0000000000 2949.0000000000
28 3046.0000000000 3046.0000000000 3046.0000000000 3046.0000000000
34 3108.0000000000 3108.0000000000 3108.0000000000 3108.0000000000
35 3204.0000000000 3204.0000000000 3204.0000000000 3204.0000000000
37 3293.0000000000 3293.0000000000 3293.0000000000 3293.0000000000
39 3367.0000000000 3367.0000000000 3367.0000000000 3367.0000000000
41 3372.0000000000 3372.0000000000 3372.0000000000 3372.0000000000
43 3414.0000000000 3414.0000000000 3414.0000000000 3414.0000000000
44 3475.0000000000 3475.0000000000 3475.0000000000 3475.0000000000
51 3553.0000000000 3553.0000000000 3553.0000000000 3553.0000000000
58 3577.0000000000 3577.0000000000 3577.0000000000 3577.0000000000
59 3642.0000000000 3642.0000000000 3642.0000000000 3642.0000000000
68 3681.0000000000 3681.0000000000 3681.0000000000 3681.0000000000
72 3695.0000000000 3695.0000000000 3695.0000000000 3695.0000000000
73 3780.0000000000 3780.0000000000 3780.0000000000 3780.0000000000
75 3829.0000000000 3829.0000000000 3829.0000000000 3829.0000000000
79 3912.0000000000 3912.0000000000 3912.0000000000 3912.0000000000
85 3948.0000000000 3948.0000000000 3948.0000000000 3948.0000000000
91 3966.0000000000 3966.0000000000 3966.0000000000 3966.0000000000
98 3993.0000000000 3993.0000000000 3993.0000000000 3993.0000000000
112 4024.0000000000 4024.0000000000 4024.0000000000 4024.0000000000
120 4087.0000000000 4087.0000000000 4087.0000000000 4087.0000000000
130 4094.0000000000 4094.0000000000 4094.0000000000 4094.0000000000
133 4138.0000000000 4138.0000000000 4138.0000000000 4138.0000000000
140 4206.0000000000 4206.0000000000 4206.0000000000 4206.0000000000
141 4286.0000000000 4286.0000000000 4286.0000000000 4286.0000000000
145 4321.0000000000 4321.0000000000 4321.0000000000 4321.0000000000
147 4419.0000000000 4419.0000000000 4419.0000000000 4419.0000000000
150 4451.0000000000 4451.0000000000 4451.0000000000 4451.0000000000
176 4546.0000000000 4546.0000000000 4546.0000000000 4546.0000000000
183 4575.0000000000 4575.0000000000 4575.0000000000 4575.0000000000
186 4594.0000000000 4594.0000000000 4594.0000000000 4594.0000000000
219 4654.0000000000 4654.0000000000 4654.0000000000 4654.0000000000
236 4727.0000000000 4727.0000000000 4727.0000000000 4727.0000000000
249 4774.0000000000 4774.0000000000 4774.0000000000 4774.0000000000
254 4794.0000000000 4794.0000000000 4794.0000000000 4794.0000000000
282 4824.0000000000 4824.0000000000 4824.0000000000 4824.0000000000
293 4845.0000000000 4845.0000000000 4845.0000000000 4845.0000000000
297 4900.0000000000 4900.0000000000 4900.0000000000 4900.0000000000
299 4979.0000000000 4979.0000000000 4979.0000000000 4979.0000000000
624 5050.0000000000 5050.0000000000 5050.0000000000 5050.0000000000
100001 4989.0000000000 5050.0000000000 4989.0000000000 5050.0000000000
"function evaluation" "current f(x)" "best-so-far f(x)" "current af(x)+b" "best af(x)+b"
1 2384.0000000000 2384.0000000000 2384.0000000000 2384.0000000000
2 2466.0000000000 2466.0000000000 2466.0000000000 2466.0000000000
3 2497.0000000000 2497.0000000000 2497.0000000000 2497.0000000000
4 2548.0000000000 2548.0000000000 2548.0000000000 2548.0000000000
5 2614.0000000000 2614.0000000000 2614.0000000000 2614.0000000000
14 2666.0000000000 2666.0000000000 2666.0000000000 2666.0000000000
16 2668.0000000000 2668.0000000000 2668.0000000000 2668.0000000000
20 2702.0000000000 2702.0000000000 2702.0000000000 2702.0000000000
21 2741.0000000000 2741.0000000000 2741.0000000000 2741.0000000000
22 2784.0000000000 2784.0000000000 2784.0000000000 2784.0000000000
24 2849.0000000000 2849.0000000000 2849.0000000000 2849.0000000000
27 2904.0000000000 2904.0000000000 2904.0000000000 2904.0000000000
32 2984.0000000000 2984.0000000000 2984.0000000000 2984.0000000000
37 3025.0000000000 3025.0000000000 3025.0000000000 3025.0000000000
38 3099.0000000000 3099.0000000000 3099.0000000000 3099.0000000000
39 3134.0000000000 3134.0000000000 3134.0000000000 3134.0000000000
41 3178.0000000000 3178.0000000000 3178.0000000000 3178.0000000000
42 3267.0000000000 3267.0000000000 3267.0000000000 3267.0000000000
43 3283.0000000000 3283.0000000000 3283.0000000000 3283.0000000000
44 3329.0000000000 3329.0000000000 3329.0000000000 3329.0000000000
46 3400.0000000000 3400.0000000000 3400.0000000000 3400.0000000000
47 3403.0000000000 3403.0000000000 3403.0000000000 3403.0000000000
49 3457.0000000000 3457.0000000000 3457.0000000000 3457.0000000000
51 3535.0000000000 3535.0000000000 3535.0000000000 3535.0000000000
56 3619.0000000000 3619.0000000000 3619.0000000000 3619.0000000000
62 3628.0000000000 3628.0000000000 3628.0000000000 3628.0000000000
63 3695.0000000000 3695.0000000000 3695.0000000000 3695.0000000000
68 3768.0000000000 3768.0000000000 3768.0000000000 3768.0000000000
72 3865.0000000000 3865.0000000000 3865.0000000000 3865.0000000000
73 3965.0000000000 3965.0000000000 3965.0000000000 3965.0000000000
75 3979.0000000000 3979.0000000000 3979.0000000000 3979.0000000000
79 4077.0000000000 4077.0000000000 4077.0000000000 4077.0000000000
84 4081.0000000000 4081.0000000000 4081.0000000000 4081.0000000000
90 4088.0000000000 4088.0000000000 4088.0000000000 4088.0000000000
91 4171.0000000000 4171.0000000000 4171.0000000000 4171.0000000000
95 4261.0000000000 4261.0000000000 4261.0000000000 4261.0000000000
97 4356.0000000000 4356.0000000000 4356.0000000000 4356.0000000000
98 4362.0000000000 4362.0000000000 4362.0000000000 4362.0000000000
103 4409.0000000000 4409.0000000000 4409.0000000000 4409.0000000000
122 4426.0000000000 4426.0000000000 4426.0000000000 4426.0000000000
124 4495.0000000000 4495.0000000000 4495.0000000000 4495.0000000000
127 4540.0000000000 4540.0000000000 4540.0000000000 4540.0000000000
137 4548.0000000000 4548.0000000000 4548.0000000000 4548.0000000000
151 4601.0000000000 4601.0000000000 4601.0000000000 4601.0000000000
154 4657.0000000000 4657.0000000000 4657.0000000000 4657.0000000000
172 4738.0000000000 4738.0000000000 4738.0000000000 4738.0000000000
222 4739.0000000000 4739.0000000000 4739.0000000000 4739.0000000000
267 4827.0000000000 4827.0000000000 4827.0000000000 4827.0000000000
282 4921.0000000000 4921.0000000000 4921.0000000000 4921.0000000000
301 4978.0000000000 4978.0000000000 4978.0000000000 4978.0000000000
314 5050.0000000000 5050.0000000000 5050.0000000000 5050.0000000000
100001 5015.0000000000 5050.0000000000 5015.0000000000 5050.0000000000
"function evaluation" "current f(x)" "best-so-far f(x)" "current af(x)+b" "best af(x)+b"
1 2542.0000000000 2542.0000000000 2542.0000000000 2542.0000000000
2 2584.0000000000 2584.0000000000 2584.0000000000 2584.0000000000
4 2657.0000000000 2657.0000000000 2657.0000000000 2657.0000000000
7 2718.0000000000 2718.0000000000 2718.0000000000 2718.0000000000
8 2746.0000000000 2746.0000000000 2746.0000000000 2746.0000000000
9 2784.0000000000 2784.0000000000 2784.0000000000 2784.0000000000
10 2833.0000000000 2833.0000000000 2833.0000000000 2833.0000000000
12 2855.0000000000 2855.0000000000 2855.0000000000 2855.0000000000
13 2909.0000000000 2909.0000000000 2909.0000000000 2909.0000000000
15 2939.0000000000 2939.0000000000 2939.0000000000 2939.0000000000
17 2958.0000000000 2958.0000000000 2958.0000000000 2958.0000000000
18 3010.0000000000 3010.0000000000 3010.0000000000 3010.0000000000
20 3096.0000000000 3096.0000000000 3096.0000000000 3096.0000000000
24 3109.0000000000 3109.0000000000 3109.0000000000 3109.0000000000
25 3130.0000000000 3130.0000000000 3130.0000000000 3130.0000000000
26 3137.0000000000 3137.0000000000 3137.0000000000 3137.0000000000
29 3205.0000000000 3205.0000000000 3205.0000000000 3205.0000000000
32 3279.0000000000 3279.0000000000 3279.0000000000 3279.0000000000
34 3283.0000000000 3283.0000000000 3283.0000000000 3283.0000000000
37 3306.0000000000 3306.0000000000 3306.0000000000 3306.0000000000
41 3333.0000000000 3333.0000000000 3333.0000000000 3333.0000000000
42 3398.0000000000 3398.0000000000 3398.0000000000 3398.0000000000
43 3490.0000000000 3490.0000000000 3490.0000000000 3490.0000000000
45 3501.0000000000 3501.0000000000 3501.0000000000 3501.0000000000
47 3548.0000000000 3548.0000000000 3548.0000000000 3548.0000000000
52 3638.0000000000 3638.0000000000 3638.0000000000 3638.0000000000
54 3655.0000000000 3655.0000000000 3655.0000000000 3655.0000000000
57 3687.0000000000 3687.0000000000 3687.0000000000 3687.0000000000
61 3745.0000000000 3745.0000000000 3745.0000000000 3745.0000000000
63 3755.0000000000 3755.0000000000 3755.0000000000 3755.0000000000
67 3811.0000000000 3811.0000000000 3811.0000000000 3811.0000000000
74 3906.0000000000 3906.0000000000 3906.0000000000 3906.0000000000
79 3987.0000000000 3987.0000000000 3987.0000000000 3987.0000000000
81 4002.0000000000 4002.0000000000 4002.0000000000 4002.0000000000
85 4091.0000000000 4091.0000000000 4091.0000000000 4091.0000000000
88 4099.0000000000 4099.0000000000 4099.0000000000 4099.0000000000
92 4142.0000000000 4142.0000000000 4142.0000000000 4142.0000000000
98 4193.0000000000 4193.0000000000 4193.0000000000 4193.0000000000
99 4268.0000000000 4268.0000000000 4268.0000000000 4268.0000000000
101 4297.0000000000 4297.0000000000 4297.0000000000 4297.0000000000
126 4395.0000000000 4395.0000000000 4395.0000000000 4395.0000000000
150 4430.0000000000 4430.0000000000 4430.0000000000 4430.0000000000
161 4485.0000000000 4485.0000000000 4485.0000000000 4485.0000000000
166 4538.0000000000 4538.0000000000 4538.0000000000 4538.0000000000
189 4586.0000000000 4586.0000000000 4586.0000000000 4586.0000000000
206 4625.0000000000 4625.0000000000 4625.0000000000 4625.0000000000
212 4630.0000000000 4630.0000000000 4630.0000000000 4630.0000000000
230 4693.0000000000 4693.0000000000 4693.0000000000 4693.0000000000
250 4696.0000000000 4696.0000000000 4696.0000000000 4696.0000000000
284 4779.0000000000 4779.0000000000 4779.0000000000 4779.0000000000
321 4875.0000000000 4875.0000000000 4875.0000000000 4875.0000000000
331 4953.0000000000 4953.0000000000 4953.0000000000 4953.0000000000
369 5050.0000000000 5050.0000000000 5050.0000000000 5050.0000000000
100001 5041.0000000000 5050.0000000000 5041.0000000000 5050.0000000000
