evaluations raw_y
1 1.3743815283
206 1.5087507544
237 1.5271838729
253 1.5499070056
306 1.7135023989
352 1.8181818182
406 1.9516003123
469 1.9762845850
506 2.0644095789
516 2.0712510356
517 2.1061499579
587 2.1204410517
598 2.1422450728
606 2.1758050479
617 2.2789425706
635 2.3562676720
647 2.3741690408
670 2.3832221163
706 2.4154589372
717 2.4925224327
735 2.5025025025
778 2.6511134677
835 2.9036004646
917 3.1133250311
947 3.2594524120
1017 3.3200531208
1140 3.4965034965
1286 3.5460992908
1304 3.6075036075
2746 3.7936267071
2786 3.9123630673
2846 4.1322314050
20579 4.2301184433
20717 4.5207956600
43490 4.7080979284
43555 5.1124744376
43704 5.3995680346
100124 3.3025099075
evaluations raw_y
1 1.0309278351
203 1.0517458982
205 1.1853959222
233 1.2272950417
303 1.2456402591
305 1.4116318464
368 1.4409221902
373 1.4749262537
404 1.5124016939
405 1.6700066800
438 1.7253278123
504 1.8234865062
505 1.9364833462
570 1.9485580670
605 2.1312872975
648 2.1533161068
704 2.2583559169
729 2.2914757104
767 2.3084025854
813 2.3832221163
829 2.4975024975
908 2.7085590466
1024 2.8121484814
1060 2.8506271380
1113 2.8968713789
1137 3.0084235860
1213 3.0156815440
1223 3.2851511170
1333 3.3112582781
2617 3.4106412005
2711 3.4770514604
2724 3.5561877667
2725 3.6179450072
2727 3.6390101892
6525 3.7593984962
7779 3.8051750381
7826 3.9370078740
7922 4.0000000000
7928 4.0257648953
17872 4.2881646655
23493 4.3327556326
101128 3.4770514604
evaluations raw_y
1 0.9932459277
2 1.2285012285
3 1.5271838729
9 1.6118633140
11 1.7229496899
100 1.7667844523
109 1.8155410312
111 2.0210185934
184 2.0341741253
209 2.0712510356
211 2.1349274125
222 2.1720243267
242 2.2665457842
311 2.3041474654
331 2.3923444976
392 2.4485798237
420 2.4925224327
426 2.5025025025
489 2.5960539979
515 2.7502750275
590 2.8121484814
615 2.8312570781
617 2.9797377831
712 3.0303030303
715 3.1367628607
812 3.3647375505
911 3.4674063800
1073 3.4770514604
1154 3.4867503487
1255 3.7037037037
1392 3.8051750381
8427 3.8402457757
10968 3.9494470774
13910 3.9619651347
13929 4.0518638574
37891 4.0916530278
41901 4.1050903120
41989 4.5372050817
100620 3.2341526520
evaluations raw_y
1 0.8098477486
3 1.2481278083
4 1.5234613041
210 1.5576323988
212 1.5933715743
214 1.6056518947
225 1.6097875080
229 1.6972165648
310 1.7041581459
311 1.7667844523
314 1.9127773527
339 1.9669551534
411 2.0016012810
414 2.0955574183
425 2.1026072330
426 2.1385799829
480 2.2461814915
511 2.4533856722
563 2.5853154085
611 2.7746947836
696 2.8248587571
711 3.0826140567
857 3.2010243278
881 3.4482758621
994 3.7481259370
1057 3.7593984962
1069 3.9001560062
13115 4.3029259897
20353 4.4563279857
59690 4.6040515654
100127 3.0450669915
evaluations raw_y
1 1.7494751575
215 1.8811136193
227 1.9888623707
304 2.0712510356
310 2.0920502092
315 2.2104332449
384 2.2261798753
404 2.3041474654
413 2.3474178404
415 2.4679170780
504 2.6288117771
577 2.6399155227
604 2.7502750275
610 2.7624309392
613 2.7870680045
654 3.0450669915
704 3.3467202142
807 3.3738191633
829 3.4674063800
849 3.5063113604
2494 3.7707390649
2527 3.9001560062
5596 3.9745627981
18708 4.0128410915
20003 4.0650406504
20097 4.1876046901
20124 4.4247787611
20197 4.6382189239
20307 4.7258979206
20342 4.7801147228
101125 2.5025025025
evaluations raw_y
1 0.8599931201
2 0.8899964400
4 1.2285012285
29 1.2468827930
34 1.2493753123
40 1.3319126265
51 1.3347570742
107 1.4343086632
112 1.4475969890
120 1.4611338399
129 1.5441630636
140 1.5873015873
207 1.6223231668
212 1.7064846416
220 1.7158544955
229 1.7844396859
259 1.9516003123
312 2.0920502092
329 2.1570319241
334 2.1720243267
407 2.1834061135
412 2.3741690408
429 2.4108003857
499 2.4875621891
506 2.5227043391
529 2.6968716289
614 2.7382256298
641 2.7746947836
686 2.8506271380
714 2.9377203290
841 2.9446407538
874 3.0902348578
939 3.2765399738
996 3.2938076416
1007 3.3200531208
1041 3.5260930889
1107 3.5765379113
1139 3.6603221083
1211 3.7369207773
1221 3.8051750381
1393 3.9123630673
1467 4.0257648953
1563 4.3478260870
41549 4.4404973357
41627 4.5207956600
85809 4.7801147228
100223 3.1289111389
evaluations raw_y
1 0.9877518767
3 1.0780508840
4 1.3068478829
5 1.3564839935
12 1.4714537964
63 1.4854426619
82 1.4925373134
100 1.5253203173
111 1.5812776724
112 1.6307893020
117 1.7349063151
119 1.7494751575
205 1.7618040874
211 1.7667844523
212 1.8024513338
214 1.8181818182
217 1.8896447468
257 1.9920318725
305 2.0815986678
317 2.0955574183
342 2.1682567216
352 2.1758050479
405 2.2182786158
412 2.2999080037
442 2.3607176582
459 2.4437927664
512 2.5176233635
554 2.6123301985
624 2.6178010471
631 2.8441410694
694 2.9103608847
712 2.9308323564
731 3.3738191633
1721 3.4199726402
1813 3.4674063800
1835 3.5663338088
1954 3.6390101892
1985 3.8880248834
14122 3.9246467818
19395 4.0128410915
19531 4.1597337770
19556 4.2301184433
101330 3.1367628607
evaluations raw_y
1 0.8025682183
2 0.8347245409
3 1.0912265386
6 1.2827090816
52 1.2906556531
106 1.4961101137
207 1.5160703457
211 1.5234613041
220 1.5576323988
242 1.5772870662
243 1.6700066800
307 1.7470300489
328 1.8288222385
407 1.9215987702
420 1.9394879752
447 1.9700551615
507 1.9794140934
520 1.9920318725
521 2.0242914980
534 2.0508613618
544 2.0576131687
560 2.1204410517
564 2.1349274125
607 2.2872827081
708 2.3430178069
720 2.4154589372
808 2.5075225677
817 2.5278058645
841 2.6567481403
908 2.6968716289
917 2.7322404372
934 2.7808676307
1031 2.7995520717
1074 2.8376844495
1078 2.8636884307
1125 2.8702640643
1130 3.0376670717
1275 3.1367628607
2276 3.2594524120
2309 3.5260930889
2486 3.6390101892
2603 3.6710719530
5750 3.8402457757
7354 3.8759689922
21905 3.9370078740
21947 3.9745627981
22123 4.0650406504
27569 4.2444821732
27678 4.2881646655
29233 4.3782837128
29248 4.4247787611
29250 4.4563279857
64649 4.4722719141
64708 4.5207956600
64716 4.7258979206
64808 5.3078556263
100813 2.4248302619
evaluations raw_y
1 1.4409221902
7 1.7158544955
8 1.7325017325
14 1.9425019425
40 1.9485580670
114 2.0746887967
138 2.2222222222
210 2.2261798753
214 2.4154589372
328 2.4777006938
354 2.6567481403
418 2.6624068158
456 2.6737967914
459 2.6852846402
528 2.7262813522
569 2.7382256298
600 2.8376844495
630 2.8835063437
681 2.8968713789
727 3.0599755202
829 3.1446540881
875 3.2425421530
928 3.3200531208
3531 3.4293552812
3638 3.6390101892
3732 3.7369207773
5143 3.9001560062
5271 3.9619651347
5325 4.0000000000
11285 4.1876046901
43667 4.4883303411
101239 3.4482758621
evaluations raw_y
1 0.6900358819
2 0.8957362952
3 1.2481278083
8 1.2645422357
14 1.2671059301
15 1.3319126265
16 1.3404825737
29 1.3462574044
30 1.3974287311
37 1.4132278123
66 1.4594279043
108 1.4784151390
114 1.4819205691
115 1.5441630636
116 1.5518311608
130 1.6633399867
208 1.7998560115
237 1.8102824041
264 1.8155410312
283 1.8208302986
295 1.8867924528
308 1.9731649566
337 2.1570319241
408 2.1607605877
414 2.2624434389
415 2.4582104228
514 2.5960539979
627 2.6455026455
631 2.7144408252
699 2.8248587571
759 2.9940119760
827 3.0902348578
928 3.1133250311
1049 3.1210986267
1068 3.1367628607
1092 3.1685678074
1108 3.2258064516
1168 3.2765399738
1238 3.3025099075
2618 3.3738191633
2757 3.5161744023
2900 3.5868005739
2932 3.6603221083
4346 3.7147102526
4356 3.7593984962
4384 3.8051750381
4443 4.0387722132
4456 4.2301184433
42028 4.2589437819
62303 4.4883303411
84995 4.6728971963
85032 4.6904315197
85180 4.9309664694
100413 2.7027027027
