"function evaluation" "current f(x)" "best-so-far f(x)" "current af(x)+b" "best af(x)+b"
1 2892.0000000000 2892.0000000000 2892.0000000000 2892.0000000000
5 3059.0000000000 3059.0000000000 3059.0000000000 3059.0000000000
48 3366.0000000000 3366.0000000000 3366.0000000000 3366.0000000000
144 3503.0000000000 3503.0000000000 3503.0000000000 3503.0000000000
1075 3512.0000000000 3512.0000000000 3512.0000000000 3512.0000000000
4867 3523.0000000000 3523.0000000000 3523.0000000000 3523.0000000000
7404 3597.0000000000 3597.0000000000 3597.0000000000 3597.0000000000
31787 3788.0000000000 3788.0000000000 3788.0000000000 3788.0000000000
100000 2126.0000000000 3788.0000000000 2126.0000000000 3788.0000000000
"function evaluation" "current f(x)" "best-so-far f(x)" "current af(x)+b" "best af(x)+b"
1 1831.0000000000 1831.0000000000 1831.0000000000 1831.0000000000
2 3176.0000000000 3176.0000000000 3176.0000000000 3176.0000000000
61 3199.0000000000 3199.0000000000 3199.0000000000 3199.0000000000
71 3279.0000000000 3279.0000000000 3279.0000000000 3279.0000000000
166 3293.0000000000 3293.0000000000 3293.0000000000 3293.0000000000
273 3385.0000000000 3385.0000000000 3385.0000000000 3385.0000000000
3251 3466.0000000000 3466.0000000000 3466.0000000000 3466.0000000000
5774 3515.0000000000 3515.0000000000 3515.0000000000 3515.0000000000
15713 3606.0000000000 3606.0000000000 3606.0000000000 3606.0000000000
46937 3642.0000000000 3642.0000000000 3642.0000000000 3642.0000000000
48505 3730.0000000000 3730.0000000000 3730.0000000000 3730.0000000000
98217 3771.0000000000 3771.0000000000 3771.0000000000 3771.0000000000
100000 2275.0000000000 3771.0000000000 2275.0000000000 3771.0000000000
"function evaluation" "current f(x)" "best-so-far f(x)" "current af(x)+b" "best af(x)+b"
1 2875.0000000000 2875.0000000000 2875.0000000000 2875.0000000000
12 2976.0000000000 2976.0000000000 2976.0000000000 2976.0000000000
16 2991.0000000000 2991.0000000000 2991.0000000000 2991.0000000000
21 3027.0000000000 3027.0000000000 3027.0000000000 3027.0000000000
95 3192.0000000000 3192.0000000000 3192.0000000000 3192.0000000000
339 3231.0000000000 3231.0000000000 3231.0000000000 3231.0000000000
393 3444.0000000000 3444.0000000000 3444.0000000000 3444.0000000000
797 3510.0000000000 3510.0000000000 3510.0000000000 3510.0000000000
1005 3517.0000000000 3517.0000000000 3517.0000000000 3517.0000000000
3071 3613.0000000000 3613.0000000000 3613.0000000000 3613.0000000000
27272 3617.0000000000 3617.0000000000 3617.0000000000 3617.0000000000
31818 3692.0000000000 3692.0000000000 3692.0000000000 3692.0000000000
50655 3715.0000000000 3715.0000000000 3715.0000000000 3715.0000000000
100000 2374.0000000000 3715.0000000000 2374.0000000000 3715.0000000000
"function evaluation" "current f(x)" "best-so-far f(x)" "current af(x)+b" "best af(x)+b"
1 2389.0000000000 2389.0000000000 2389.0000000000 2389.0000000000
2 2864.0000000000 2864.0000000000 2864.0000000000 2864.0000000000
4 2971.0000000000 2971.0000000000 2971.0000000000 2971.0000000000
17 3024.0000000000 3024.0000000000 3024.0000000000 3024.0000000000
90 3074.0000000000 3074.0000000000 3074.0000000000 3074.0000000000
112 3165.0000000000 3165.0000000000 3165.0000000000 3165.0000000000
114 3249.0000000000 3249.0000000000 3249.0000000000 3249.0000000000
553 3353.0000000000 3353.0000000000 3353.0000000000 3353.0000000000
2018 3614.0000000000 3614.0000000000 3614.0000000000 3614.0000000000
7184 3617.0000000000 3617.0000000000 3617.0000000000 3617.0000000000
19336 3637.0000000000 3637.0000000000 3637.0000000000 3637.0000000000
24530 3680.0000000000 3680.0000000000 3680.0000000000 3680.0000000000
40711 3693.0000000000 3693.0000000000 3693.0000000000 3693.0000000000
53831 3735.0000000000 3735.0000000000 3735.0000000000 3735.0000000000
78597 3751.0000000000 3751.0000000000 3751.0000000000 3751.0000000000
100000 2226.0000000000 3751.0000000000 2226.0000000000 3751.0000000000
"function evaluation" "current f(x)" "best-so-far f(x)" "current af(x)+b" "best af(x)+b"
1 2805.0000000000 2805.0000000000 2805.0000000000 2805.0000000000
2 2866.0000000000 2866.0000000000 2866.0000000000 2866.0000000000
7 2919.0000000000 2919.0000000000 2919.0000000000 2919.0000000000
9 3010.0000000000 3010.0000000000 3010.0000000000 3010.0000000000
40 3051.0000000000 3051.0000000000 3051.0000000000 3051.0000000000
64 3061.0000000000 3061.0000000000 3061.0000000000 3061.0000000000
80 3178.0000000000 3178.0000000000 3178.0000000000 3178.0000000000
178 3426.0000000000 3426.0000000000 3426.0000000000 3426.0000000000
3374 3519.0000000000 3519.0000000000 3519.0000000000 3519.0000000000
4911 3525.0000000000 3525.0000000000 3525.0000000000 3525.0000000000
5515 3580.0000000000 3580.0000000000 3580.0000000000 3580.0000000000
9630 3733.0000000000 3733.0000000000 3733.0000000000 3733.0000000000
100000 2674.0000000000 3733.0000000000 2674.0000000000 3733.0000000000
"function evaluation" "current f(x)" "best-so-far f(x)" "current af(x)+b" "best af(x)+b"
1 2719.0000000000 2719.0000000000 2719.0000000000 2719.0000000000
13 3191.0000000000 3191.0000000000 3191.0000000000 3191.0000000000
28 3277.0000000000 3277.0000000000 3277.0000000000 3277.0000000000
54 3343.0000000000 3343.0000000000 3343.0000000000 3343.0000000000
648 3409.0000000000 3409.0000000000 3409.0000000000 3409.0000000000
1094 3504.0000000000 3504.0000000000 3504.0000000000 3504.0000000000
4658 3536.0000000000 3536.0000000000 3536.0000000000 3536.0000000000
7965 3580.0000000000 3580.0000000000 3580.0000000000 3580.0000000000
9164 3596.0000000000 3596.0000000000 3596.0000000000 3596.0000000000
14146 3603.0000000000 3603.0000000000 3603.0000000000 3603.0000000000
38510 3635.0000000000 3635.0000000000 3635.0000000000 3635.0000000000
44257 3686.0000000000 3686.0000000000 3686.0000000000 3686.0000000000
100000 2369.0000000000 3686.0000000000 2369.0000000000 3686.0000000000
"function evaluation" "current f(x)" "best-so-far f(x)" "current af(x)+b" "best af(x)+b"
1 2594.0000000000 2594.0000000000 2594.0000000000 2594.0000000000
7 2768.0000000000 2768.0000000000 2768.0000000000 2768.0000000000
11 3011.0000000000 3011.0000000000 3011.0000000000 3011.0000000000
15 3114.0000000000 3114.0000000000 3114.0000000000 3114.0000000000
26 3121.0000000000 3121.0000000000 3121.0000000000 3121.0000000000
133 3232.0000000000 3232.0000000000 3232.0000000000 3232.0000000000
169 3281.0000000000 3281.0000000000 3281.0000000000 3281.0000000000
290 3560.0000000000 3560.0000000000 3560.0000000000 3560.0000000000
16752 3626.0000000000 3626.0000000000 3626.0000000000 3626.0000000000
24735 3720.0000000000 3720.0000000000 3720.0000000000 3720.0000000000
100000 2326.0000000000 3720.0000000000 2326.0000000000 3720.0000000000
"function evaluation" "current f(x)" "best-so-far f(x)" "current af(x)+b" "best af(x)+b"
1 2641.0000000000 2641.0000000000 2641.0000000000 2641.0000000000
4 2751.0000000000 2751.0000000000 2751.0000000000 2751.0000000000
12 2817.0000000000 2817.0000000000 2817.0000000000 2817.0000000000
17 2965.0000000000 2965.0000000000 2965.0000000000 2965.0000000000
30 3034.0000000000 3034.0000000000 3034.0000000000 3034.0000000000
40 3214.0000000000 3214.0000000000 3214.0000000000 3214.0000000000
190 3483.0000000000 3483.0000000000 3483.0000000000 3483.0000000000
1270 3525.0000000000 3525.0000000000 3525.0000000000 3525.0000000000
11456 3739.0000000000 3739.0000000000 3739.0000000000 3739.0000000000
45632 3754.0000000000 3754.0000000000 3754.0000000000 3754.0000000000
59456 3783.0000000000 3783.0000000000 3783.0000000000 3783.0000000000
100000 2765.0000000000 3783.0000000000 2765.0000000000 3783.0000000000
"function evaluation" "current f(x)" "best-so-far f(x)" "current af(x)+b" "best af(x)+b"
1 2272.0000000000 2272.0000000000 2272.0000000000 2272.0000000000
4 2863.0000000000 2863.0000000000 2863.0000000000 2863.0000000000
14 2981.0000000000 2981.0000000000 2981.0000000000 2981.0000000000
35 3032.0000000000 3032.0000000000 3032.0000000000 3032.0000000000
169 3195.0000000000 3195.0000000000 3195.0000000000 3195.0000000000
273 3249.0000000000 3249.0000000000 3249.0000000000 3249.0000000000
396 3328.0000000000 3328.0000000000 3328.0000000000 3328.0000000000
573 3560.0000000000 3560.0000000000 3560.0000000000 3560.0000000000
3020 3663.0000000000 3663.0000000000 3663.0000000000 3663.0000000000
30602 3782.0000000000 3782.0000000000 3782.0000000000 3782.0000000000
100000 2966.0000000000 3782.0000000000 2966.0000000000 3782.0000000000
"function evaluation" "current f(x)" "best-so-far f(x)" "current af(x)+b" "best af(x)+b"
1 2929.0000000000 2929.0000000000 2929.0000000000 2929.0000000000
2 2939.0000000000 2939.0000000000 2939.0000000000 2939.0000000000
49 3359.0000000000 3359.0000000000 3359.0000000000 3359.0000000000
351 3540.0000000000 3540.0000000000 3540.0000000000 3540.0000000000
3321 3546.0000000000 3546.0000000000 3546.0000000000 3546.0000000000
5668 3663.0000000000 3663.0000000000 3663.0000000000 3663.0000000000
62255 3674.0000000000 3674.0000000000 3674.0000000000 3674.0000000000
94951 3683.0000000000 3683.0000000000 3683.0000000000 3683.0000000000
100000 2480.0000000000 3683.0000000000 2480.0000000000 3683.0000000000
