"function evaluation" "current f(x)" "best-so-far f(x)" "current af(x)+b" "best af(x)+b"
1 2.0000000000 2.0000000000 2.0000000000 2.0000000000
74 3.0000000000 3.0000000000 3.0000000000 3.0000000000
122 6.0000000000 6.0000000000 6.0000000000 6.0000000000
198 7.0000000000 7.0000000000 7.0000000000 7.0000000000
403 8.0000000000 8.0000000000 8.0000000000 8.0000000000
425 11.0000000000 11.0000000000 11.0000000000 11.0000000000
1008 12.0000000000 12.0000000000 12.0000000000 12.0000000000
1134 14.0000000000 14.0000000000 14.0000000000 14.0000000000
1202 15.0000000000 15.0000000000 15.0000000000 15.0000000000
1610 18.0000000000 18.0000000000 18.0000000000 18.0000000000
1739 19.0000000000 19.0000000000 19.0000000000 19.0000000000
1952 24.0000000000 24.0000000000 24.0000000000 24.0000000000
2130 26.0000000000 26.0000000000 26.0000000000 26.0000000000
2228 29.0000000000 29.0000000000 29.0000000000 29.0000000000
2378 33.0000000000 33.0000000000 33.0000000000 33.0000000000
2428 36.0000000000 36.0000000000 36.0000000000 36.0000000000
2573 39.0000000000 39.0000000000 39.0000000000 39.0000000000
2794 44.0000000000 44.0000000000 44.0000000000 44.0000000000
2837 47.0000000000 47.0000000000 47.0000000000 47.0000000000
2885 50.0000000000 50.0000000000 50.0000000000 50.0000000000
2893 53.0000000000 53.0000000000 53.0000000000 53.0000000000
2962 55.0000000000 55.0000000000 55.0000000000 55.0000000000
3056 58.0000000000 58.0000000000 58.0000000000 58.0000000000
3107 60.0000000000 60.0000000000 60.0000000000 60.0000000000
3255 61.0000000000 61.0000000000 61.0000000000 61.0000000000
3326 65.0000000000 65.0000000000 65.0000000000 65.0000000000
3592 66.0000000000 66.0000000000 66.0000000000 66.0000000000
3605 68.0000000000 68.0000000000 68.0000000000 68.0000000000
3642 70.0000000000 70.0000000000 70.0000000000 70.0000000000
3958 71.0000000000 71.0000000000 71.0000000000 71.0000000000
4006 72.0000000000 72.0000000000 72.0000000000 72.0000000000
4013 73.0000000000 73.0000000000 73.0000000000 73.0000000000
4161 75.0000000000 75.0000000000 75.0000000000 75.0000000000
4162 76.0000000000 76.0000000000 76.0000000000 76.0000000000
4169 77.0000000000 77.0000000000 77.0000000000 77.0000000000
4263 83.0000000000 83.0000000000 83.0000000000 83.0000000000
4326 85.0000000000 85.0000000000 85.0000000000 85.0000000000
4346 87.0000000000 87.0000000000 87.0000000000 87.0000000000
4395 90.0000000000 90.0000000000 90.0000000000 90.0000000000
4446 91.0000000000 91.0000000000 91.0000000000 91.0000000000
4465 93.0000000000 93.0000000000 93.0000000000 93.0000000000
4542 95.0000000000 95.0000000000 95.0000000000 95.0000000000
4593 99.0000000000 99.0000000000 99.0000000000 99.0000000000
5028 100.0000000000 100.0000000000 100.0000000000 100.0000000000
100001 56.0000000000 100.0000000000 56.0000000000 100.0000000000
"function evaluation" "current f(x)" "best-so-far f(x)" "current af(x)+b" "best af(x)+b"
1 2.0000000000 2.0000000000 2.0000000000 2.0000000000
153 4.0000000000 4.0000000000 4.0000000000 4.0000000000
173 6.0000000000 6.0000000000 6.0000000000 6.0000000000
236 8.0000000000 8.0000000000 8.0000000000 8.0000000000
267 9.0000000000 9.0000000000 9.0000000000 9.0000000000
303 15.0000000000 15.0000000000 15.0000000000 15.0000000000
563 17.0000000000 17.0000000000 17.0000000000 17.0000000000
643 18.0000000000 18.0000000000 18.0000000000 18.0000000000
703 19.0000000000 19.0000000000 19.0000000000 19.0000000000
791 20.0000000000 20.0000000000 20.0000000000 20.0000000000
1090 21.0000000000 21.0000000000 21.0000000000 21.0000000000
1094 24.0000000000 24.0000000000 24.0000000000 24.0000000000
1184 25.0000000000 25.0000000000 25.0000000000 25.0000000000
1506 29.0000000000 29.0000000000 29.0000000000 29.0000000000
1555 30.0000000000 30.0000000000 30.0000000000 30.0000000000
1621 31.0000000000 31.0000000000 31.0000000000 31.0000000000
1715 33.0000000000 33.0000000000 33.0000000000 33.0000000000
1974 36.0000000000 36.0000000000 36.0000000000 36.0000000000
2023 37.0000000000 37.0000000000 37.0000000000 37.0000000000
2095 38.0000000000 38.0000000000 38.0000000000 38.0000000000
2108 41.0000000000 41.0000000000 41.0000000000 41.0000000000
2459 43.0000000000 43.0000000000 43.0000000000 43.0000000000
2505 45.0000000000 45.0000000000 45.0000000000 45.0000000000
2595 46.0000000000 46.0000000000 46.0000000000 46.0000000000
2628 47.0000000000 47.0000000000 47.0000000000 47.0000000000
2643 51.0000000000 51.0000000000 51.0000000000 51.0000000000
2652 52.0000000000 52.0000000000 52.0000000000 52.0000000000
2808 54.0000000000 54.0000000000 54.0000000000 54.0000000000
2823 57.0000000000 57.0000000000 57.0000000000 57.0000000000
2827 60.0000000000 60.0000000000 60.0000000000 60.0000000000
3103 65.0000000000 65.0000000000 65.0000000000 65.0000000000
3208 67.0000000000 67.0000000000 67.0000000000 67.0000000000
3227 70.0000000000 70.0000000000 70.0000000000 70.0000000000
3315 71.0000000000 71.0000000000 71.0000000000 71.0000000000
3492 73.0000000000 73.0000000000 73.0000000000 73.0000000000
3493 74.0000000000 74.0000000000 74.0000000000 74.0000000000
3496 76.0000000000 76.0000000000 76.0000000000 76.0000000000
3671 77.0000000000 77.0000000000 77.0000000000 77.0000000000
3673 78.0000000000 78.0000000000 78.0000000000 78.0000000000
3764 79.0000000000 79.0000000000 79.0000000000 79.0000000000
3831 81.0000000000 81.0000000000 81.0000000000 81.0000000000
3981 83.0000000000 83.0000000000 83.0000000000 83.0000000000
4003 85.0000000000 85.0000000000 85.0000000000 85.0000000000
4032 86.0000000000 86.0000000000 86.0000000000 86.0000000000
4085 87.0000000000 87.0000000000 87.0000000000 87.0000000000
4194 88.0000000000 88.0000000000 88.0000000000 88.0000000000
4226 89.0000000000 89.0000000000 89.0000000000 89.0000000000
4310 90.0000000000 90.0000000000 90.0000000000 90.0000000000
4475 91.0000000000 91.0000000000 91.0000000000 91.0000000000
4531 95.0000000000 95.0000000000 95.0000000000 95.0000000000
4554 99.0000000000 99.0000000000 99.0000000000 99.0000000000
4568 100.0000000000 100.0000000000 100.0000000000 100.0000000000
100001 58.0000000000 100.0000000000 58.0000000000 100.0000000000
"function evaluation" "current f(x)" "best-so-far f(x)" "current af(x)+b" "best af(x)+b"
1 1.0000000000 1.0000000000 1.0000000000 1.0000000000
58 4.0000000000 4.0000000000 4.0000000000 4.0000000000
129 5.0000000000 5.0000000000 5.0000000000 5.0000000000
132 7.0000000000 7.0000000000 7.0000000000 7.0000000000
162 9.0000000000 9.0000000000 9.0000000000 9.0000000000
227 11.0000000000 11.0000000000 11.0000000000 11.0000000000
262 13.0000000000 13.0000000000 13.0000000000 13.0000000000
314 15.0000000000 15.0000000000 15.0000000000 15.0000000000
339 17.0000000000 17.0000000000 17.0000000000 17.0000000000
391 18.0000000000 18.0000000000 18.0000000000 18.0000000000
400 22.0000000000 22.0000000000 22.0000000000 22.0000000000
595 23.0000000000 23.0000000000 23.0000000000 23.0000000000
610 27.0000000000 27.0000000000 27.0000000000 27.0000000000
718 28.0000000000 28.0000000000 28.0000000000 28.0000000000
796 29.0000000000 29.0000000000 29.0000000000 29.0000000000
1032 30.0000000000 30.0000000000 30.0000000000 30.0000000000
1033 31.0000000000 31.0000000000 31.0000000000 31.0000000000
1040 35.0000000000 35.0000000000 35.0000000000 35.0000000000
1360 37.0000000000 37.0000000000 37.0000000000 37.0000000000
1437 38.0000000000 38.0000000000 38.0000000000 38.0000000000
1506 39.0000000000 39.0000000000 39.0000000000 39.0000000000
1517 40.0000000000 40.0000000000 40.0000000000 40.0000000000
1859 41.0000000000 41.0000000000 41.0000000000 41.0000000000
1893 52.0000000000 52.0000000000 52.0000000000 52.0000000000
1965 54.0000000000 54.0000000000 54.0000000000 54.0000000000
2122 56.0000000000 56.0000000000 56.0000000000 56.0000000000
2334 57.0000000000 57.0000000000 57.0000000000 57.0000000000
2437 58.0000000000 58.0000000000 58.0000000000 58.0000000000
2681 59.0000000000 59.0000000000 59.0000000000 59.0000000000
2776 62.0000000000 62.0000000000 62.0000000000 62.0000000000
2781 65.0000000000 65.0000000000 65.0000000000 65.0000000000
2807 67.0000000000 67.0000000000 67.0000000000 67.0000000000
2824 69.0000000000 69.0000000000 69.0000000000 69.0000000000
2896 70.0000000000 70.0000000000 70.0000000000 70.0000000000
3067 72.0000000000 72.0000000000 72.0000000000 72.0000000000
3069 74.0000000000 74.0000000000 74.0000000000 74.0000000000
3276 75.0000000000 75.0000000000 75.0000000000 75.0000000000
3344 76.0000000000 76.0000000000 76.0000000000 76.0000000000
3413 77.0000000000 77.0000000000 77.0000000000 77.0000000000
3460 82.0000000000 82.0000000000 82.0000000000 82.0000000000
3868 83.0000000000 83.0000000000 83.0000000000 83.0000000000
3880 85.0000000000 85.0000000000 85.0000000000 85.0000000000
4184 86.0000000000 86.0000000000 86.0000000000 86.0000000000
4242 87.0000000000 87.0000000000 87.0000000000 87.0000000000
4304 88.0000000000 88.0000000000 88.0000000000 88.0000000000
4313 90.0000000000 90.0000000000 90.0000000000 90.0000000000
4382 91.0000000000 91.0000000000 91.0000000000 91.0000000000
4396 93.0000000000 93.0000000000 93.0000000000 93.0000000000
4401 95.0000000000 95.0000000000 95.0000000000 95.0000000000
4440 97.0000000000 97.0000000000 97.0000000000 97.0000000000
4566 98.0000000000 98.0000000000 98.0000000000 98.0000000000
4567 100.0000000000 100.0000000000 100.0000000000 100.0000000000
100001 79.0000000000 100.0000000000 79.0000000000 100.0000000000
"function evaluation" "current f(x)" "best-so-far f(x)" "current af(x)+b" "best af(x)+b"
1 2.0000000000 2.0000000000 2.0000000000 2.0000000000
182 4.0000000000 4.0000000000 4.0000000000 4.0000000000
358 5.0000000000 5.0000000000 5.0000000000 5.0000000000
365 7.0000000000 7.0000000000 7.0000000000 7.0000000000
390 8.0000000000 8.0000000000 8.0000000000 8.0000000000
403 10.0000000000 10.0000000000 10.0000000000 10.0000000000
562 13.0000000000 13.0000000000 13.0000000000 13.0000000000
628 14.0000000000 14.0000000000 14.0000000000 14.0000000000
744 15.0000000000 15.0000000000 15.0000000000 15.0000000000
788 16.0000000000 16.0000000000 16.0000000000 16.0000000000
890 18.0000000000 18.0000000000 18.0000000000 18.0000000000
963 22.0000000000 22.0000000000 22.0000000000 22.0000000000
1027 23.0000000000 23.0000000000 23.0000000000 23.0000000000
1130 24.0000000000 24.0000000000 24.0000000000 24.0000000000
1132 25.0000000000 25.0000000000 25.0000000000 25.0000000000
1313 27.0000000000 27.0000000000 27.0000000000 27.0000000000
1568 28.0000000000 28.0000000000 28.0000000000 28.0000000000
1969 32.0000000000 32.0000000000 32.0000000000 32.0000000000
2011 33.0000000000 33.0000000000 33.0000000000 33.0000000000
2022 35.0000000000 35.0000000000 35.0000000000 35.0000000000
2205 36.0000000000 36.0000000000 36.0000000000 36.0000000000
2211 38.0000000000 38.0000000000 38.0000000000 38.0000000000
2310 40.0000000000 40.0000000000 40.0000000000 40.0000000000
2398 43.0000000000 43.0000000000 43.0000000000 43.0000000000
2497 46.0000000000 46.0000000000 46.0000000000 46.0000000000
2520 47.0000000000 47.0000000000 47.0000000000 47.0000000000
2594 49.0000000000 49.0000000000 49.0000000000 49.0000000000
2615 51.0000000000 51.0000000000 51.0000000000 51.0000000000
2627 53.0000000000 53.0000000000 53.0000000000 53.0000000000
2762 54.0000000000 54.0000000000 54.0000000000 54.0000000000
2858 58.0000000000 58.0000000000 58.0000000000 58.0000000000
2990 59.0000000000 59.0000000000 59.0000000000 59.0000000000
3040 63.0000000000 63.0000000000 63.0000000000 63.0000000000
3316 66.0000000000 66.0000000000 66.0000000000 66.0000000000
3329 67.0000000000 67.0000000000 67.0000000000 67.0000000000
3346 69.0000000000 69.0000000000 69.0000000000 69.0000000000
3482 71.0000000000 71.0000000000 71.0000000000 71.0000000000
3595 73.0000000000 73.0000000000 73.0000000000 73.0000000000
3695 74.0000000000 74.0000000000 74.0000000000 74.0000000000
3729 75.0000000000 75.0000000000 75.0000000000 75.0000000000
3832 78.0000000000 78.0000000000 78.0000000000 78.0000000000
3868 80.0000000000 80.0000000000 80.0000000000 80.0000000000
4033 83.0000000000 83.0000000000 83.0000000000 83.0000000000
4242 85.0000000000 85.0000000000 85.0000000000 85.0000000000
4429 88.0000000000 88.0000000000 88.0000000000 88.0000000000
4517 90.0000000000 90.0000000000 90.0000000000 90.0000000000
4547 92.0000000000 92.0000000000 92.0000000000 92.0000000000
4629 96.0000000000 96.0000000000 96.0000000000 96.0000000000
4689 99.0000000000 99.0000000000 99.0000000000 99.0000000000
4883 100.0000000000 100.0000000000 100.0000000000 100.0000000000
100001 43.0000000000 100.0000000000 43.0000000000 100.0000000000
"function evaluation" "current f(x)" "best-so-far f(x)" "current af(x)+b" "best af(x)+b"
1 2.0000000000 2.0000000000 2.0000000000 2.0000000000
25 4.0000000000 4.0000000000 4.0000000000 4.0000000000
37 5.0000000000 5.0000000000 5.0000000000 5.0000000000
102 8.0000000000 8.0000000000 8.0000000000 8.0000000000
206 9.0000000000 9.0000000000 9.0000000000 9.0000000000
442 13.0000000000 13.0000000000 13.0000000000 13.0000000000
452 14.0000000000 14.0000000000 14.0000000000 14.0000000000
548 17.0000000000 17.0000000000 17.0000000000 17.0000000000
621 19.0000000000 19.0000000000 19.0000000000 19.0000000000
643 21.0000000000 21.0000000000 21.0000000000 21.0000000000
718 28.0000000000 28.0000000000 28.0000000000 28.0000000000
819 30.0000000000 30.0000000000 30.0000000000 30.0000000000
824 32.0000000000 32.0000000000 32.0000000000 32.0000000000
963 33.0000000000 33.0000000000 33.0000000000 33.0000000000
982 40.0000000000 40.0000000000 40.0000000000 40.0000000000
1233 42.0000000000 42.0000000000 42.0000000000 42.0000000000
1298 44.0000000000 44.0000000000 44.0000000000 44.0000000000
1356 47.0000000000 47.0000000000 47.0000000000 47.0000000000
1468 48.0000000000 48.0000000000 48.0000000000 48.0000000000
1488 49.0000000000 49.0000000000 49.0000000000 49.0000000000
1757 51.0000000000 51.0000000000 51.0000000000 51.0000000000
1882 52.0000000000 52.0000000000 52.0000000000 52.0000000000
1913 58.0000000000 58.0000000000 58.0000000000 58.0000000000
2052 60.0000000000 60.0000000000 60.0000000000 60.0000000000
2103 63.0000000000 63.0000000000 63.0000000000 63.0000000000
2158 64.0000000000 64.0000000000 64.0000000000 64.0000000000
2191 66.0000000000 66.0000000000 66.0000000000 66.0000000000
2362 67.0000000000 67.0000000000 67.0000000000 67.0000000000
2584 69.0000000000 69.0000000000 69.0000000000 69.0000000000
2590 70.0000000000 70.0000000000 70.0000000000 70.0000000000
2620 71.0000000000 71.0000000000 71.0000000000 71.0000000000
2625 72.0000000000 72.0000000000 72.0000000000 72.0000000000
2700 73.0000000000 73.0000000000 73.0000000000 73.0000000000
2991 75.0000000000 75.0000000000 75.0000000000 75.0000000000
2998 77.0000000000 77.0000000000 77.0000000000 77.0000000000
3101 79.0000000000 79.0000000000 79.0000000000 79.0000000000
3126 82.0000000000 82.0000000000 82.0000000000 82.0000000000
3132 84.0000000000 84.0000000000 84.0000000000 84.0000000000
3251 87.0000000000 87.0000000000 87.0000000000 87.0000000000
3334 88.0000000000 88.0000000000 88.0000000000 88.0000000000
3386 89.0000000000 89.0000000000 89.0000000000 89.0000000000
3468 91.0000000000 91.0000000000 91.0000000000 91.0000000000
3501 93.0000000000 93.0000000000 93.0000000000 93.0000000000
3632 94.0000000000 94.0000000000 94.0000000000 94.0000000000
3747 96.0000000000 96.0000000000 96.0000000000 96.0000000000
3765 98.0000000000 98.0000000000 98.0000000000 98.0000000000
3980 100.0000000000 100.0000000000 100.0000000000 100.0000000000
100001 85.0000000000 100.0000000000 85.0000000000 100.0000000000
"function evaluation" "current f(x)" "best-so-far f(x)" "current af(x)+b" "best af(x)+b"
1 1.0000000000 1.0000000000 1.0000000000 1.0000000000
168 2.0000000000 2.0000000000 2.0000000000 2.0000000000
192 3.0000000000 3.0000000000 3.0000000000 3.0000000000
356 5.0000000000 5.0000000000 5.0000000000 5.0000000000
527 10.0000000000 10.0000000000 10.0000000000 10.0000000000
605 12.0000000000 12.0000000000 12.0000000000 12.0000000000
837 14.0000000000 14.0000000000 14.0000000000 14.0000000000
839 15.0000000000 15.0000000000 15.0000000000 15.0000000000
873 16.0000000000 16.0000000000 16.0000000000 16.0000000000
905 17.0000000000 17.0000000000 17.0000000000 17.0000000000
1100 19.0000000000 19.0000000000 19.0000000000 19.0000000000
1241 21.0000000000 21.0000000000 21.0000000000 21.0000000000
1314 24.0000000000 24.0000000000 24.0000000000 24.0000000000
1326 25.0000000000 25.0000000000 25.0000000000 25.0000000000
1996 26.0000000000 26.0000000000 26.0000000000 26.0000000000
2051 27.0000000000 27.0000000000 27.0000000000 27.0000000000
2087 28.0000000000 28.0000000000 28.0000000000 28.0000000000
2135 29.0000000000 29.0000000000 29.0000000000 29.0000000000
2171 31.0000000000 31.0000000000 31.0000000000 31.0000000000
2211 32.0000000000 32.0000000000 32.0000000000 32.0000000000
2294 34.0000000000 34.0000000000 34.0000000000 34.0000000000
2303 37.0000000000 37.0000000000 37.0000000000 37.0000000000
2337 40.0000000000 40.0000000000 40.0000000000 40.0000000000
2478 41.0000000000 41.0000000000 41.0000000000 41.0000000000
2523 44.0000000000 44.0000000000 44.0000000000 44.0000000000
2627 45.0000000000 45.0000000000 45.0000000000 45.0000000000
2709 48.0000000000 48.0000000000 48.0000000000 48.0000000000
2842 49.0000000000 49.0000000000 49.0000000000 49.0000000000
2981 52.0000000000 52.0000000000 52.0000000000 52.0000000000
3088 54.0000000000 54.0000000000 54.0000000000 54.0000000000
3191 59.0000000000 59.0000000000 59.0000000000 59.0000000000
3217 60.0000000000 60.0000000000 60.0000000000 60.0000000000
3262 61.0000000000 61.0000000000 61.0000000000 61.0000000000
3269 63.0000000000 63.0000000000 63.0000000000 63.0000000000
3276 66.0000000000 66.0000000000 66.0000000000 66.0000000000
3477 68.0000000000 68.0000000000 68.0000000000 68.0000000000
3769 69.0000000000 69.0000000000 69.0000000000 69.0000000000
3843 70.0000000000 70.0000000000 70.0000000000 70.0000000000
4021 72.0000000000 72.0000000000 72.0000000000 72.0000000000
4106 76.0000000000 76.0000000000 76.0000000000 76.0000000000
4220 77.0000000000 77.0000000000 77.0000000000 77.0000000000
4248 78.0000000000 78.0000000000 78.0000000000 78.0000000000
4288 79.0000000000 79.0000000000 79.0000000000 79.0000000000
4569 80.0000000000 80.0000000000 80.0000000000 80.0000000000
4583 82.0000000000 82.0000000000 82.0000000000 82.0000000000
4800 83.0000000000 83.0000000000 83.0000000000 83.0000000000
5004 84.0000000000 84.0000000000 84.0000000000 84.0000000000
5023 85.0000000000 85.0000000000 85.0000000000 85.0000000000
5073 93.0000000000 93.0000000000 93.0000000000 93.0000000000
5112 95.0000000000 95.0000000000 95.0000000000 95.0000000000
5156 96.0000000000 96.0000000000 96.0000000000 96.0000000000
5443 98.0000000000 98.0000000000 98.0000000000 98.0000000000
5500 99.0000000000 99.0000000000 99.0000000000 99.0000000000
5545 100.0000000000 100.0000000000 100.0000000000 100.0000000000
100001 57.0000000000 100.0000000000 57.0000000000 100.0000000000
"function evaluation" "current f(x)" "best-so-far f(x)" "current af(x)+b" "best af(x)+b"
1 1.0000000000 1.0000000000 1.0000000000 1.0000000000
15 3.0000000000 3.0000000000 3.0000000000 3.0000000000
193 5.0000000000 5.0000000000 5.0000000000 5.0000000000
200 6.0000000000 6.0000000000 6.0000000000 6.0000000000
274 7.0000000000 7.0000000000 7.0000000000 7.0000000000
302 10.0000000000 10.0000000000 10.0000000000 10.0000000000
322 11.0000000000 11.0000000000 11.0000000000 11.0000000000
447 12.0000000000 12.0000000000 12.0000000000 12.0000000000
489 13.0000000000 13.0000000000 13.0000000000 13.0000000000
666 14.0000000000 14.0000000000 14.0000000000 14.0000000000
716 15.0000000000 15.0000000000 15.0000000000 15.0000000000
747 18.0000000000 18.0000000000 18.0000000000 18.0000000000
783 19.0000000000 19.0000000000 19.0000000000 19.0000000000
808 20.0000000000 20.0000000000 20.0000000000 20.0000000000
880 21.0000000000 21.0000000000 21.0000000000 21.0000000000
1033 23.0000000000 23.0000000000 23.0000000000 23.0000000000
1091 24.0000000000 24.0000000000 24.0000000000 24.0000000000
1181 25.0000000000 25.0000000000 25.0000000000 25.0000000000
1325 30.0000000000 30.0000000000 30.0000000000 30.0000000000
1334 36.0000000000 36.0000000000 36.0000000000 36.0000000000
1359 38.0000000000 38.0000000000 38.0000000000 38.0000000000
1362 40.0000000000 40.0000000000 40.0000000000 40.0000000000
1444 41.0000000000 41.0000000000 41.0000000000 41.0000000000
1917 45.0000000000 45.0000000000 45.0000000000 45.0000000000
1966 46.0000000000 46.0000000000 46.0000000000 46.0000000000
2021 48.0000000000 48.0000000000 48.0000000000 48.0000000000
2032 53.0000000000 53.0000000000 53.0000000000 53.0000000000
2127 54.0000000000 54.0000000000 54.0000000000 54.0000000000
2180 55.0000000000 55.0000000000 55.0000000000 55.0000000000
2183 56.0000000000 56.0000000000 56.0000000000 56.0000000000
2350 57.0000000000 57.0000000000 57.0000000000 57.0000000000
2355 59.0000000000 59.0000000000 59.0000000000 59.0000000000
2364 64.0000000000 64.0000000000 64.0000000000 64.0000000000
2371 65.0000000000 65.0000000000 65.0000000000 65.0000000000
2408 66.0000000000 66.0000000000 66.0000000000 66.0000000000
2574 68.0000000000 68.0000000000 68.0000000000 68.0000000000
2599 70.0000000000 70.0000000000 70.0000000000 70.0000000000
2679 71.0000000000 71.0000000000 71.0000000000 71.0000000000
2866 75.0000000000 75.0000000000 75.0000000000 75.0000000000
2911 77.0000000000 77.0000000000 77.0000000000 77.0000000000
2950 79.0000000000 79.0000000000 79.0000000000 79.0000000000
3179 80.0000000000 80.0000000000 80.0000000000 80.0000000000
3215 81.0000000000 81.0000000000 81.0000000000 81.0000000000
3244 84.0000000000 84.0000000000 84.0000000000 84.0000000000
3439 85.0000000000 85.0000000000 85.0000000000 85.0000000000
3607 87.0000000000 87.0000000000 87.0000000000 87.0000000000
3615 88.0000000000 88.0000000000 88.0000000000 88.0000000000
3626 89.0000000000 89.0000000000 89.0000000000 89.0000000000
3798 90.0000000000 90.0000000000 90.0000000000 90.0000000000
3813 91.0000000000 91.0000000000 91.0000000000 91.0000000000
3841 92.0000000000 92.0000000000 92.0000000000 92.0000000000
3896 93.0000000000 93.0000000000 93.0000000000 93.0000000000
4080 94.0000000000 94.0000000000 94.0000000000 94.0000000000
4142 97.0000000000 97.0000000000 97.0000000000 97.0000000000
4158 99.0000000000 99.0000000000 99.0000000000 99.0000000000
4185 100.0000000000 100.0000000000 100.0000000000 100.0000000000
100001 98.0000000000 100.0000000000 98.0000000000 100.0000000000
"function evaluation" "current f(x)" "best-so-far f(x)" "current af(x)+b" "best af(x)+b"
1 0.0000000000 0.0000000000 0.0000000000 0.0000000000
18 6.0000000000 6.0000000000 6.0000000000 6.0000000000
113 8.0000000000 8.0000000000 8.0000000000 8.0000000000
425 12.0000000000 12.0000000000 12.0000000000 12.0000000000
515 13.0000000000 13.0000000000 13.0000000000 13.0000000000
615 20.0000000000 20.0000000000 20.0000000000 20.0000000000
661 21.0000000000 21.0000000000 21.0000000000 21.0000000000
723 22.0000000000 22.0000000000 22.0000000000 22.0000000000
803 23.0000000000 23.0000000000 23.0000000000 23.0000000000
899 24.0000000000 24.0000000000 24.0000000000 24.0000000000
965 27.0000000000 27.0000000000 27.0000000000 27.0000000000
1088 28.0000000000 28.0000000000 28.0000000000 28.0000000000
1483 29.0000000000 29.0000000000 29.0000000000 29.0000000000
1573 31.0000000000 31.0000000000 31.0000000000 31.0000000000
1644 32.0000000000 32.0000000000 32.0000000000 32.0000000000
1838 34.0000000000 34.0000000000 34.0000000000 34.0000000000
1840 37.0000000000 37.0000000000 37.0000000000 37.0000000000
2168 39.0000000000 39.0000000000 39.0000000000 39.0000000000
2316 45.0000000000 45.0000000000 45.0000000000 45.0000000000
2449 47.0000000000 47.0000000000 47.0000000000 47.0000000000
2502 51.0000000000 51.0000000000 51.0000000000 51.0000000000
2522 52.0000000000 52.0000000000 52.0000000000 52.0000000000
2579 53.0000000000 53.0000000000 53.0000000000 53.0000000000
2738 55.0000000000 55.0000000000 55.0000000000 55.0000000000
2885 58.0000000000 58.0000000000 58.0000000000 58.0000000000
2962 59.0000000000 59.0000000000 59.0000000000 59.0000000000
3060 61.0000000000 61.0000000000 61.0000000000 61.0000000000
3083 62.0000000000 62.0000000000 62.0000000000 62.0000000000
3262 65.0000000000 65.0000000000 65.0000000000 65.0000000000
3525 68.0000000000 68.0000000000 68.0000000000 68.0000000000
3670 70.0000000000 70.0000000000 70.0000000000 70.0000000000
3863 74.0000000000 74.0000000000 74.0000000000 74.0000000000
3915 75.0000000000 75.0000000000 75.0000000000 75.0000000000
4016 79.0000000000 79.0000000000 79.0000000000 79.0000000000
4021 80.0000000000 80.0000000000 80.0000000000 80.0000000000
4213 81.0000000000 81.0000000000 81.0000000000 81.0000000000
4313 86.0000000000 86.0000000000 86.0000000000 86.0000000000
4370 87.0000000000 87.0000000000 87.0000000000 87.0000000000
4396 90.0000000000 90.0000000000 90.0000000000 90.0000000000
4437 91.0000000000 91.0000000000 91.0000000000 91.0000000000
4466 92.0000000000 92.0000000000 92.0000000000 92.0000000000
5001 94.0000000000 94.0000000000 94.0000000000 94.0000000000
5133 96.0000000000 96.0000000000 96.0000000000 96.0000000000
5159 99.0000000000 99.0000000000 99.0000000000 99.0000000000
5361 100.0000000000 100.0000000000 100.0000000000 100.0000000000
100001 89.0000000000 100.0000000000 89.0000000000 100.0000000000
"function evaluation" "current f(x)" "best-so-far f(x)" "current af(x)+b" "best af(x)+b"
1 2.0000000000 2.0000000000 2.0000000000 2.0000000000
47 4.0000000000 4.0000000000 4.0000000000 4.0000000000
74 6.0000000000 6.0000000000 6.0000000000 6.0000000000
133 7.0000000000 7.0000000000 7.0000000000 7.0000000000
529 8.0000000000 8.0000000000 8.0000000000 8.0000000000
547 9.0000000000 9.0000000000 9.0000000000 9.0000000000
551 10.0000000000 10.0000000000 10.0000000000 10.0000000000
640 12.0000000000 12.0000000000 12.0000000000 12.0000000000
847 13.0000000000 13.0000000000 13.0000000000 13.0000000000
1029 15.0000000000 15.0000000000 15.0000000000 15.0000000000
1116 17.0000000000 17.0000000000 17.0000000000 17.0000000000
1437 18.0000000000 18.0000000000 18.0000000000 18.0000000000
1643 20.0000000000 20.0000000000 20.0000000000 20.0000000000
1806 21.0000000000 21.0000000000 21.0000000000 21.0000000000
1867 22.0000000000 22.0000000000 22.0000000000 22.0000000000
1904 26.0000000000 26.0000000000 26.0000000000 26.0000000000
1921 27.0000000000 27.0000000000 27.0000000000 27.0000000000
2479 29.0000000000 29.0000000000 29.0000000000 29.0000000000
2542 30.0000000000 30.0000000000 30.0000000000 30.0000000000
2626 31.0000000000 31.0000000000 31.0000000000 31.0000000000
2890 32.0000000000 32.0000000000 32.0000000000 32.0000000000
2923 33.0000000000 33.0000000000 33.0000000000 33.0000000000
2926 34.0000000000 34.0000000000 34.0000000000 34.0000000000
3191 39.0000000000 39.0000000000 39.0000000000 39.0000000000
3271 41.0000000000 41.0000000000 41.0000000000 41.0000000000
3545 45.0000000000 45.0000000000 45.0000000000 45.0000000000
3589 47.0000000000 47.0000000000 47.0000000000 47.0000000000
3605 48.0000000000 48.0000000000 48.0000000000 48.0000000000
3644 50.0000000000 50.0000000000 50.0000000000 50.0000000000
4207 51.0000000000 51.0000000000 51.0000000000 51.0000000000
4353 54.0000000000 54.0000000000 54.0000000000 54.0000000000
4426 56.0000000000 56.0000000000 56.0000000000 56.0000000000
4479 58.0000000000 58.0000000000 58.0000000000 58.0000000000
4481 60.0000000000 60.0000000000 60.0000000000 60.0000000000
4579 61.0000000000 61.0000000000 61.0000000000 61.0000000000
4687 65.0000000000 65.0000000000 65.0000000000 65.0000000000
4755 66.0000000000 66.0000000000 66.0000000000 66.0000000000
4778 67.0000000000 67.0000000000 67.0000000000 67.0000000000
4972 68.0000000000 68.0000000000 68.0000000000 68.0000000000
5212 69.0000000000 69.0000000000 69.0000000000 69.0000000000
5219 73.0000000000 73.0000000000 73.0000000000 73.0000000000
5226 75.0000000000 75.0000000000 75.0000000000 75.0000000000
5314 76.0000000000 76.0000000000 76.0000000000 76.0000000000
5384 79.0000000000 79.0000000000 79.0000000000 79.0000000000
5638 81.0000000000 81.0000000000 81.0000000000 81.0000000000
5716 83.0000000000 83.0000000000 83.0000000000 83.0000000000
5762 86.0000000000 86.0000000000 86.0000000000 86.0000000000
5808 87.0000000000 87.0000000000 87.0000000000 87.0000000000
6241 91.0000000000 91.0000000000 91.0000000000 91.0000000000
6252 92.0000000000 92.0000000000 92.0000000000 92.0000000000
6371 93.0000000000 93.0000000000 93.0000000000 93.0000000000
6559 94.0000000000 94.0000000000 94.0000000000 94.0000000000
6639 95.0000000000 95.0000000000 95.0000000000 95.0000000000
6673 96.0000000000 96.0000000000 96.0000000000 96.0000000000
6719 99.0000000000 99.0000000000 99.0000000000 99.0000000000
6770 100.0000000000 100.0000000000 100.0000000000 100.0000000000
100001 9.0000000000 100.0000000000 9.0000000000 100.0000000000
"function evaluation" "current f(x)" "best-so-far f(x)" "current af(x)+b" "best af(x)+b"
1 0.0000000000 0.0000000000 0.0000000000 0.0000000000
405 2.0000000000 2.0000000000 2.0000000000 2.0000000000
491 9.0000000000 9.0000000000 9.0000000000 9.0000000000
646 10.0000000000 10.0000000000 10.0000000000 10.0000000000
900 11.0000000000 11.0000000000 11.0000000000 11.0000000000
1132 12.0000000000 12.0000000000 12.0000000000 12.0000000000
1221 17.0000000000 17.0000000000 17.0000000000 17.0000000000
1230 24.0000000000 24.0000000000 24.0000000000 24.0000000000
1354 25.0000000000 25.0000000000 25.0000000000 25.0000000000
1378 26.0000000000 26.0000000000 26.0000000000 26.0000000000
1446 28.0000000000 28.0000000000 28.0000000000 28.0000000000
1480 29.0000000000 29.0000000000 29.0000000000 29.0000000000
1551 31.0000000000 31.0000000000 31.0000000000 31.0000000000
1588 34.0000000000 34.0000000000 34.0000000000 34.0000000000
1604 38.0000000000 38.0000000000 38.0000000000 38.0000000000
1617 39.0000000000 39.0000000000 39.0000000000 39.0000000000
1625 40.0000000000 40.0000000000 40.0000000000 40.0000000000
1827 45.0000000000 45.0000000000 45.0000000000 45.0000000000
2032 46.0000000000 46.0000000000 46.0000000000 46.0000000000
2119 47.0000000000 47.0000000000 47.0000000000 47.0000000000
2252 48.0000000000 48.0000000000 48.0000000000 48.0000000000
2426 50.0000000000 50.0000000000 50.0000000000 50.0000000000
2526 51.0000000000 51.0000000000 51.0000000000 51.0000000000
2721 52.0000000000 52.0000000000 52.0000000000 52.0000000000
2856 53.0000000000 53.0000000000 53.0000000000 53.0000000000
3138 54.0000000000 54.0000000000 54.0000000000 54.0000000000
3238 58.0000000000 58.0000000000 58.0000000000 58.0000000000
3314 59.0000000000 59.0000000000 59.0000000000 59.0000000000
3325 60.0000000000 60.0000000000 60.0000000000 60.0000000000
3364 61.0000000000 61.0000000000 61.0000000000 61.0000000000
3458 63.0000000000 63.0000000000 63.0000000000 63.0000000000
3556 65.0000000000 65.0000000000 65.0000000000 65.0000000000
3711 66.0000000000 66.0000000000 66.0000000000 66.0000000000
3729 67.0000000000 67.0000000000 67.0000000000 67.0000000000
3750 68.0000000000 68.0000000000 68.0000000000 68.0000000000
3838 69.0000000000 69.0000000000 69.0000000000 69.0000000000
3848 72.0000000000 72.0000000000 72.0000000000 72.0000000000
3979 73.0000000000 73.0000000000 73.0000000000 73.0000000000
4067 74.0000000000 74.0000000000 74.0000000000 74.0000000000
4076 79.0000000000 79.0000000000 79.0000000000 79.0000000000
4089 80.0000000000 80.0000000000 80.0000000000 80.0000000000
4205 81.0000000000 81.0000000000 81.0000000000 81.0000000000
4266 82.0000000000 82.0000000000 82.0000000000 82.0000000000
4293 83.0000000000 83.0000000000 83.0000000000 83.0000000000
4387 84.0000000000 84.0000000000 84.0000000000 84.0000000000
4388 86.0000000000 86.0000000000 86.0000000000 86.0000000000
4589 88.0000000000 88.0000000000 88.0000000000 88.0000000000
4785 91.0000000000 91.0000000000 91.0000000000 91.0000000000
5019 93.0000000000 93.0000000000 93.0000000000 93.0000000000
5035 99.0000000000 99.0000000000 99.0000000000 99.0000000000
5135 100.0000000000 100.0000000000 100.0000000000 100.0000000000
100001 66.0000000000 100.0000000000 66.0000000000 100.0000000000
