evaluations raw_y
1 7.0000000000
2 7.6000000000
5 7.8000000000
25 8.6000000000
105 8.8000000000
200 8.8000000000
205 9.0000000000
308 9.2000000000
410 9.4000000000
513 9.6000000000
590 9.6000000000
613 9.8000000000
714 10.0000000000
783 10.0000000000
814 10.2000000000
922 10.4000000000
1029 10.6000000000
1130 10.8000000000
1133 10.8000000000
1178 10.8000000000
1230 11.0000000000
1233 11.0000000000
1330 11.2000000000
1374 11.2000000000
1430 11.4000000000
1532 11.6000000000
1639 11.8000000000
1649 11.8000000000
1739 12.0000000000
1840 12.2000000000
1943 12.4000000000
1956 12.4000000000
2043 12.6000000000
2058 12.6000000000
2143 12.8000000000
2244 13.0000000000
2351 13.2000000000
2452 13.4000000000
2559 13.6000000000
2662 13.8000000000
2764 14.0000000000
2867 14.2000000000
2970 14.4000000000
3071 14.6000000000
3175 14.8000000000
3277 15.0000000000
3384 15.2000000000
3487 15.4000000000
3595 15.6000000000
3696 15.8000000000
3801 16.0000000000
3902 16.2000000000
7796 16.4000000000
7901 16.6000000000
8002 16.8000000000
23499 17.0000000000
23601 17.2000000000
26701 17.4000000000
26802 17.6000000000
102829 17.0000000000
evaluations raw_y
1 6.6000000000
2 7.6000000000
3 7.8000000000
19 8.6000000000
103 8.8000000000
144 8.8000000000
186 9.6000000000
203 9.8000000000
289 9.8000000000
303 10.0000000000
393 10.0000000000
403 10.2000000000
498 10.2000000000
503 10.4000000000
606 10.6000000000
707 10.8000000000
808 11.0000000000
909 11.2000000000
974 11.2000000000
1009 11.4000000000
1110 11.6000000000
1214 11.8000000000
1316 12.0000000000
1368 12.0000000000
1416 12.2000000000
1517 12.4000000000
1564 12.4000000000
1617 12.6000000000
1724 12.8000000000
1825 13.0000000000
1927 13.2000000000
2037 13.4000000000
2144 13.6000000000
2248 13.8000000000
2352 14.0000000000
2453 14.2000000000
2556 14.4000000000
2658 14.6000000000
2761 14.8000000000
2871 15.0000000000
2972 15.2000000000
3075 15.4000000000
3176 15.6000000000
3279 15.8000000000
3380 16.0000000000
3491 16.2000000000
3499 16.2000000000
3591 16.4000000000
3692 16.6000000000
3801 16.8000000000
7398 17.0000000000
7502 17.2000000000
11094 17.4000000000
63005 17.6000000000
102028 16.4000000000
evaluations raw_y
1 7.0000000000
17 7.2000000000
104 7.4000000000
131 8.2000000000
204 8.4000000000
243 9.2000000000
304 9.4000000000
369 10.2000000000
387 10.2000000000
404 10.4000000000
469 11.2000000000
504 11.4000000000
606 11.6000000000
674 11.6000000000
706 11.8000000000
778 11.8000000000
806 12.0000000000
908 12.2000000000
1010 12.4000000000
1119 12.6000000000
1138 12.6000000000
1219 12.8000000000
1253 12.8000000000
1264 12.8000000000
1319 13.0000000000
1353 13.0000000000
1419 13.2000000000
1458 13.2000000000
1519 13.4000000000
1625 13.6000000000
1739 13.8000000000
1749 13.8000000000
1839 14.0000000000
1941 14.2000000000
2050 14.4000000000
2154 14.6000000000
2256 14.8000000000
2361 15.0000000000
2462 15.2000000000
2565 15.4000000000
2667 15.6000000000
2775 15.8000000000
2877 16.0000000000
2979 16.2000000000
3081 16.4000000000
3190 16.6000000000
3291 16.8000000000
3396 17.0000000000
3497 17.2000000000
10589 17.4000000000
45103 17.6000000000
100427 16.8000000000
evaluations raw_y
1 6.4000000000
7 6.6000000000
12 7.4000000000
107 7.6000000000
130 8.4000000000
207 8.6000000000
234 9.4000000000
307 9.6000000000
351 10.4000000000
385 10.4000000000
407 10.6000000000
451 11.4000000000
507 11.6000000000
565 12.4000000000
607 12.6000000000
714 12.8000000000
774 12.8000000000
814 13.0000000000
878 13.0000000000
914 13.2000000000
997 13.2000000000
1014 13.4000000000
1117 13.6000000000
1218 13.8000000000
1320 14.0000000000
1422 14.2000000000
1523 14.4000000000
1625 14.6000000000
1654 14.6000000000
1725 14.8000000000
1826 15.0000000000
1940 15.2000000000
2042 15.4000000000
2145 15.6000000000
2246 15.8000000000
2359 16.0000000000
2461 16.2000000000
2569 16.4000000000
2672 16.6000000000
2780 16.8000000000
2881 17.0000000000
2990 17.2000000000
3092 17.4000000000
104329 15.4000000000
evaluations raw_y
1 7.2000000000
209 7.4000000000
230 8.2000000000
309 8.4000000000
341 9.2000000000
409 9.4000000000
447 10.2000000000
509 10.4000000000
563 11.2000000000
609 11.4000000000
711 11.6000000000
813 11.8000000000
870 11.8000000000
913 12.0000000000
973 12.0000000000
1013 12.2000000000
1082 12.2000000000
1113 12.4000000000
1183 12.4000000000
1213 12.6000000000
1299 12.6000000000
1313 12.8000000000
1416 13.0000000000
1517 13.2000000000
1618 13.4000000000
1719 13.6000000000
1820 13.8000000000
1924 14.0000000000
1951 14.0000000000
2024 14.2000000000
2055 14.2000000000
2124 14.4000000000
2225 14.6000000000
2352 14.8000000000
2456 15.0000000000
2557 15.2000000000
2659 15.4000000000
2761 15.6000000000
2876 15.8000000000
2977 16.0000000000
3085 16.2000000000
3101 16.2000000000
3185 16.4000000000
3286 16.6000000000
3394 16.8000000000
3496 17.0000000000
3602 17.2000000000
72014 17.4000000000
100927 16.8000000000
evaluations raw_y
1 9.2000000000
402 9.4000000000
404 9.6000000000
505 9.8000000000
606 10.0000000000
708 10.2000000000
784 10.2000000000
808 10.4000000000
911 10.6000000000
928 10.6000000000
1011 10.8000000000
1078 10.8000000000
1111 11.0000000000
1212 11.2000000000
1315 11.4000000000
1416 11.6000000000
1517 11.8000000000
1533 11.8000000000
1617 12.0000000000
1726 12.2000000000
1835 12.4000000000
1936 12.6000000000
2038 12.8000000000
2140 13.0000000000
2164 13.0000000000
2240 13.2000000000
2342 13.4000000000
2445 13.6000000000
2460 13.6000000000
2545 13.8000000000
2646 14.0000000000
2749 14.2000000000
2753 14.2000000000
2849 14.4000000000
2951 14.6000000000
3055 14.8000000000
3165 15.0000000000
3266 15.2000000000
3379 15.4000000000
3481 15.6000000000
3585 15.8000000000
3687 16.0000000000
3790 16.2000000000
3892 16.4000000000
3993 16.6000000000
4094 16.8000000000
7790 17.0000000000
7892 17.2000000000
57314 17.4000000000
102428 16.0000000000
evaluations raw_y
1 6.2000000000
2 7.0000000000
3 8.0000000000
109 8.2000000000
144 9.0000000000
209 9.2000000000
291 10.0000000000
309 10.2000000000
396 10.2000000000
409 10.4000000000
510 10.6000000000
614 10.8000000000
718 11.0000000000
733 11.0000000000
818 11.2000000000
921 11.4000000000
1022 11.6000000000
1078 11.6000000000
1122 11.8000000000
1223 12.0000000000
1229 12.0000000000
1323 12.2000000000
1375 12.2000000000
1423 12.4000000000
1526 12.6000000000
1627 12.8000000000
1669 12.8000000000
1727 13.0000000000
1830 13.2000000000
1859 13.2000000000
1930 13.4000000000
2031 13.6000000000
2140 13.8000000000
2153 13.8000000000
2240 14.0000000000
2342 14.2000000000
2448 14.4000000000
2454 14.4000000000
2548 14.6000000000
2649 14.8000000000
2761 15.0000000000
2862 15.2000000000
2963 15.4000000000
3065 15.6000000000
3176 15.8000000000
3277 16.0000000000
3380 16.2000000000
3481 16.4000000000
3585 16.6000000000
3687 16.8000000000
10603 17.0000000000
22594 17.2000000000
22599 17.2000000000
22694 17.4000000000
22795 17.6000000000
22902 17.8000000000
102428 15.8000000000
evaluations raw_y
1 9.0000000000
707 9.2000000000
713 9.2000000000
807 9.4000000000
894 9.4000000000
907 9.6000000000
1008 9.8000000000
1110 10.0000000000
1192 10.0000000000
1210 10.2000000000
1312 10.4000000000
1385 10.4000000000
1412 10.6000000000
1514 10.8000000000
1578 10.8000000000
1614 11.0000000000
1716 11.2000000000
1818 11.4000000000
1920 11.6000000000
1968 11.6000000000
2020 11.8000000000
2121 12.0000000000
2226 12.2000000000
2327 12.4000000000
2360 12.4000000000
2427 12.6000000000
2532 12.8000000000
2641 13.0000000000
2742 13.2000000000
2850 13.4000000000
2952 13.6000000000
3061 13.8000000000
3162 14.0000000000
3263 14.2000000000
3365 14.4000000000
3469 14.6000000000
3570 14.8000000000
3673 15.0000000000
3775 15.2000000000
3880 15.4000000000
3981 15.6000000000
4086 15.8000000000
4187 16.0000000000
4299 16.2000000000
4401 16.4000000000
20700 16.6000000000
20801 16.8000000000
37510 17.0000000000
40906 17.0000000000
90524 17.2000000000
102627 16.8000000000
evaluations raw_y
1 8.0000000000
142 8.2000000000
206 8.4000000000
287 9.2000000000
306 9.4000000000
408 9.6000000000
494 9.6000000000
508 9.8000000000
599 9.8000000000
608 10.0000000000
711 10.2000000000
812 10.4000000000
913 10.6000000000
1015 10.8000000000
1117 11.0000000000
1219 11.2000000000
1279 11.2000000000
1319 11.4000000000
1421 11.6000000000
1530 11.8000000000
1543 11.8000000000
1630 12.0000000000
1732 12.2000000000
1833 12.4000000000
1853 12.4000000000
1933 12.6000000000
1958 12.6000000000
2033 12.8000000000
2065 12.8000000000
2133 13.0000000000
2237 13.2000000000
2346 13.4000000000
2354 13.4000000000
2446 13.6000000000
2547 13.8000000000
2648 14.0000000000
2656 14.0000000000
2748 14.2000000000
2849 14.4000000000
2959 14.6000000000
3061 14.8000000000
3166 15.0000000000
3267 15.2000000000
3370 15.4000000000
3471 15.6000000000
3588 15.8000000000
3690 16.0000000000
3795 16.2000000000
3800 16.2000000000
3895 16.4000000000
3996 16.6000000000
4101 16.8000000000
40196 17.0000000000
59815 17.2000000000
86523 17.4000000000
101827 17.0000000000
evaluations raw_y
1 6.4000000000
56 6.6000000000
106 6.8000000000
165 7.6000000000
206 7.8000000000
274 8.6000000000
306 8.8000000000
381 9.6000000000
406 9.8000000000
485 10.6000000000
506 10.8000000000
608 11.0000000000
694 11.0000000000
708 11.2000000000
811 11.4000000000
913 11.6000000000
1015 11.8000000000
1116 12.0000000000
1222 12.2000000000
1324 12.4000000000
1426 12.6000000000
1527 12.8000000000
1530 12.8000000000
1627 13.0000000000
1634 13.0000000000
1727 13.2000000000
1770 13.2000000000
1827 13.4000000000
1935 13.6000000000
2036 13.8000000000
2139 14.0000000000
2240 14.2000000000
2248 14.2000000000
2340 14.4000000000
2442 14.6000000000
2543 14.8000000000
2646 15.0000000000
2751 15.2000000000
2852 15.4000000000
2959 15.6000000000
3060 15.8000000000
3171 16.0000000000
3198 16.0000000000
3271 16.2000000000
3372 16.4000000000
3495 16.6000000000
3597 16.8000000000
3699 17.0000000000
6470 17.2000000000
6571 17.4000000000
6696 17.6000000000
101827 16.6000000000
