"function evaluation" "current f(x)" "best-so-far f(x)" "current af(x)+b" "best af(x)+b"
1 8.6000000000 8.6000000000 8.6000000000 8.6000000000
2 8.8000000000 8.8000000000 8.8000000000 8.8000000000
4 9.0000000000 9.0000000000 9.0000000000 9.0000000000
6 9.2000000000 9.2000000000 9.2000000000 9.2000000000
10 9.4000000000 9.4000000000 9.4000000000 9.4000000000
13 9.6000000000 9.6000000000 9.6000000000 9.6000000000
21 9.8000000000 9.8000000000 9.8000000000 9.8000000000
24 10.0000000000 10.0000000000 10.0000000000 10.0000000000
28 10.2000000000 10.2000000000 10.2000000000 10.2000000000
34 10.4000000000 10.4000000000 10.4000000000 10.4000000000
36 10.6000000000 10.6000000000 10.6000000000 10.6000000000
60 10.8000000000 10.8000000000 10.8000000000 10.8000000000
62 11.0000000000 11.0000000000 11.0000000000 11.0000000000
65 11.2000000000 11.2000000000 11.2000000000 11.2000000000
66 11.4000000000 11.4000000000 11.4000000000 11.4000000000
67 11.6000000000 11.6000000000 11.6000000000 11.6000000000
81 11.8000000000 11.8000000000 11.8000000000 11.8000000000
84 12.0000000000 12.0000000000 12.0000000000 12.0000000000
93 12.2000000000 12.2000000000 12.2000000000 12.2000000000
94 12.4000000000 12.4000000000 12.4000000000 12.4000000000
100 12.6000000000 12.6000000000 12.6000000000 12.6000000000
101 12.8000000000 12.8000000000 12.8000000000 12.8000000000
110 13.0000000000 13.0000000000 13.0000000000 13.0000000000
112 13.2000000000 13.2000000000 13.2000000000 13.2000000000
119 13.4000000000 13.4000000000 13.4000000000 13.4000000000
121 13.6000000000 13.6000000000 13.6000000000 13.6000000000
127 13.8000000000 13.8000000000 13.8000000000 13.8000000000
132 14.0000000000 14.0000000000 14.0000000000 14.0000000000
138 14.2000000000 14.2000000000 14.2000000000 14.2000000000
146 14.4000000000 14.4000000000 14.4000000000 14.4000000000
149 14.6000000000 14.6000000000 14.6000000000 14.6000000000
160 14.8000000000 14.8000000000 14.8000000000 14.8000000000
166 15.0000000000 15.0000000000 15.0000000000 15.0000000000
172 15.2000000000 15.2000000000 15.2000000000 15.2000000000
174 15.4000000000 15.4000000000 15.4000000000 15.4000000000
194 15.6000000000 15.6000000000 15.6000000000 15.6000000000
217 15.8000000000 15.8000000000 15.8000000000 15.8000000000
249 16.0000000000 16.0000000000 16.0000000000 16.0000000000
293 16.2000000000 16.2000000000 16.2000000000 16.2000000000
100001 16.0000000000 16.2000000000 16.0000000000 16.2000000000
"function evaluation" "current f(x)" "best-so-far f(x)" "current af(x)+b" "best af(x)+b"
1 8.0000000000 8.0000000000 8.0000000000 8.0000000000
2 8.2000000000 8.2000000000 8.2000000000 8.2000000000
5 8.4000000000 8.4000000000 8.4000000000 8.4000000000
8 8.6000000000 8.6000000000 8.6000000000 8.6000000000
13 8.8000000000 8.8000000000 8.8000000000 8.8000000000
20 9.0000000000 9.0000000000 9.0000000000 9.0000000000
22 9.2000000000 9.2000000000 9.2000000000 9.2000000000
23 9.4000000000 9.4000000000 9.4000000000 9.4000000000
27 9.6000000000 9.6000000000 9.6000000000 9.6000000000
33 9.8000000000 9.8000000000 9.8000000000 9.8000000000
41 10.0000000000 10.0000000000 10.0000000000 10.0000000000
42 10.2000000000 10.2000000000 10.2000000000 10.2000000000
49 10.4000000000 10.4000000000 10.4000000000 10.4000000000
50 10.6000000000 10.6000000000 10.6000000000 10.6000000000
51 10.8000000000 10.8000000000 10.8000000000 10.8000000000
60 11.0000000000 11.0000000000 11.0000000000 11.0000000000
61 11.2000000000 11.2000000000 11.2000000000 11.2000000000
64 11.4000000000 11.4000000000 11.4000000000 11.4000000000
68 11.6000000000 11.6000000000 11.6000000000 11.6000000000
73 11.8000000000 11.8000000000 11.8000000000 11.8000000000
75 12.0000000000 12.0000000000 12.0000000000 12.0000000000
84 12.2000000000 12.2000000000 12.2000000000 12.2000000000
95 12.4000000000 12.4000000000 12.4000000000 12.4000000000
96 12.6000000000 12.6000000000 12.6000000000 12.6000000000
100 12.8000000000 12.8000000000 12.8000000000 12.8000000000
101 13.0000000000 13.0000000000 13.0000000000 13.0000000000
122 13.2000000000 13.2000000000 13.2000000000 13.2000000000
126 13.4000000000 13.4000000000 13.4000000000 13.4000000000
147 13.6000000000 13.6000000000 13.6000000000 13.6000000000
160 13.8000000000 13.8000000000 13.8000000000 13.8000000000
169 14.0000000000 14.0000000000 14.0000000000 14.0000000000
196 14.2000000000 14.2000000000 14.2000000000 14.2000000000
205 14.4000000000 14.4000000000 14.4000000000 14.4000000000
206 14.6000000000 14.6000000000 14.6000000000 14.6000000000
208 14.8000000000 14.8000000000 14.8000000000 14.8000000000
224 15.0000000000 15.0000000000 15.0000000000 15.0000000000
242 15.2000000000 15.2000000000 15.2000000000 15.2000000000
278 15.4000000000 15.4000000000 15.4000000000 15.4000000000
318 15.6000000000 15.6000000000 15.6000000000 15.6000000000
380 15.8000000000 15.8000000000 15.8000000000 15.8000000000
391 16.0000000000 16.0000000000 16.0000000000 16.0000000000
100001 15.8000000000 16.0000000000 15.8000000000 16.0000000000
"function evaluation" "current f(x)" "best-so-far f(x)" "current af(x)+b" "best af(x)+b"
1 6.2000000000 6.2000000000 6.2000000000 6.2000000000
2 6.4000000000 6.4000000000 6.4000000000 6.4000000000
4 6.6000000000 6.6000000000 6.6000000000 6.6000000000
6 6.8000000000 6.8000000000 6.8000000000 6.8000000000
8 7.0000000000 7.0000000000 7.0000000000 7.0000000000
9 7.2000000000 7.2000000000 7.2000000000 7.2000000000
11 7.4000000000 7.4000000000 7.4000000000 7.4000000000
13 7.6000000000 7.6000000000 7.6000000000 7.6000000000
14 7.8000000000 7.8000000000 7.8000000000 7.8000000000
19 8.8000000000 8.8000000000 8.8000000000 8.8000000000
22 9.0000000000 9.0000000000 9.0000000000 9.0000000000
23 9.2000000000 9.2000000000 9.2000000000 9.2000000000
25 9.4000000000 9.4000000000 9.4000000000 9.4000000000
26 9.6000000000 9.6000000000 9.6000000000 9.6000000000
30 9.8000000000 9.8000000000 9.8000000000 9.8000000000
33 10.0000000000 10.0000000000 10.0000000000 10.0000000000
35 10.2000000000 10.2000000000 10.2000000000 10.2000000000
36 10.4000000000 10.4000000000 10.4000000000 10.4000000000
37 10.6000000000 10.6000000000 10.6000000000 10.6000000000
42 10.8000000000 10.8000000000 10.8000000000 10.8000000000
43 11.0000000000 11.0000000000 11.0000000000 11.0000000000
45 11.2000000000 11.2000000000 11.2000000000 11.2000000000
46 11.4000000000 11.4000000000 11.4000000000 11.4000000000
49 11.6000000000 11.6000000000 11.6000000000 11.6000000000
50 11.8000000000 11.8000000000 11.8000000000 11.8000000000
52 12.0000000000 12.0000000000 12.0000000000 12.0000000000
53 12.2000000000 12.2000000000 12.2000000000 12.2000000000
54 12.4000000000 12.4000000000 12.4000000000 12.4000000000
55 12.6000000000 12.6000000000 12.6000000000 12.6000000000
65 12.8000000000 12.8000000000 12.8000000000 12.8000000000
66 13.0000000000 13.0000000000 13.0000000000 13.0000000000
83 13.2000000000 13.2000000000 13.2000000000 13.2000000000
86 13.4000000000 13.4000000000 13.4000000000 13.4000000000
98 13.6000000000 13.6000000000 13.6000000000 13.6000000000
111 13.8000000000 13.8000000000 13.8000000000 13.8000000000
117 14.0000000000 14.0000000000 14.0000000000 14.0000000000
121 14.2000000000 14.2000000000 14.2000000000 14.2000000000
129 14.4000000000 14.4000000000 14.4000000000 14.4000000000
133 14.6000000000 14.6000000000 14.6000000000 14.6000000000
160 14.8000000000 14.8000000000 14.8000000000 14.8000000000
169 15.0000000000 15.0000000000 15.0000000000 15.0000000000
183 15.2000000000 15.2000000000 15.2000000000 15.2000000000
191 15.4000000000 15.4000000000 15.4000000000 15.4000000000
260 15.6000000000 15.6000000000 15.6000000000 15.6000000000
271 15.8000000000 15.8000000000 15.8000000000 15.8000000000
316 16.0000000000 16.0000000000 16.0000000000 16.0000000000
346 16.2000000000 16.2000000000 16.2000000000 16.2000000000
981 16.4000000000 16.4000000000 16.4000000000 16.4000000000
100001 16.2000000000 16.4000000000 16.2000000000 16.4000000000
"function evaluation" "current f(x)" "best-so-far f(x)" "current af(x)+b" "best af(x)+b"
1 4.8000000000 4.8000000000 4.8000000000 4.8000000000
2 5.0000000000 5.0000000000 5.0000000000 5.0000000000
4 5.2000000000 5.2000000000 5.2000000000 5.2000000000
5 5.4000000000 5.4000000000 5.4000000000 5.4000000000
8 5.6000000000 5.6000000000 5.6000000000 5.6000000000
10 5.8000000000 5.8000000000 5.8000000000 5.8000000000
11 6.0000000000 6.0000000000 6.0000000000 6.0000000000
15 6.2000000000 6.2000000000 6.2000000000 6.2000000000
16 6.4000000000 6.4000000000 6.4000000000 6.4000000000
22 6.6000000000 6.6000000000 6.6000000000 6.6000000000
24 6.8000000000 6.8000000000 6.8000000000 6.8000000000
26 7.0000000000 7.0000000000 7.0000000000 7.0000000000
28 7.2000000000 7.2000000000 7.2000000000 7.2000000000
30 7.4000000000 7.4000000000 7.4000000000 7.4000000000
31 7.6000000000 7.6000000000 7.6000000000 7.6000000000
33 7.8000000000 7.8000000000 7.8000000000 7.8000000000
35 8.0000000000 8.0000000000 8.0000000000 8.0000000000
36 8.2000000000 8.2000000000 8.2000000000 8.2000000000
38 8.4000000000 8.4000000000 8.4000000000 8.4000000000
41 8.6000000000 8.6000000000 8.6000000000 8.6000000000
42 8.8000000000 8.8000000000 8.8000000000 8.8000000000
43 9.0000000000 9.0000000000 9.0000000000 9.0000000000
46 9.2000000000 9.2000000000 9.2000000000 9.2000000000
47 9.4000000000 9.4000000000 9.4000000000 9.4000000000
57 9.6000000000 9.6000000000 9.6000000000 9.6000000000
58 9.8000000000 9.8000000000 9.8000000000 9.8000000000
59 10.0000000000 10.0000000000 10.0000000000 10.0000000000
64 10.2000000000 10.2000000000 10.2000000000 10.2000000000
66 10.4000000000 10.4000000000 10.4000000000 10.4000000000
70 10.6000000000 10.6000000000 10.6000000000 10.6000000000
72 10.8000000000 10.8000000000 10.8000000000 10.8000000000
81 11.0000000000 11.0000000000 11.0000000000 11.0000000000
82 11.2000000000 11.2000000000 11.2000000000 11.2000000000
84 11.4000000000 11.4000000000 11.4000000000 11.4000000000
89 11.6000000000 11.6000000000 11.6000000000 11.6000000000
90 11.8000000000 11.8000000000 11.8000000000 11.8000000000
94 12.0000000000 12.0000000000 12.0000000000 12.0000000000
104 12.2000000000 12.2000000000 12.2000000000 12.2000000000
105 12.4000000000 12.4000000000 12.4000000000 12.4000000000
106 12.6000000000 12.6000000000 12.6000000000 12.6000000000
108 12.8000000000 12.8000000000 12.8000000000 12.8000000000
109 13.0000000000 13.0000000000 13.0000000000 13.0000000000
110 13.2000000000 13.2000000000 13.2000000000 13.2000000000
111 13.4000000000 13.4000000000 13.4000000000 13.4000000000
129 13.6000000000 13.6000000000 13.6000000000 13.6000000000
158 13.8000000000 13.8000000000 13.8000000000 13.8000000000
168 14.0000000000 14.0000000000 14.0000000000 14.0000000000
177 14.2000000000 14.2000000000 14.2000000000 14.2000000000
198 14.4000000000 14.4000000000 14.4000000000 14.4000000000
199 14.6000000000 14.6000000000 14.6000000000 14.6000000000
200 14.8000000000 14.8000000000 14.8000000000 14.8000000000
206 15.0000000000 15.0000000000 15.0000000000 15.0000000000
209 15.2000000000 15.2000000000 15.2000000000 15.2000000000
270 15.4000000000 15.4000000000 15.4000000000 15.4000000000
354 15.6000000000 15.6000000000 15.6000000000 15.6000000000
463 15.8000000000 15.8000000000 15.8000000000 15.8000000000
468 16.0000000000 16.0000000000 16.0000000000 16.0000000000
100001 15.8000000000 16.0000000000 15.8000000000 16.0000000000
"function evaluation" "current f(x)" "best-so-far f(x)" "current af(x)+b" "best af(x)+b"
1 7.4000000000 7.4000000000 7.4000000000 7.4000000000
4 7.6000000000 7.6000000000 7.6000000000 7.6000000000
6 7.8000000000 7.8000000000 7.8000000000 7.8000000000
7 8.0000000000 8.0000000000 8.0000000000 8.0000000000
9 8.2000000000 8.2000000000 8.2000000000 8.2000000000
17 8.4000000000 8.4000000000 8.4000000000 8.4000000000
21 8.6000000000 8.6000000000 8.6000000000 8.6000000000
22 8.8000000000 8.8000000000 8.8000000000 8.8000000000
23 9.0000000000 9.0000000000 9.0000000000 9.0000000000
33 9.2000000000 9.2000000000 9.2000000000 9.2000000000
35 9.4000000000 9.4000000000 9.4000000000 9.4000000000
38 9.6000000000 9.6000000000 9.6000000000 9.6000000000
40 9.8000000000 9.8000000000 9.8000000000 9.8000000000
44 10.0000000000 10.0000000000 10.0000000000 10.0000000000
45 10.2000000000 10.2000000000 10.2000000000 10.2000000000
48 10.4000000000 10.4000000000 10.4000000000 10.4000000000
49 10.6000000000 10.6000000000 10.6000000000 10.6000000000
51 10.8000000000 10.8000000000 10.8000000000 10.8000000000
56 11.0000000000 11.0000000000 11.0000000000 11.0000000000
61 11.2000000000 11.2000000000 11.2000000000 11.2000000000
63 11.4000000000 11.4000000000 11.4000000000 11.4000000000
67 11.6000000000 11.6000000000 11.6000000000 11.6000000000
81 11.8000000000 11.8000000000 11.8000000000 11.8000000000
86 12.0000000000 12.0000000000 12.0000000000 12.0000000000
88 12.2000000000 12.2000000000 12.2000000000 12.2000000000
91 12.4000000000 12.4000000000 12.4000000000 12.4000000000
103 12.6000000000 12.6000000000 12.6000000000 12.6000000000
108 12.8000000000 12.8000000000 12.8000000000 12.8000000000
112 13.0000000000 13.0000000000 13.0000000000 13.0000000000
139 13.2000000000 13.2000000000 13.2000000000 13.2000000000
140 13.4000000000 13.4000000000 13.4000000000 13.4000000000
155 13.6000000000 13.6000000000 13.6000000000 13.6000000000
157 13.8000000000 13.8000000000 13.8000000000 13.8000000000
167 14.0000000000 14.0000000000 14.0000000000 14.0000000000
176 14.2000000000 14.2000000000 14.2000000000 14.2000000000
187 14.4000000000 14.4000000000 14.4000000000 14.4000000000
191 14.6000000000 14.6000000000 14.6000000000 14.6000000000
196 14.8000000000 14.8000000000 14.8000000000 14.8000000000
205 15.0000000000 15.0000000000 15.0000000000 15.0000000000
217 15.2000000000 15.2000000000 15.2000000000 15.2000000000
230 15.4000000000 15.4000000000 15.4000000000 15.4000000000
245 15.6000000000 15.6000000000 15.6000000000 15.6000000000
265 15.8000000000 15.8000000000 15.8000000000 15.8000000000
357 16.0000000000 16.0000000000 16.0000000000 16.0000000000
100001 15.8000000000 16.0000000000 15.8000000000 16.0000000000
"function evaluation" "current f(x)" "best-so-far f(x)" "current af(x)+b" "best af(x)+b"
1 8.2000000000 8.2000000000 8.2000000000 8.2000000000
3 8.4000000000 8.4000000000 8.4000000000 8.4000000000
4 8.6000000000 8.6000000000 8.6000000000 8.6000000000
7 8.8000000000 8.8000000000 8.8000000000 8.8000000000
10 9.0000000000 9.0000000000 9.0000000000 9.0000000000
12 9.2000000000 9.2000000000 9.2000000000 9.2000000000
16 9.4000000000 9.4000000000 9.4000000000 9.4000000000
19 9.6000000000 9.6000000000 9.6000000000 9.6000000000
22 9.8000000000 9.8000000000 9.8000000000 9.8000000000
23 10.0000000000 10.0000000000 10.0000000000 10.0000000000
32 10.2000000000 10.2000000000 10.2000000000 10.2000000000
34 10.4000000000 10.4000000000 10.4000000000 10.4000000000
35 10.6000000000 10.6000000000 10.6000000000 10.6000000000
37 10.8000000000 10.8000000000 10.8000000000 10.8000000000
39 11.0000000000 11.0000000000 11.0000000000 11.0000000000
40 11.2000000000 11.2000000000 11.2000000000 11.2000000000
43 11.4000000000 11.4000000000 11.4000000000 11.4000000000
44 11.6000000000 11.6000000000 11.6000000000 11.6000000000
50 11.8000000000 11.8000000000 11.8000000000 11.8000000000
55 12.0000000000 12.0000000000 12.0000000000 12.0000000000
56 12.2000000000 12.2000000000 12.2000000000 12.2000000000
57 12.4000000000 12.4000000000 12.4000000000 12.4000000000
62 12.6000000000 12.6000000000 12.6000000000 12.6000000000
79 12.8000000000 12.8000000000 12.8000000000 12.8000000000
86 13.0000000000 13.0000000000 13.0000000000 13.0000000000
88 13.2000000000 13.2000000000 13.2000000000 13.2000000000
96 13.4000000000 13.4000000000 13.4000000000 13.4000000000
103 13.6000000000 13.6000000000 13.6000000000 13.6000000000
108 13.8000000000 13.8000000000 13.8000000000 13.8000000000
114 14.0000000000 14.0000000000 14.0000000000 14.0000000000
115 14.2000000000 14.2000000000 14.2000000000 14.2000000000
122 14.4000000000 14.4000000000 14.4000000000 14.4000000000
149 14.6000000000 14.6000000000 14.6000000000 14.6000000000
174 14.8000000000 14.8000000000 14.8000000000 14.8000000000
185 15.0000000000 15.0000000000 15.0000000000 15.0000000000
187 15.2000000000 15.2000000000 15.2000000000 15.2000000000
191 15.4000000000 15.4000000000 15.4000000000 15.4000000000
263 15.6000000000 15.6000000000 15.6000000000 15.6000000000
363 15.8000000000 15.8000000000 15.8000000000 15.8000000000
585 16.0000000000 16.0000000000 16.0000000000 16.0000000000
703 16.2000000000 16.2000000000 16.2000000000 16.2000000000
100001 16.0000000000 16.2000000000 16.0000000000 16.2000000000
"function evaluation" "current f(x)" "best-so-far f(x)" "current af(x)+b" "best af(x)+b"
1 6.4000000000 6.4000000000 6.4000000000 6.4000000000
3 6.6000000000 6.6000000000 6.6000000000 6.6000000000
4 6.8000000000 6.8000000000 6.8000000000 6.8000000000
6 7.0000000000 7.0000000000 7.0000000000 7.0000000000
13 7.2000000000 7.2000000000 7.2000000000 7.2000000000
17 7.4000000000 7.4000000000 7.4000000000 7.4000000000
18 7.6000000000 7.6000000000 7.6000000000 7.6000000000
21 7.8000000000 7.8000000000 7.8000000000 7.8000000000
23 8.0000000000 8.0000000000 8.0000000000 8.0000000000
25 8.2000000000 8.2000000000 8.2000000000 8.2000000000
28 8.4000000000 8.4000000000 8.4000000000 8.4000000000
29 8.6000000000 8.6000000000 8.6000000000 8.6000000000
31 8.8000000000 8.8000000000 8.8000000000 8.8000000000
33 9.0000000000 9.0000000000 9.0000000000 9.0000000000
34 9.2000000000 9.2000000000 9.2000000000 9.2000000000
35 9.4000000000 9.4000000000 9.4000000000 9.4000000000
38 9.6000000000 9.6000000000 9.6000000000 9.6000000000
39 9.8000000000 9.8000000000 9.8000000000 9.8000000000
41 10.0000000000 10.0000000000 10.0000000000 10.0000000000
42 10.2000000000 10.2000000000 10.2000000000 10.2000000000
46 10.4000000000 10.4000000000 10.4000000000 10.4000000000
52 10.6000000000 10.6000000000 10.6000000000 10.6000000000
65 10.8000000000 10.8000000000 10.8000000000 10.8000000000
67 11.0000000000 11.0000000000 11.0000000000 11.0000000000
73 11.2000000000 11.2000000000 11.2000000000 11.2000000000
75 11.4000000000 11.4000000000 11.4000000000 11.4000000000
77 11.6000000000 11.6000000000 11.6000000000 11.6000000000
85 11.8000000000 11.8000000000 11.8000000000 11.8000000000
92 12.0000000000 12.0000000000 12.0000000000 12.0000000000
98 12.2000000000 12.2000000000 12.2000000000 12.2000000000
99 12.4000000000 12.4000000000 12.4000000000 12.4000000000
109 12.6000000000 12.6000000000 12.6000000000 12.6000000000
112 12.8000000000 12.8000000000 12.8000000000 12.8000000000
117 13.0000000000 13.0000000000 13.0000000000 13.0000000000
124 13.2000000000 13.2000000000 13.2000000000 13.2000000000
131 13.4000000000 13.4000000000 13.4000000000 13.4000000000
137 13.6000000000 13.6000000000 13.6000000000 13.6000000000
139 13.8000000000 13.8000000000 13.8000000000 13.8000000000
140 14.0000000000 14.0000000000 14.0000000000 14.0000000000
155 14.2000000000 14.2000000000 14.2000000000 14.2000000000
156 14.4000000000 14.4000000000 14.4000000000 14.4000000000
171 14.6000000000 14.6000000000 14.6000000000 14.6000000000
176 14.8000000000 14.8000000000 14.8000000000 14.8000000000
181 15.0000000000 15.0000000000 15.0000000000 15.0000000000
209 15.2000000000 15.2000000000 15.2000000000 15.2000000000
240 15.4000000000 15.4000000000 15.4000000000 15.4000000000
241 15.6000000000 15.6000000000 15.6000000000 15.6000000000
269 15.8000000000 15.8000000000 15.8000000000 15.8000000000
294 16.0000000000 16.0000000000 16.0000000000 16.0000000000
100001 15.8000000000 16.0000000000 15.8000000000 16.0000000000
"function evaluation" "current f(x)" "best-so-far f(x)" "current af(x)+b" "best af(x)+b"
1 6.8000000000 6.8000000000 6.8000000000 6.8000000000
5 7.0000000000 7.0000000000 7.0000000000 7.0000000000
10 7.2000000000 7.2000000000 7.2000000000 7.2000000000
14 7.4000000000 7.4000000000 7.4000000000 7.4000000000
15 7.6000000000 7.6000000000 7.6000000000 7.6000000000
20 7.8000000000 7.8000000000 7.8000000000 7.8000000000
22 8.0000000000 8.0000000000 8.0000000000 8.0000000000
23 8.2000000000 8.2000000000 8.2000000000 8.2000000000
24 8.4000000000 8.4000000000 8.4000000000 8.4000000000
26 8.6000000000 8.6000000000 8.6000000000 8.6000000000
28 8.8000000000 8.8000000000 8.8000000000 8.8000000000
31 9.0000000000 9.0000000000 9.0000000000 9.0000000000
33 9.2000000000 9.2000000000 9.2000000000 9.2000000000
35 9.4000000000 9.4000000000 9.4000000000 9.4000000000
36 10.4000000000 10.4000000000 10.4000000000 10.4000000000
37 10.6000000000 10.6000000000 10.6000000000 10.6000000000
38 10.8000000000 10.8000000000 10.8000000000 10.8000000000
42 11.0000000000 11.0000000000 11.0000000000 11.0000000000
47 11.2000000000 11.2000000000 11.2000000000 11.2000000000
48 11.4000000000 11.4000000000 11.4000000000 11.4000000000
49 11.6000000000 11.6000000000 11.6000000000 11.6000000000
56 11.8000000000 11.8000000000 11.8000000000 11.8000000000
58 12.0000000000 12.0000000000 12.0000000000 12.0000000000
61 12.2000000000 12.2000000000 12.2000000000 12.2000000000
64 12.4000000000 12.4000000000 12.4000000000 12.4000000000
75 12.6000000000 12.6000000000 12.6000000000 12.6000000000
76 12.8000000000 12.8000000000 12.8000000000 12.8000000000
86 13.0000000000 13.0000000000 13.0000000000 13.0000000000
87 13.2000000000 13.2000000000 13.2000000000 13.2000000000
89 13.4000000000 13.4000000000 13.4000000000 13.4000000000
103 13.6000000000 13.6000000000 13.6000000000 13.6000000000
105 13.8000000000 13.8000000000 13.8000000000 13.8000000000
117 14.0000000000 14.0000000000 14.0000000000 14.0000000000
123 14.2000000000 14.2000000000 14.2000000000 14.2000000000
144 14.4000000000 14.4000000000 14.4000000000 14.4000000000
147 14.6000000000 14.6000000000 14.6000000000 14.6000000000
149 14.8000000000 14.8000000000 14.8000000000 14.8000000000
150 15.0000000000 15.0000000000 15.0000000000 15.0000000000
154 15.2000000000 15.2000000000 15.2000000000 15.2000000000
160 15.4000000000 15.4000000000 15.4000000000 15.4000000000
165 15.6000000000 15.6000000000 15.6000000000 15.6000000000
172 15.8000000000 15.8000000000 15.8000000000 15.8000000000
191 16.0000000000 16.0000000000 16.0000000000 16.0000000000
245 16.2000000000 16.2000000000 16.2000000000 16.2000000000
258 16.4000000000 16.4000000000 16.4000000000 16.4000000000
100001 16.2000000000 16.4000000000 16.2000000000 16.4000000000
"function evaluation" "current f(x)" "best-so-far f(x)" "current af(x)+b" "best af(x)+b"
1 5.6000000000 5.6000000000 5.6000000000 5.6000000000
2 5.8000000000 5.8000000000 5.8000000000 5.8000000000
3 6.0000000000 6.0000000000 6.0000000000 6.0000000000
4 6.2000000000 6.2000000000 6.2000000000 6.2000000000
6 6.4000000000 6.4000000000 6.4000000000 6.4000000000
8 7.4000000000 7.4000000000 7.4000000000 7.4000000000
10 7.6000000000 7.6000000000 7.6000000000 7.6000000000
11 7.8000000000 7.8000000000 7.8000000000 7.8000000000
16 8.0000000000 8.0000000000 8.0000000000 8.0000000000
17 8.2000000000 8.2000000000 8.2000000000 8.2000000000
18 8.4000000000 8.4000000000 8.4000000000 8.4000000000
19 8.6000000000 8.6000000000 8.6000000000 8.6000000000
26 8.8000000000 8.8000000000 8.8000000000 8.8000000000
28 9.0000000000 9.0000000000 9.0000000000 9.0000000000
31 9.2000000000 9.2000000000 9.2000000000 9.2000000000
37 9.4000000000 9.4000000000 9.4000000000 9.4000000000
39 9.6000000000 9.6000000000 9.6000000000 9.6000000000
41 9.8000000000 9.8000000000 9.8000000000 9.8000000000
44 10.0000000000 10.0000000000 10.0000000000 10.0000000000
45 10.2000000000 10.2000000000 10.2000000000 10.2000000000
50 10.4000000000 10.4000000000 10.4000000000 10.4000000000
51 10.6000000000 10.6000000000 10.6000000000 10.6000000000
52 10.8000000000 10.8000000000 10.8000000000 10.8000000000
61 11.0000000000 11.0000000000 11.0000000000 11.0000000000
70 11.2000000000 11.2000000000 11.2000000000 11.2000000000
73 11.4000000000 11.4000000000 11.4000000000 11.4000000000
81 11.6000000000 11.6000000000 11.6000000000 11.6000000000
83 11.8000000000 11.8000000000 11.8000000000 11.8000000000
88 12.0000000000 12.0000000000 12.0000000000 12.0000000000
92 12.2000000000 12.2000000000 12.2000000000 12.2000000000
100 12.4000000000 12.4000000000 12.4000000000 12.4000000000
108 12.6000000000 12.6000000000 12.6000000000 12.6000000000
113 12.8000000000 12.8000000000 12.8000000000 12.8000000000
131 13.0000000000 13.0000000000 13.0000000000 13.0000000000
133 13.2000000000 13.2000000000 13.2000000000 13.2000000000
144 13.4000000000 13.4000000000 13.4000000000 13.4000000000
148 13.6000000000 13.6000000000 13.6000000000 13.6000000000
150 13.8000000000 13.8000000000 13.8000000000 13.8000000000
159 14.0000000000 14.0000000000 14.0000000000 14.0000000000
163 14.2000000000 14.2000000000 14.2000000000 14.2000000000
168 14.4000000000 14.4000000000 14.4000000000 14.4000000000
172 14.6000000000 14.6000000000 14.6000000000 14.6000000000
208 14.8000000000 14.8000000000 14.8000000000 14.8000000000
217 15.0000000000 15.0000000000 15.0000000000 15.0000000000
224 15.2000000000 15.2000000000 15.2000000000 15.2000000000
242 15.4000000000 15.4000000000 15.4000000000 15.4000000000
265 15.6000000000 15.6000000000 15.6000000000 15.6000000000
266 15.8000000000 15.8000000000 15.8000000000 15.8000000000
271 16.0000000000 16.0000000000 16.0000000000 16.0000000000
275 16.2000000000 16.2000000000 16.2000000000 16.2000000000
351 16.4000000000 16.4000000000 16.4000000000 16.4000000000
100001 16.2000000000 16.4000000000 16.2000000000 16.4000000000
"function evaluation" "current f(x)" "best-so-far f(x)" "current af(x)+b" "best af(x)+b"
1 6.8000000000 6.8000000000 6.8000000000 6.8000000000
2 7.0000000000 7.0000000000 7.0000000000 7.0000000000
4 7.2000000000 7.2000000000 7.2000000000 7.2000000000
6 7.4000000000 7.4000000000 7.4000000000 7.4000000000
7 7.6000000000 7.6000000000 7.6000000000 7.6000000000
8 7.8000000000 7.8000000000 7.8000000000 7.8000000000
10 8.0000000000 8.0000000000 8.0000000000 8.0000000000
12 8.2000000000 8.2000000000 8.2000000000 8.2000000000
15 8.4000000000 8.4000000000 8.4000000000 8.4000000000
16 8.6000000000 8.6000000000 8.6000000000 8.6000000000
19 8.8000000000 8.8000000000 8.8000000000 8.8000000000
25 9.8000000000 9.8000000000 9.8000000000 9.8000000000
27 10.0000000000 10.0000000000 10.0000000000 10.0000000000
29 10.2000000000 10.2000000000 10.2000000000 10.2000000000
30 10.4000000000 10.4000000000 10.4000000000 10.4000000000
36 10.6000000000 10.6000000000 10.6000000000 10.6000000000
41 10.8000000000 10.8000000000 10.8000000000 10.8000000000
44 11.0000000000 11.0000000000 11.0000000000 11.0000000000
48 11.2000000000 11.2000000000 11.2000000000 11.2000000000
54 11.4000000000 11.4000000000 11.4000000000 11.4000000000
55 11.6000000000 11.6000000000 11.6000000000 11.6000000000
56 11.8000000000 11.8000000000 11.8000000000 11.8000000000
63 12.0000000000 12.0000000000 12.0000000000 12.0000000000
65 12.2000000000 12.2000000000 12.2000000000 12.2000000000
68 12.4000000000 12.4000000000 12.4000000000 12.4000000000
71 12.6000000000 12.6000000000 12.6000000000 12.6000000000
75 12.8000000000 12.8000000000 12.8000000000 12.8000000000
76 13.0000000000 13.0000000000 13.0000000000 13.0000000000
78 13.2000000000 13.2000000000 13.2000000000 13.2000000000
81 13.4000000000 13.4000000000 13.4000000000 13.4000000000
82 13.6000000000 13.6000000000 13.6000000000 13.6000000000
84 13.8000000000 13.8000000000 13.8000000000 13.8000000000
94 14.0000000000 14.0000000000 14.0000000000 14.0000000000
106 14.2000000000 14.2000000000 14.2000000000 14.2000000000
110 14.4000000000 14.4000000000 14.4000000000 14.4000000000
121 14.6000000000 14.6000000000 14.6000000000 14.6000000000
123 14.8000000000 14.8000000000 14.8000000000 14.8000000000
126 15.0000000000 15.0000000000 15.0000000000 15.0000000000
137 15.2000000000 15.2000000000 15.2000000000 15.2000000000
154 15.4000000000 15.4000000000 15.4000000000 15.4000000000
169 15.6000000000 15.6000000000 15.6000000000 15.6000000000
172 15.8000000000 15.8000000000 15.8000000000 15.8000000000
233 16.0000000000 16.0000000000 16.0000000000 16.0000000000
235 16.2000000000 16.2000000000 16.2000000000 16.2000000000
244 16.4000000000 16.4000000000 16.4000000000 16.4000000000
470 16.6000000000 16.6000000000 16.6000000000 16.6000000000
100001 15.6000000000 16.6000000000 15.6000000000 16.6000000000
