"function evaluation" "current f(x)" "best-so-far f(x)" "current af(x)+b" "best af(x)+b"
1 0.7869058861 0.7869058861 0.7869058861 0.7869058861
3 0.8108984755 0.8108984755 0.8108984755 0.8108984755
11 0.8297378029 0.8297378029 0.8297378029 0.8297378029
15 0.9716284493 0.9716284493 0.9716284493 0.9716284493
18 1.0266940452 1.0266940452 1.0266940452 1.0266940452
22 1.0606703437 1.0606703437 1.0606703437 1.0606703437
23 1.0931351115 1.0931351115 1.0931351115 1.0931351115
28 1.2345679012 1.2345679012 1.2345679012 1.2345679012
33 1.2581781580 1.2581781580 1.2581781580 1.2581781580
45 1.3927576602 1.3927576602 1.3927576602 1.3927576602
53 1.4492753623 1.4492753623 1.4492753623 1.4492753623
54 1.4543339151 1.4543339151 1.4543339151 1.4543339151
59 1.5160703457 1.5160703457 1.5160703457 1.5160703457
62 1.5328019620 1.5328019620 1.5328019620 1.5328019620
66 1.5812776724 1.5812776724 1.5812776724 1.5812776724
69 1.7373175817 1.7373175817 1.7373175817 1.7373175817
70 1.7568517217 1.7568517217 1.7568517217 1.7568517217
79 1.8395879323 1.8395879323 1.8395879323 1.8395879323
83 1.9762845850 1.9762845850 1.9762845850 1.9762845850
98 2.0990764064 2.0990764064 2.0990764064 2.0990764064
102 2.2301516503 2.2301516503 2.2301516503 2.2301516503
143 2.5329280648 2.5329280648 2.5329280648 2.5329280648
164 2.7502750275 2.7502750275 2.7502750275 2.7502750275
537 2.7808676307 2.7808676307 2.7808676307 2.7808676307
777 2.7995520717 2.7995520717 2.7995520717 2.7995520717
795 2.8702640643 2.8702640643 2.8702640643 2.8702640643
879 3.0376670717 3.0376670717 3.0376670717 3.0376670717
933 3.2175032175 3.2175032175 3.2175032175 3.2175032175
1102 3.2594524120 3.2594524120 3.2594524120 3.2594524120
1468 3.3200531208 3.3200531208 3.3200531208 3.3200531208
1550 3.3467202142 3.3467202142 3.3467202142 3.3467202142
1718 3.5063113604 3.5063113604 3.5063113604 3.5063113604
1737 3.5360678925 3.5360678925 3.5360678925 3.5360678925
1784 3.5460992908 3.5460992908 3.5460992908 3.5460992908
11268 3.6075036075 3.6075036075 3.6075036075 3.6075036075
11728 3.6179450072 3.6179450072 3.6179450072 3.6179450072
20305 3.6603221083 3.6603221083 3.6603221083 3.6603221083
100001 3.6603221083 3.6603221083 3.6603221083 3.6603221083
"function evaluation" "current f(x)" "best-so-far f(x)" "current af(x)+b" "best af(x)+b"
1 1.3520822066 1.3520822066 1.3520822066 1.3520822066
3 1.3594344753 1.3594344753 1.3594344753 1.3594344753
13 1.3683634373 1.3683634373 1.3683634373 1.3683634373
15 1.4005602241 1.4005602241 1.4005602241 1.4005602241
31 1.4749262537 1.4749262537 1.4749262537 1.4749262537
32 1.5160703457 1.5160703457 1.5160703457 1.5160703457
54 1.5693659761 1.5693659761 1.5693659761 1.5693659761
63 1.6160310278 1.6160310278 1.6160310278 1.6160310278
92 1.6181229773 1.6181229773 1.6181229773 1.6181229773
98 1.6677785190 1.6677785190 1.6677785190 1.6677785190
99 1.7158544955 1.7158544955 1.7158544955 1.7158544955
108 1.7277125086 1.7277125086 1.7277125086 1.7277125086
124 1.8642803878 1.8642803878 1.8642803878 1.8642803878
158 2.0508613618 2.0508613618 2.0508613618 2.0508613618
165 2.1758050479 2.1758050479 2.1758050479 2.1758050479
187 2.3786869648 2.3786869648 2.3786869648 2.3786869648
217 2.4248302619 2.4248302619 2.4248302619 2.4248302619
272 2.9446407538 2.9446407538 2.9446407538 2.9446407538
312 2.9940119760 2.9940119760 2.9940119760 2.9940119760
324 3.1847133758 3.1847133758 3.1847133758 3.1847133758
449 3.2092426187 3.2092426187 3.2092426187 3.2092426187
616 3.2679738562 3.2679738562 3.2679738562 3.2679738562
750 3.2765399738 3.2765399738 3.2765399738 3.2765399738
4617 3.2938076416 3.2938076416 3.2938076416 3.2938076416
4633 3.3738191633 3.3738191633 3.3738191633 3.3738191633
4794 3.3829499323 3.3829499323 3.3829499323 3.3829499323
7654 3.5260930889 3.5260930889 3.5260930889 3.5260930889
8296 3.5360678925 3.5360678925 3.5360678925 3.5360678925
8521 3.5663338088 3.5663338088 3.5663338088 3.5663338088
8554 3.6390101892 3.6390101892 3.6390101892 3.6390101892
9287 3.8284839204 3.8284839204 3.8284839204 3.8284839204
10445 3.9123630673 3.9123630673 3.9123630673 3.9123630673
10694 3.9494470774 3.9494470774 3.9494470774 3.9494470774
11105 4.0128410915 4.0128410915 4.0128410915 4.0128410915
26503 4.0650406504 4.0650406504 4.0650406504 4.0650406504
26702 4.0783034258 4.0783034258 4.0783034258 4.0783034258
26708 4.2016806723 4.2016806723 4.2016806723 4.2016806723
26859 4.5207956600 4.5207956600 4.5207956600 4.5207956600
26913 4.7438330171 4.7438330171 4.7438330171 4.7438330171
100001 2.1132713440 4.7438330171 2.1132713440 4.7438330171
"function evaluation" "current f(x)" "best-so-far f(x)" "current af(x)+b" "best af(x)+b"
1 1.1368804002 1.1368804002 1.1368804002 1.1368804002
3 1.2357884330 1.2357884330 1.2357884330 1.2357884330
8 1.2774655084 1.2774655084 1.2774655084 1.2774655084
10 1.4277555682 1.4277555682 1.4277555682 1.4277555682
17 1.4392630973 1.4392630973 1.4392630973 1.4392630973
18 1.5328019620 1.5328019620 1.5328019620 1.5328019620
27 1.6056518947 1.6056518947 1.6056518947 1.6056518947
30 1.6655562958 1.6655562958 1.6655562958 1.6655562958
48 1.8129079043 1.8129079043 1.8129079043 1.8129079043
52 1.8532246108 1.8532246108 1.8532246108 1.8532246108
53 1.9731649566 1.9731649566 1.9731649566 1.9731649566
62 1.9920318725 1.9920318725 1.9920318725 1.9920318725
78 2.0542317173 2.0542317173 2.0542317173 2.0542317173
91 2.4390243902 2.4390243902 2.4390243902 2.4390243902
93 2.5227043391 2.5227043391 2.5227043391 2.5227043391
101 2.6014568158 2.6014568158 2.6014568158 2.6014568158
119 2.7203482046 2.7203482046 2.7203482046 2.7203482046
297 2.7870680045 2.7870680045 2.7870680045 2.7870680045
367 2.8571428571 2.8571428571 2.8571428571 2.8571428571
369 2.9446407538 2.9446407538 2.9446407538 2.9446407538
441 3.0303030303 3.0303030303 3.0303030303 3.0303030303
474 3.0674846626 3.0674846626 3.0674846626 3.0674846626
495 3.1210986267 3.1210986267 3.1210986267 3.1210986267
781 3.1605562579 3.1605562579 3.1605562579 3.1605562579
1118 3.4293552812 3.4293552812 3.4293552812 3.4293552812
1525 3.4965034965 3.4965034965 3.4965034965 3.4965034965
19988 3.7369207773 3.7369207773 3.7369207773 3.7369207773
20012 4.0387722132 4.0387722132 4.0387722132 4.0387722132
20043 4.1322314050 4.1322314050 4.1322314050 4.1322314050
100001 4.1322314050 4.1322314050 4.1322314050 4.1322314050
"function evaluation" "current f(x)" "best-so-far f(x)" "current af(x)+b" "best af(x)+b"
1 0.6153088851 0.6153088851 0.6153088851 0.6153088851
3 0.7100255609 0.7100255609 0.7100255609 0.7100255609
7 0.7496251874 0.7496251874 0.7496251874 0.7496251874
14 0.8843296781 0.8843296781 0.8843296781 0.8843296781
16 0.9035056017 0.9035056017 0.9035056017 0.9035056017
17 0.9297136482 0.9297136482 0.9297136482 0.9297136482
21 1.0004001601 1.0004001601 1.0004001601 1.0004001601
23 1.1644154634 1.1644154634 1.1644154634 1.1644154634
25 1.2309207287 1.2309207287 1.2309207287 1.2309207287
27 1.3178703216 1.3178703216 1.3178703216 1.3178703216
32 1.3713658804 1.3713658804 1.3713658804 1.3713658804
33 1.4359563469 1.4359563469 1.4359563469 1.4359563469
36 1.6097875080 1.6097875080 1.6097875080 1.6097875080
41 1.6835016835 1.6835016835 1.6835016835 1.6835016835
43 1.8615040953 1.8615040953 1.8615040953 1.8615040953
45 1.9825535289 1.9825535289 1.9825535289 1.9825535289
55 2.0542317173 2.0542317173 2.0542317173 2.0542317173
69 2.3169601483 2.3169601483 2.3169601483 2.3169601483
101 2.4390243902 2.4390243902 2.4390243902 2.4390243902
133 2.4533856722 2.4533856722 2.4533856722 2.4533856722
143 2.5278058645 2.5278058645 2.5278058645 2.5278058645
165 2.5536261491 2.5536261491 2.5536261491 2.5536261491
170 2.6014568158 2.6014568158 2.6014568158 2.6014568158
177 2.7322404372 2.7322404372 2.7322404372 2.7322404372
192 2.9239766082 2.9239766082 2.9239766082 2.9239766082
202 3.1367628607 3.1367628607 3.1367628607 3.1367628607
257 3.1446540881 3.1446540881 3.1446540881 3.1446540881
325 3.1847133758 3.1847133758 3.1847133758 3.1847133758
585 3.3112582781 3.3112582781 3.3112582781 3.3112582781
1296 3.4482758621 3.4482758621 3.4482758621 3.4482758621
1425 3.6818851252 3.6818851252 3.6818851252 3.6818851252
1650 3.8520801233 3.8520801233 3.8520801233 3.8520801233
8994 3.9246467818 3.9246467818 3.9246467818 3.9246467818
9051 4.0916530278 4.0916530278 4.0916530278 4.0916530278
9119 4.2444821732 4.2444821732 4.2444821732 4.2444821732
9750 4.2589437819 4.2589437819 4.2589437819 4.2589437819
100001 4.2589437819 4.2589437819 4.2589437819 4.2589437819
"function evaluation" "current f(x)" "best-so-far f(x)" "current af(x)+b" "best af(x)+b"
1 1.2201073694 1.2201073694 1.2201073694 1.2201073694
7 1.3262599469 1.3262599469 1.3262599469 1.3262599469
8 1.3347570742 1.3347570742 1.3347570742 1.3347570742
14 1.3535462913 1.3535462913 1.3535462913 1.3535462913
23 1.4228799089 1.4228799089 1.4228799089 1.4228799089
27 1.5479876161 1.5479876161 1.5479876161 1.5479876161
29 1.5893197711 1.5893197711 1.5893197711 1.5893197711
31 1.6655562958 1.6655562958 1.6655562958 1.6655562958
40 2.0576131687 2.0576131687 2.0576131687 2.0576131687
43 2.0815986678 2.0815986678 2.0815986678 2.0815986678
52 2.0990764064 2.0990764064 2.0990764064 2.0990764064
72 2.2222222222 2.2222222222 2.2222222222 2.2222222222
77 2.4437927664 2.4437927664 2.4437927664 2.4437927664
115 2.4975024975 2.4975024975 2.4975024975 2.4975024975
243 2.5227043391 2.5227043391 2.5227043391 2.5227043391
408 2.5484199796 2.5484199796 2.5484199796 2.5484199796
419 2.6232948583 2.6232948583 2.6232948583 2.6232948583
445 2.6399155227 2.6399155227 2.6399155227 2.6399155227
450 2.8702640643 2.8702640643 2.8702640643 2.8702640643
452 3.0902348578 3.0902348578 3.0902348578 3.0902348578
506 3.2092426187 3.2092426187 3.2092426187 3.2092426187
926 3.2425421530 3.2425421530 3.2425421530 3.2425421530
1105 3.4674063800 3.4674063800 3.4674063800 3.4674063800
5153 3.5561877667 3.5561877667 3.5561877667 3.5561877667
5685 3.5868005739 3.5868005739 3.5868005739 3.5868005739
6693 3.5971223022 3.5971223022 3.5971223022 3.5971223022
29121 3.6284470247 3.6284470247 3.6284470247 3.6284470247
45158 3.6390101892 3.6390101892 3.6390101892 3.6390101892
45547 3.7369207773 3.7369207773 3.7369207773 3.7369207773
45916 3.7707390649 3.7707390649 3.7707390649 3.7707390649
46197 4.0000000000 4.0000000000 4.0000000000 4.0000000000
46347 4.0650406504 4.0650406504 4.0650406504 4.0650406504
100001 3.1210986267 4.0650406504 3.1210986267 4.0650406504
"function evaluation" "current f(x)" "best-so-far f(x)" "current af(x)+b" "best af(x)+b"
1 0.9885330170 0.9885330170 0.9885330170 0.9885330170
5 1.1622501162 1.1622501162 1.1622501162 1.1622501162
11 1.1944577162 1.1944577162 1.1944577162 1.1944577162
13 1.2658227848 1.2658227848 1.2658227848 1.2658227848
24 1.5069318867 1.5069318867 1.5069318867 1.5069318867
26 1.6700066800 1.6700066800 1.6700066800 1.6700066800
47 1.6949152542 1.6949152542 1.6949152542 1.6949152542
60 1.9157088123 1.9157088123 1.9157088123 1.9157088123
75 2.1987686895 2.1987686895 2.1987686895 2.1987686895
76 2.2341376229 2.2341376229 2.2341376229 2.2341376229
86 2.4248302619 2.4248302619 2.4248302619 2.4248302619
108 2.4875621891 2.4875621891 2.4875621891 2.4875621891
111 2.5746652935 2.5746652935 2.5746652935 2.5746652935
132 2.8702640643 2.8702640643 2.8702640643 2.8702640643
150 2.9036004646 2.9036004646 2.9036004646 2.9036004646
179 3.0303030303 3.0303030303 3.0303030303 3.0303030303
194 3.2765399738 3.2765399738 3.2765399738 3.2765399738
438 3.4867503487 3.4867503487 3.4867503487 3.4867503487
485 3.5561877667 3.5561877667 3.5561877667 3.5561877667
692 3.5663338088 3.5663338088 3.5663338088 3.5663338088
7317 3.5868005739 3.5868005739 3.5868005739 3.5868005739
7324 3.6603221083 3.6603221083 3.6603221083 3.6603221083
7456 3.7593984962 3.7593984962 3.7593984962 3.7593984962
16006 3.7821482602 3.7821482602 3.7821482602 3.7821482602
16049 3.8880248834 3.8880248834 3.8880248834 3.8880248834
16060 3.9745627981 3.9745627981 3.9745627981 3.9745627981
16618 4.0128410915 4.0128410915 4.0128410915 4.0128410915
16668 4.0257648953 4.0257648953 4.0257648953 4.0257648953
16732 4.0387722132 4.0387722132 4.0387722132 4.0387722132
16855 4.1322314050 4.1322314050 4.1322314050 4.1322314050
16911 4.1736227045 4.1736227045 4.1736227045 4.1736227045
27059 4.2016806723 4.2016806723 4.2016806723 4.2016806723
45112 4.2301184433 4.2301184433 4.2301184433 4.2301184433
45399 4.3936731107 4.3936731107 4.3936731107 4.3936731107
45870 4.4883303411 4.4883303411 4.4883303411 4.4883303411
81855 4.5537340619 4.5537340619 4.5537340619 4.5537340619
100001 2.8506271380 4.5537340619 2.8506271380 4.5537340619
"function evaluation" "current f(x)" "best-so-far f(x)" "current af(x)+b" "best af(x)+b"
1 0.9746588694 0.9746588694 0.9746588694 0.9746588694
2 1.0874293171 1.0874293171 1.0874293171 1.0874293171
3 1.1317338162 1.1317338162 1.1317338162 1.1317338162
7 1.1473152822 1.1473152822 1.1473152822 1.1473152822
11 1.2001920307 1.2001920307 1.2001920307 1.2001920307
12 1.3095861708 1.3095861708 1.3095861708 1.3095861708
13 1.3774104683 1.3774104683 1.3774104683 1.3774104683
17 1.4037057833 1.4037057833 1.4037057833 1.4037057833
18 1.5832805573 1.5832805573 1.5832805573 1.5832805573
26 1.6265452180 1.6265452180 1.6265452180 1.6265452180
27 1.6949152542 1.6949152542 1.6949152542 1.6949152542
39 1.7642907551 1.7642907551 1.7642907551 1.7642907551
46 1.9607843137 1.9607843137 1.9607843137 1.9607843137
53 1.9920318725 1.9920318725 1.9920318725 1.9920318725
55 2.0885547201 2.0885547201 2.0885547201 2.0885547201
58 2.0920502092 2.0920502092 2.0920502092 2.0920502092
60 2.1533161068 2.1533161068 2.1533161068 2.1533161068
72 2.5641025641 2.5641025641 2.5641025641 2.5641025641
77 2.5799793602 2.5799793602 2.5799793602 2.5799793602
80 2.7203482046 2.7203482046 2.7203482046 2.7203482046
85 2.8506271380 2.8506271380 2.8506271380 2.8506271380
88 2.9655990510 2.9655990510 2.9655990510 2.9655990510
118 3.1685678074 3.1685678074 3.1685678074 3.1685678074
155 3.1928480204 3.1928480204 3.1928480204 3.1928480204
208 3.4482758621 3.4482758621 3.4482758621 3.4482758621
323 3.4965034965 3.4965034965 3.4965034965 3.4965034965
432 3.5460992908 3.5460992908 3.5460992908 3.5460992908
597 3.5765379113 3.5765379113 3.5765379113 3.5765379113
672 3.6179450072 3.6179450072 3.6179450072 3.6179450072
787 4.0000000000 4.0000000000 4.0000000000 4.0000000000
2348 4.0257648953 4.0257648953 4.0257648953 4.0257648953
2479 4.0387722132 4.0387722132 4.0387722132 4.0387722132
34372 4.0650406504 4.0650406504 4.0650406504 4.0650406504
100001 2.8312570781 4.0650406504 2.8312570781 4.0650406504
"function evaluation" "current f(x)" "best-so-far f(x)" "current af(x)+b" "best af(x)+b"
1 1.0499790004 1.0499790004 1.0499790004 1.0499790004
6 1.1125945705 1.1125945705 1.1125945705 1.1125945705
7 1.1286681716 1.1286681716 1.1286681716 1.1286681716
8 1.3668671405 1.3668671405 1.3668671405 1.3668671405
9 1.4359563469 1.4359563469 1.4359563469 1.4359563469
11 1.6118633140 1.6118633140 1.6118633140 1.6118633140
12 1.7158544955 1.7158544955 1.7158544955 1.7158544955
17 1.8726591760 1.8726591760 1.8726591760 1.8726591760
32 1.8982536067 1.8982536067 1.8982536067 1.8982536067
39 2.0048115477 2.0048115477 2.0048115477 2.0048115477
49 2.2301516503 2.2301516503 2.2301516503 2.2301516503
54 2.5278058645 2.5278058645 2.5278058645 2.5278058645
87 2.6852846402 2.6852846402 2.6852846402 2.6852846402
104 2.8506271380 2.8506271380 2.8506271380 2.8506271380
204 3.0826140567 3.0826140567 3.0826140567 3.0826140567
205 3.1367628607 3.1367628607 3.1367628607 3.1367628607
287 3.3647375505 3.3647375505 3.3647375505 3.3647375505
495 3.5063113604 3.5063113604 3.5063113604 3.5063113604
547 3.5765379113 3.5765379113 3.5765379113 3.5765379113
609 3.6284470247 3.6284470247 3.6284470247 3.6284470247
661 3.6818851252 3.6818851252 3.6818851252 3.6818851252
739 3.6927621861 3.6927621861 3.6927621861 3.6927621861
970 3.9123630673 3.9123630673 3.9123630673 3.9123630673
1205 3.9494470774 3.9494470774 3.9494470774 3.9494470774
1467 3.9619651347 3.9619651347 3.9619651347 3.9619651347
1487 4.0518638574 4.0518638574 4.0518638574 4.0518638574
2449 4.1736227045 4.1736227045 4.1736227045 4.1736227045
100001 4.1736227045 4.1736227045 4.1736227045 4.1736227045
"function evaluation" "current f(x)" "best-so-far f(x)" "current af(x)+b" "best af(x)+b"
1 0.6444960041 0.6444960041 0.6444960041 0.6444960041
4 0.7048209755 0.7048209755 0.7048209755 0.7048209755
7 0.7295010213 0.7295010213 0.7295010213 0.7295010213
13 0.8594018563 0.8594018563 0.8594018563 0.8594018563
15 1.0921799913 1.0921799913 1.0921799913 1.0921799913
16 1.2906556531 1.2906556531 1.2906556531 1.2906556531
21 1.3550135501 1.3550135501 1.3550135501 1.3550135501
27 1.3623978202 1.3623978202 1.3623978202 1.3623978202
28 1.5733165513 1.5733165513 1.5733165513 1.5733165513
29 1.7921146953 1.7921146953 1.7921146953 1.7921146953
33 1.8315018315 1.8315018315 1.8315018315 1.8315018315
69 1.9098548510 1.9098548510 1.9098548510 1.9098548510
72 1.9305019305 1.9305019305 1.9305019305 1.9305019305
78 1.9516003123 1.9516003123 1.9516003123 1.9516003123
83 2.0990764064 2.0990764064 2.0990764064 2.0990764064
101 2.1385799829 2.1385799829 2.1385799829 2.1385799829
111 2.1720243267 2.1720243267 2.1720243267 2.1720243267
129 2.2065313327 2.2065313327 2.2065313327 2.2065313327
136 2.3696682464 2.3696682464 2.3696682464 2.3696682464
157 2.5176233635 2.5176233635 2.5176233635 2.5176233635
166 2.6288117771 2.6288117771 2.6288117771 2.6288117771
187 2.6567481403 2.6567481403 2.6567481403 2.6567481403
278 2.9377203290 2.9377203290 2.9377203290 2.9377203290
288 2.9726516052 2.9726516052 2.9726516052 2.9726516052
296 3.0084235860 3.0084235860 3.0084235860 3.0084235860
379 3.0303030303 3.0303030303 3.0303030303 3.0303030303
407 3.1685678074 3.1685678074 3.1685678074 3.1685678074
435 3.2425421530 3.2425421530 3.2425421530 3.2425421530
698 3.2851511170 3.2851511170 3.2851511170 3.2851511170
709 3.2938076416 3.2938076416 3.2938076416 3.2938076416
1045 3.3025099075 3.3025099075 3.3025099075 3.3025099075
1067 3.4199726402 3.4199726402 3.4199726402 3.4199726402
1074 3.6927621861 3.6927621861 3.6927621861 3.6927621861
1411 3.8167938931 3.8167938931 3.8167938931 3.8167938931
32624 3.9872408293 3.9872408293 3.9872408293 3.9872408293
100001 3.5260930889 3.9872408293 3.5260930889 3.9872408293
"function evaluation" "current f(x)" "best-so-far f(x)" "current af(x)+b" "best af(x)+b"
1 1.1611704598 1.1611704598 1.1611704598 1.1611704598
4 1.2658227848 1.2658227848 1.2658227848 1.2658227848
5 1.3000520021 1.3000520021 1.3000520021 1.3000520021
7 1.3520822066 1.3520822066 1.3520822066 1.3520822066
9 1.4409221902 1.4409221902 1.4409221902 1.4409221902
39 1.4697236919 1.4697236919 1.4697236919 1.4697236919
44 1.7277125086 1.7277125086 1.7277125086 1.7277125086
49 1.7543859649 1.7543859649 1.7543859649 1.7543859649
67 1.8234865062 1.8234865062 1.8234865062 1.8234865062
76 2.0112630732 2.0112630732 2.0112630732 2.0112630732
93 2.0542317173 2.0542317173 2.0542317173 2.0542317173
105 2.1061499579 2.1061499579 2.1061499579 2.1061499579
118 2.1097046414 2.1097046414 2.1097046414 2.1097046414
133 2.1349274125 2.1349274125 2.1349274125 2.1349274125
153 2.1910604733 2.1910604733 2.1910604733 2.1910604733
159 2.2261798753 2.2261798753 2.2261798753 2.2261798753
168 2.3041474654 2.3041474654 2.3041474654 2.3041474654
177 2.3386342376 2.3386342376 2.3386342376 2.3386342376
188 2.3607176582 2.3607176582 2.3607176582 2.3607176582
208 2.3832221163 2.3832221163 2.3832221163 2.3832221163
209 2.6968716289 2.6968716289 2.6968716289 2.6968716289
218 3.4013605442 3.4013605442 3.4013605442 3.4013605442
453 3.5460992908 3.5460992908 3.5460992908 3.5460992908
49135 3.5663338088 3.5663338088 3.5663338088 3.5663338088
49215 3.5765379113 3.5765379113 3.5765379113 3.5765379113
49283 3.7369207773 3.7369207773 3.7369207773 3.7369207773
50816 3.9872408293 3.9872408293 3.9872408293 3.9872408293
100001 2.9726516052 3.9872408293 2.9726516052 3.9872408293
