"function evaluation" "current f(x)" "best-so-far f(x)" "current af(x)+b" "best af(x)+b"
1 0.0000000000 0.0000000000 0.0000000000 0.0000000000
3 4.0000000000 4.0000000000 4.0000000000 4.0000000000
30 5.0000000000 5.0000000000 5.0000000000 5.0000000000
228 6.0000000000 6.0000000000 6.0000000000 6.0000000000
282 7.0000000000 7.0000000000 7.0000000000 7.0000000000
294 10.0000000000 10.0000000000 10.0000000000 10.0000000000
1088 12.0000000000 12.0000000000 12.0000000000 12.0000000000
23872 14.0000000000 14.0000000000 14.0000000000 14.0000000000
62334 15.0000000000 15.0000000000 15.0000000000 15.0000000000
100000 0.0000000000 15.0000000000 0.0000000000 15.0000000000
"function evaluation" "current f(x)" "best-so-far f(x)" "current af(x)+b" "best af(x)+b"
1 1.0000000000 1.0000000000 1.0000000000 1.0000000000
6 2.0000000000 2.0000000000 2.0000000000 2.0000000000
8 3.0000000000 3.0000000000 3.0000000000 3.0000000000
11 6.0000000000 6.0000000000 6.0000000000 6.0000000000
35 7.0000000000 7.0000000000 7.0000000000 7.0000000000
62 8.0000000000 8.0000000000 8.0000000000 8.0000000000
522 10.0000000000 10.0000000000 10.0000000000 10.0000000000
1615 11.0000000000 11.0000000000 11.0000000000 11.0000000000
8877 12.0000000000 12.0000000000 12.0000000000 12.0000000000
67362 13.0000000000 13.0000000000 13.0000000000 13.0000000000
69751 14.0000000000 14.0000000000 14.0000000000 14.0000000000
100000 0.0000000000 14.0000000000 0.0000000000 14.0000000000
"function evaluation" "current f(x)" "best-so-far f(x)" "current af(x)+b" "best af(x)+b"
1 1.0000000000 1.0000000000 1.0000000000 1.0000000000
6 3.0000000000 3.0000000000 3.0000000000 3.0000000000
7 8.0000000000 8.0000000000 8.0000000000 8.0000000000
136 10.0000000000 10.0000000000 10.0000000000 10.0000000000
647 11.0000000000 11.0000000000 11.0000000000 11.0000000000
3871 12.0000000000 12.0000000000 12.0000000000 12.0000000000
8128 16.0000000000 16.0000000000 16.0000000000 16.0000000000
10325 17.0000000000 17.0000000000 17.0000000000 17.0000000000
100000 0.0000000000 17.0000000000 0.0000000000 17.0000000000
"function evaluation" "current f(x)" "best-so-far f(x)" "current af(x)+b" "best af(x)+b"
1 0.0000000000 0.0000000000 0.0000000000 0.0000000000
3 1.0000000000 1.0000000000 1.0000000000 1.0000000000
5 3.0000000000 3.0000000000 3.0000000000 3.0000000000
12 5.0000000000 5.0000000000 5.0000000000 5.0000000000
44 6.0000000000 6.0000000000 6.0000000000 6.0000000000
209 8.0000000000 8.0000000000 8.0000000000 8.0000000000
404 9.0000000000 9.0000000000 9.0000000000 9.0000000000
3362 10.0000000000 10.0000000000 10.0000000000 10.0000000000
3425 14.0000000000 14.0000000000 14.0000000000 14.0000000000
14081 17.0000000000 17.0000000000 17.0000000000 17.0000000000
100000 2.0000000000 17.0000000000 2.0000000000 17.0000000000
"function evaluation" "current f(x)" "best-so-far f(x)" "current af(x)+b" "best af(x)+b"
1 1.0000000000 1.0000000000 1.0000000000 1.0000000000
8 3.0000000000 3.0000000000 3.0000000000 3.0000000000
10 5.0000000000 5.0000000000 5.0000000000 5.0000000000
13 8.0000000000 8.0000000000 8.0000000000 8.0000000000
792 9.0000000000 9.0000000000 9.0000000000 9.0000000000
1165 13.0000000000 13.0000000000 13.0000000000 13.0000000000
3421 15.0000000000 15.0000000000 15.0000000000 15.0000000000
58466 17.0000000000 17.0000000000 17.0000000000 17.0000000000
100000 1.0000000000 17.0000000000 1.0000000000 17.0000000000
"function evaluation" "current f(x)" "best-so-far f(x)" "current af(x)+b" "best af(x)+b"
1 1.0000000000 1.0000000000 1.0000000000 1.0000000000
2 2.0000000000 2.0000000000 2.0000000000 2.0000000000
4 3.0000000000 3.0000000000 3.0000000000 3.0000000000
26 4.0000000000 4.0000000000 4.0000000000 4.0000000000
48 6.0000000000 6.0000000000 6.0000000000 6.0000000000
87 7.0000000000 7.0000000000 7.0000000000 7.0000000000
162 12.0000000000 12.0000000000 12.0000000000 12.0000000000
19747 15.0000000000 15.0000000000 15.0000000000 15.0000000000
100000 1.0000000000 15.0000000000 1.0000000000 15.0000000000
"function evaluation" "current f(x)" "best-so-far f(x)" "current af(x)+b" "best af(x)+b"
1 0.0000000000 0.0000000000 0.0000000000 0.0000000000
2 1.0000000000 1.0000000000 1.0000000000 1.0000000000
15 3.0000000000 3.0000000000 3.0000000000 3.0000000000
22 5.0000000000 5.0000000000 5.0000000000 5.0000000000
96 10.0000000000 10.0000000000 10.0000000000 10.0000000000
562 11.0000000000 11.0000000000 11.0000000000 11.0000000000
3194 13.0000000000 13.0000000000 13.0000000000 13.0000000000
18529 15.0000000000 15.0000000000 15.0000000000 15.0000000000
100000 5.0000000000 15.0000000000 5.0000000000 15.0000000000
"function evaluation" "current f(x)" "best-so-far f(x)" "current af(x)+b" "best af(x)+b"
1 2.0000000000 2.0000000000 2.0000000000 2.0000000000
5 3.0000000000 3.0000000000 3.0000000000 3.0000000000
39 7.0000000000 7.0000000000 7.0000000000 7.0000000000
394 10.0000000000 10.0000000000 10.0000000000 10.0000000000
566 11.0000000000 11.0000000000 11.0000000000 11.0000000000
5469 15.0000000000 15.0000000000 15.0000000000 15.0000000000
33129 16.0000000000 16.0000000000 16.0000000000 16.0000000000
100000 7.0000000000 16.0000000000 7.0000000000 16.0000000000
"function evaluation" "current f(x)" "best-so-far f(x)" "current af(x)+b" "best af(x)+b"
1 1.0000000000 1.0000000000 1.0000000000 1.0000000000
2 7.0000000000 7.0000000000 7.0000000000 7.0000000000
231 8.0000000000 8.0000000000 8.0000000000 8.0000000000
800 10.0000000000 10.0000000000 10.0000000000 10.0000000000
1311 11.0000000000 11.0000000000 11.0000000000 11.0000000000
5180 14.0000000000 14.0000000000 14.0000000000 14.0000000000
10412 15.0000000000 15.0000000000 15.0000000000 15.0000000000
90282 17.0000000000 17.0000000000 17.0000000000 17.0000000000
100000 1.0000000000 17.0000000000 1.0000000000 17.0000000000
"function evaluation" "current f(x)" "best-so-far f(x)" "current af(x)+b" "best af(x)+b"
1 1.0000000000 1.0000000000 1.0000000000 1.0000000000
6 3.0000000000 3.0000000000 3.0000000000 3.0000000000
7 4.0000000000 4.0000000000 4.0000000000 4.0000000000
37 5.0000000000 5.0000000000 5.0000000000 5.0000000000
67 6.0000000000 6.0000000000 6.0000000000 6.0000000000
152 7.0000000000 7.0000000000 7.0000000000 7.0000000000
336 8.0000000000 8.0000000000 8.0000000000 8.0000000000
397 9.0000000000 9.0000000000 9.0000000000 9.0000000000
2255 10.0000000000 10.0000000000 10.0000000000 10.0000000000
2504 11.0000000000 11.0000000000 11.0000000000 11.0000000000
6379 15.0000000000 15.0000000000 15.0000000000 15.0000000000
17616 16.0000000000 16.0000000000 16.0000000000 16.0000000000
100000 0.0000000000 16.0000000000 0.0000000000 16.0000000000
