"function evaluation" "current f(x)" "best-so-far f(x)" "current af(x)+b" "best af(x)+b"
1 -0.5227245914 -0.5227245914 -0.5227245914 -0.5227245914
2 -0.5180983966 -0.5180983966 -0.5180983966 -0.5180983966
3 -0.5154442666 -0.5154442666 -0.5154442666 -0.5154442666
4 -0.5090666233 -0.5090666233 -0.5090666233 -0.5090666233
5 -0.5081147250 -0.5081147250 -0.5081147250 -0.5081147250
7 -0.5031607365 -0.5031607365 -0.5031607365 -0.5031607365
10 -0.5015068037 -0.5015068037 -0.5015068037 -0.5015068037
11 -0.4948164893 -0.4948164893 -0.4948164893 -0.4948164893
14 -0.4925585594 -0.4925585594 -0.4925585594 -0.4925585594
16 -0.4871377284 -0.4871377284 -0.4871377284 -0.4871377284
22 -0.4747023602 -0.4747023602 -0.4747023602 -0.4747023602
24 -0.4706370953 -0.4706370953 -0.4706370953 -0.4706370953
26 -0.4680750201 -0.4680750201 -0.4680750201 -0.4680750201
27 -0.4663927952 -0.4663927952 -0.4663927952 -0.4663927952
30 -0.4656517778 -0.4656517778 -0.4656517778 -0.4656517778
36 -0.4622114886 -0.4622114886 -0.4622114886 -0.4622114886
37 -0.4603036486 -0.4603036486 -0.4603036486 -0.4603036486
38 -0.4543114397 -0.4543114397 -0.4543114397 -0.4543114397
41 -0.4431656508 -0.4431656508 -0.4431656508 -0.4431656508
47 -0.4368488173 -0.4368488173 -0.4368488173 -0.4368488173
51 -0.4337814843 -0.4337814843 -0.4337814843 -0.4337814843
56 -0.4255321042 -0.4255321042 -0.4255321042 -0.4255321042
58 -0.4117305253 -0.4117305253 -0.4117305253 -0.4117305253
59 -0.4087640986 -0.4087640986 -0.4087640986 -0.4087640986
61 -0.4082839786 -0.4082839786 -0.4082839786 -0.4082839786
64 -0.4073559837 -0.4073559837 -0.4073559837 -0.4073559837
77 -0.4050765353 -0.4050765353 -0.4050765353 -0.4050765353
81 -0.4024131597 -0.4024131597 -0.4024131597 -0.4024131597
82 -0.3955693528 -0.3955693528 -0.3955693528 -0.3955693528
86 -0.3925216878 -0.3925216878 -0.3925216878 -0.3925216878
87 -0.3917198468 -0.3917198468 -0.3917198468 -0.3917198468
92 -0.3893928693 -0.3893928693 -0.3893928693 -0.3893928693
95 -0.3846390784 -0.3846390784 -0.3846390784 -0.3846390784
102 -0.3741160799 -0.3741160799 -0.3741160799 -0.3741160799
106 -0.3700629988 -0.3700629988 -0.3700629988 -0.3700629988
125 -0.3700546137 -0.3700546137 -0.3700546137 -0.3700546137
127 -0.3690456018 -0.3690456018 -0.3690456018 -0.3690456018
139 -0.3591273033 -0.3591273033 -0.3591273033 -0.3591273033
143 -0.3587793463 -0.3587793463 -0.3587793463 -0.3587793463
160 -0.3582094623 -0.3582094623 -0.3582094623 -0.3582094623
166 -0.3532561998 -0.3532561998 -0.3532561998 -0.3532561998
177 -0.3470915381 -0.3470915381 -0.3470915381 -0.3470915381
183 -0.3427698065 -0.3427698065 -0.3427698065 -0.3427698065
184 -0.3336982609 -0.3336982609 -0.3336982609 -0.3336982609
194 -0.3239778241 -0.3239778241 -0.3239778241 -0.3239778241
216 -0.3216137367 -0.3216137367 -0.3216137367 -0.3216137367
251 -0.3209971545 -0.3209971545 -0.3209971545 -0.3209971545
267 -0.3186368243 -0.3186368243 -0.3186368243 -0.3186368243
358 -0.3163290739 -0.3163290739 -0.3163290739 -0.3163290739
416 -0.3150987837 -0.3150987837 -0.3150987837 -0.3150987837
499 -0.3074195916 -0.3074195916 -0.3074195916 -0.3074195916
100001 -0.3208505559 -0.3074195916 -0.3208505559 -0.3074195916
"function evaluation" "current f(x)" "best-so-far f(x)" "current af(x)+b" "best af(x)+b"
1 -0.5036914379 -0.5036914379 -0.5036914379 -0.5036914379
3 -0.5007076383 -0.5007076383 -0.5007076383 -0.5007076383
4 -0.4919529038 -0.4919529038 -0.4919529038 -0.4919529038
8 -0.4892866204 -0.4892866204 -0.4892866204 -0.4892866204
9 -0.4885085289 -0.4885085289 -0.4885085289 -0.4885085289
11 -0.4882024020 -0.4882024020 -0.4882024020 -0.4882024020
12 -0.4858397811 -0.4858397811 -0.4858397811 -0.4858397811
14 -0.4809949265 -0.4809949265 -0.4809949265 -0.4809949265
21 -0.4789318935 -0.4789318935 -0.4789318935 -0.4789318935
25 -0.4774009171 -0.4774009171 -0.4774009171 -0.4774009171
27 -0.4727687176 -0.4727687176 -0.4727687176 -0.4727687176
28 -0.4649212057 -0.4649212057 -0.4649212057 -0.4649212057
32 -0.4642576004 -0.4642576004 -0.4642576004 -0.4642576004
36 -0.4627836058 -0.4627836058 -0.4627836058 -0.4627836058
37 -0.4623034858 -0.4623034858 -0.4623034858 -0.4623034858
39 -0.4543241503 -0.4543241503 -0.4543241503 -0.4543241503
43 -0.4368808931 -0.4368808931 -0.4368808931 -0.4368808931
46 -0.4263922110 -0.4263922110 -0.4263922110 -0.4263922110
47 -0.4229294523 -0.4229294523 -0.4229294523 -0.4229294523
56 -0.4194891631 -0.4194891631 -0.4194891631 -0.4194891631
65 -0.4186873221 -0.4186873221 -0.4186873221 -0.4186873221
66 -0.4165745712 -0.4165745712 -0.4165745712 -0.4165745712
70 -0.4093247623 -0.4093247623 -0.4093247623 -0.4093247623
73 -0.4031945599 -0.4031945599 -0.4031945599 -0.4031945599
76 -0.3994304670 -0.3994304670 -0.3994304670 -0.3994304670
78 -0.3897100302 -0.3897100302 -0.3897100302 -0.3897100302
83 -0.3850838354 -0.3850838354 -0.3850838354 -0.3850838354
88 -0.3791561133 -0.3791561133 -0.3791561133 -0.3791561133
91 -0.3729914516 -0.3729914516 -0.3729914516 -0.3729914516
100 -0.3717306556 -0.3717306556 -0.3717306556 -0.3717306556
105 -0.3684804347 -0.3684804347 -0.3684804347 -0.3684804347
106 -0.3641284535 -0.3641284535 -0.3641284535 -0.3641284535
107 -0.3582013386 -0.3582013386 -0.3582013386 -0.3582013386
114 -0.3479664522 -0.3479664522 -0.3479664522 -0.3479664522
116 -0.3456061220 -0.3456061220 -0.3456061220 -0.3456061220
121 -0.3376864418 -0.3376864418 -0.3376864418 -0.3376864418
181 -0.3339649782 -0.3339649782 -0.3339649782 -0.3339649782
196 -0.3332239609 -0.3332239609 -0.3332239609 -0.3332239609
198 -0.3256860592 -0.3256860592 -0.3256860592 -0.3256860592
209 -0.3256289964 -0.3256289964 -0.3256289964 -0.3256289964
241 -0.3254368150 -0.3254368150 -0.3254368150 -0.3254368150
295 -0.3202873373 -0.3202873373 -0.3202873373 -0.3202873373
100001 -0.3268126076 -0.3202873373 -0.3268126076 -0.3202873373
"function evaluation" "current f(x)" "best-so-far f(x)" "current af(x)+b" "best af(x)+b"
1 -0.5386716876 -0.5386716876 -0.5386716876 -0.5386716876
5 -0.5374108916 -0.5374108916 -0.5374108916 -0.5374108916
9 -0.5351031411 -0.5351031411 -0.5351031411 -0.5351031411
12 -0.5302582864 -0.5302582864 -0.5302582864 -0.5302582864
14 -0.5143656822 -0.5143656822 -0.5143656822 -0.5143656822
15 -0.5046452453 -0.5046452453 -0.5046452453 -0.5046452453
17 -0.5045958586 -0.5045958586 -0.5045958586 -0.5045958586
18 -0.4905116258 -0.4905116258 -0.4905116258 -0.4905116258
19 -0.4881701704 -0.4881701704 -0.4881701704 -0.4881701704
23 -0.4806322687 -0.4806322687 -0.4806322687 -0.4806322687
26 -0.4796232569 -0.4796232569 -0.4796232569 -0.4796232569
27 -0.4786961142 -0.4786961142 -0.4786961142 -0.4786961142
30 -0.4708471793 -0.4708471793 -0.4708471793 -0.4708471793
31 -0.4670276220 -0.4670276220 -0.4670276220 -0.4670276220
32 -0.4668606432 -0.4668606432 -0.4668606432 -0.4668606432
33 -0.4662070782 -0.4662070782 -0.4662070782 -0.4662070782
38 -0.4553893780 -0.4553893780 -0.4553893780 -0.4553893780
46 -0.4519266193 -0.4519266193 -0.4519266193 -0.4519266193
51 -0.4493774329 -0.4493774329 -0.4493774329 -0.4493774329
54 -0.4446825053 -0.4446825053 -0.4446825053 -0.4446825053
55 -0.4404761607 -0.4404761607 -0.4404761607 -0.4404761607
64 -0.4345490458 -0.4345490458 -0.4345490458 -0.4345490458
68 -0.4248357889 -0.4248357889 -0.4248357889 -0.4248357889
70 -0.4211143253 -0.4211143253 -0.4211143253 -0.4211143253
74 -0.4148790906 -0.4148790906 -0.4148790906 -0.4148790906
80 -0.4082268653 -0.4082268653 -0.4082268653 -0.4082268653
84 -0.3941493723 -0.3941493723 -0.3941493723 -0.3941493723
89 -0.3936743490 -0.3936743490 -0.3936743490 -0.3936743490
96 -0.3917666919 -0.3917666919 -0.3917666919 -0.3917666919
101 -0.3867550643 -0.3867550643 -0.3867550643 -0.3867550643
102 -0.3867466792 -0.3867466792 -0.3867466792 -0.3867466792
103 -0.3787241326 -0.3787241326 -0.3787241326 -0.3787241326
105 -0.3776761714 -0.3776761714 -0.3776761714 -0.3776761714
111 -0.3757307802 -0.3757307802 -0.3757307802 -0.3757307802
115 -0.3722532889 -0.3722532889 -0.3722532889 -0.3722532889
129 -0.3719217148 -0.3719217148 -0.3719217148 -0.3719217148
141 -0.3675774943 -0.3675774943 -0.3675774943 -0.3675774943
160 -0.3649233643 -0.3649233643 -0.3649233643 -0.3649233643
164 -0.3605581785 -0.3605581785 -0.3605581785 -0.3605581785
168 -0.3565050975 -0.3565050975 -0.3565050975 -0.3565050975
187 -0.3562981879 -0.3562981879 -0.3562981879 -0.3562981879
191 -0.3558180679 -0.3558180679 -0.3558180679 -0.3558180679
212 -0.3440259131 -0.3440259131 -0.3440259131 -0.3440259131
214 -0.3416618257 -0.3416618257 -0.3416618257 -0.3416618257
241 -0.3386141608 -0.3386141608 -0.3386141608 -0.3386141608
245 -0.3373736272 -0.3373736272 -0.3373736272 -0.3373736272
253 -0.3316711430 -0.3316711430 -0.3316711430 -0.3316711430
254 -0.3263119472 -0.3263119472 -0.3263119472 -0.3263119472
265 -0.3256953650 -0.3256953650 -0.3256953650 -0.3256953650
296 -0.3244650748 -0.3244650748 -0.3244650748 -0.3244650748
314 -0.3232726447 -0.3232726447 -0.3232726447 -0.3232726447
424 -0.3170684860 -0.3170684860 -0.3170684860 -0.3170684860
457 -0.3148633715 -0.3148633715 -0.3148633715 -0.3148633715
100001 -0.3155594224 -0.3148633715 -0.3155594224 -0.3148633715
"function evaluation" "current f(x)" "best-so-far f(x)" "current af(x)+b" "best af(x)+b"
1 -0.5437794524 -0.5437794524 -0.5437794524 -0.5437794524
2 -0.5414153651 -0.5414153651 -0.5414153651 -0.5414153651
3 -0.5401748315 -0.5401748315 -0.5401748315 -0.5401748315
4 -0.5283664476 -0.5283664476 -0.5283664476 -0.5283664476
8 -0.5205175128 -0.5205175128 -0.5205175128 -0.5205175128
9 -0.5188066173 -0.5188066173 -0.5188066173 -0.5188066173
10 -0.5148559988 -0.5148559988 -0.5148559988 -0.5148559988
11 -0.5056211115 -0.5056211115 -0.5056211115 -0.5056211115
15 -0.4990877083 -0.4990877083 -0.4990877083 -0.4990877083
17 -0.4983916575 -0.4983916575 -0.4983916575 -0.4983916575
18 -0.4958295823 -0.4958295823 -0.4958295823 -0.4958295823
20 -0.4923668236 -0.4923668236 -0.4923668236 -0.4923668236
21 -0.4893191587 -0.4893191587 -0.4893191587 -0.4893191587
22 -0.4831149999 -0.4831149999 -0.4831149999 -0.4831149999
24 -0.4696840356 -0.4696840356 -0.4696840356 -0.4696840356
30 -0.4673237054 -0.4673237054 -0.4673237054 -0.4673237054
31 -0.4625893128 -0.4625893128 -0.4625893128 -0.4625893128
33 -0.4591118215 -0.4591118215 -0.4591118215 -0.4591118215
34 -0.4530804141 -0.4530804141 -0.4530804141 -0.4530804141
35 -0.4501471714 -0.4501471714 -0.4501471714 -0.4501471714
36 -0.4395733333 -0.4395733333 -0.4395733333 -0.4395733333
47 -0.4390932133 -0.4390932133 -0.4390932133 -0.4390932133
48 -0.4221487940 -0.4221487940 -0.4221487940 -0.4221487940
51 -0.4202777748 -0.4202777748 -0.4202777748 -0.4202777748
53 -0.4122813418 -0.4122813418 -0.4122813418 -0.4122813418
58 -0.4112803014 -0.4112803014 -0.4112803014 -0.4112803014
59 -0.4065853739 -0.4065853739 -0.4065853739 -0.4065853739
64 -0.3957676737 -0.3957676737 -0.3957676737 -0.3957676737
80 -0.3951510914 -0.3951510914 -0.3951510914 -0.3951510914
82 -0.3909775717 -0.3909775717 -0.3909775717 -0.3909775717
83 -0.3858191929 -0.3858191929 -0.3858191929 -0.3858191929
89 -0.3839950527 -0.3839950527 -0.3839950527 -0.3839950527
97 -0.3757161381 -0.3757161381 -0.3757161381 -0.3757161381
106 -0.3753920998 -0.3753920998 -0.3753920998 -0.3753920998
115 -0.3727379698 -0.3727379698 -0.3727379698 -0.3727379698
120 -0.3692976806 -0.3692976806 -0.3692976806 -0.3692976806
122 -0.3664759152 -0.3664759152 -0.3664759152 -0.3664759152
124 -0.3624228342 -0.3624228342 -0.3624228342 -0.3624228342
150 -0.3624144490 -0.3624144490 -0.3624144490 -0.3624144490
155 -0.3580492633 -0.3580492633 -0.3580492633 -0.3580492633
161 -0.3462571085 -0.3462571085 -0.3462571085 -0.3462571085
176 -0.3461307030 -0.3461307030 -0.3461307030 -0.3461307030
186 -0.3434644197 -0.3434644197 -0.3434644197 -0.3434644197
188 -0.3427021219 -0.3427021219 -0.3427021219 -0.3427021219
199 -0.3381882343 -0.3381882343 -0.3381882343 -0.3381882343
217 -0.3339818897 -0.3339818897 -0.3339818897 -0.3339818897
221 -0.3266048723 -0.3266048723 -0.3266048723 -0.3266048723
301 -0.3250484863 -0.3250484863 -0.3250484863 -0.3250484863
389 -0.3237876902 -0.3237876902 -0.3237876902 -0.3237876902
394 -0.3227786784 -0.3227786784 -0.3227786784 -0.3227786784
420 -0.3215483882 -0.3215483882 -0.3215483882 -0.3215483882
507 -0.3135690528 -0.3135690528 -0.3135690528 -0.3135690528
523 -0.3127909612 -0.3127909612 -0.3127909612 -0.3127909612
556 -0.3074713254 -0.3074713254 -0.3074713254 -0.3074713254
100001 -0.3148657961 -0.3074713254 -0.3148657961 -0.3074713254
"function evaluation" "current f(x)" "best-so-far f(x)" "current af(x)+b" "best af(x)+b"
1 -0.5191296057 -0.5191296057 -0.5191296057 -0.5191296057
3 -0.5110363197 -0.5110363197 -0.5110363197 -0.5110363197
5 -0.5106944906 -0.5106944906 -0.5106944906 -0.5106944906
8 -0.5067446021 -0.5067446021 -0.5067446021 -0.5067446021
9 -0.5021141200 -0.5021141200 -0.5021141200 -0.5021141200
11 -0.4958254215 -0.4958254215 -0.4958254215 -0.4958254215
13 -0.4911992268 -0.4911992268 -0.4911992268 -0.4911992268
14 -0.4845539015 -0.4845539015 -0.4845539015 -0.4845539015
15 -0.4791308592 -0.4791308592 -0.4791308592 -0.4791308592
16 -0.4790814725 -0.4790814725 -0.4790814725 -0.4790814725
19 -0.4731543576 -0.4731543576 -0.4731543576 -0.4731543576
23 -0.4713829786 -0.4713829786 -0.4713829786 -0.4713829786
24 -0.4641625321 -0.4641625321 -0.4641625321 -0.4641625321
30 -0.4629701020 -0.4629701020 -0.4629701020 -0.4629701020
36 -0.4599863025 -0.4599863025 -0.4599863025 -0.4599863025
37 -0.4491686023 -0.4491686023 -0.4491686023 -0.4491686023
39 -0.4471055694 -0.4471055694 -0.4471055694 -0.4471055694
41 -0.4375856185 -0.4375856185 -0.4375856185 -0.4375856185
42 -0.4336769540 -0.4336769540 -0.4336769540 -0.4336769540
45 -0.4317053030 -0.4317053030 -0.4317053030 -0.4317053030
49 -0.4275709707 -0.4275709707 -0.4275709707 -0.4275709707
50 -0.4169747569 -0.4169747569 -0.4169747569 -0.4169747569
51 -0.4161538019 -0.4161538019 -0.4161538019 -0.4161538019
53 -0.4094554387 -0.4094554387 -0.4094554387 -0.4094554387
66 -0.4091238647 -0.4091238647 -0.4091238647 -0.4091238647
73 -0.4078935745 -0.4078935745 -0.4078935745 -0.4078935745
78 -0.4025343788 -0.4025343788 -0.4025343788 -0.4025343788
86 -0.4025259936 -0.4025259936 -0.4025259936 -0.4025259936
88 -0.4002665341 -0.4002665341 -0.4002665341 -0.4002665341
97 -0.3963818535 -0.3963818535 -0.3963818535 -0.3963818535
130 -0.3909536659 -0.3909536659 -0.3909536659 -0.3909536659
132 -0.3902576151 -0.3902576151 -0.3902576151 -0.3902576151
145 -0.3761801221 -0.3761801221 -0.3761801221 -0.3761801221
159 -0.3683673042 -0.3683673042 -0.3683673042 -0.3683673042
168 -0.3640021185 -0.3640021185 -0.3640021185 -0.3640021185
171 -0.3591905870 -0.3591905870 -0.3591905870 -0.3591905870
174 -0.3551375060 -0.3551375060 -0.3551375060 -0.3551375060
194 -0.3443748409 -0.3443748409 -0.3443748409 -0.3443748409
209 -0.3425038216 -0.3425038216 -0.3425038216 -0.3425038216
220 -0.3401768441 -0.3401768441 -0.3401768441 -0.3401768441
221 -0.3358551125 -0.3358551125 -0.3358551125 -0.3358551125
275 -0.3259368140 -0.3259368140 -0.3259368140 -0.3259368140
296 -0.3222153504 -0.3222153504 -0.3222153504 -0.3222153504
341 -0.3214372588 -0.3214372588 -0.3214372588 -0.3214372588
100001 -0.3220142917 -0.3214372588 -0.3220142917 -0.3214372588
"function evaluation" "current f(x)" "best-so-far f(x)" "current af(x)+b" "best af(x)+b"
1 -0.5378728191 -0.5378728191 -0.5378728191 -0.5378728191
2 -0.5305903366 -0.5305903366 -0.5305903366 -0.5305903366
5 -0.5295858527 -0.5295858527 -0.5295858527 -0.5295858527
9 -0.5244363750 -0.5244363750 -0.5244363750 -0.5244363750
10 -0.5194251512 -0.5194251512 -0.5194251512 -0.5194251512
13 -0.5155291250 -0.5155291250 -0.5155291250 -0.5155291250
15 -0.5146011301 -0.5146011301 -0.5146011301 -0.5146011301
16 -0.5126934730 -0.5126934730 -0.5126934730 -0.5126934730
18 -0.5080672782 -0.5080672782 -0.5080672782 -0.5080672782
21 -0.5003880861 -0.5003880861 -0.5003880861 -0.5003880861
22 -0.4997345210 -0.4997345210 -0.4997345210 -0.4997345210
23 -0.4947805325 -0.4947805325 -0.4947805325 -0.4947805325
25 -0.4921264025 -0.4921264025 -0.4921264025 -0.4921264025
26 -0.4876303911 -0.4876303911 -0.4876303911 -0.4876303911
27 -0.4826988925 -0.4826988925 -0.4826988925 -0.4826988925
28 -0.4780684104 -0.4780684104 -0.4780684104 -0.4780684104
30 -0.4706739397 -0.4706739397 -0.4706739397 -0.4706739397
36 -0.4632452031 -0.4632452031 -0.4632452031 -0.4632452031
39 -0.4570099683 -0.4570099683 -0.4570099683 -0.4570099683
41 -0.4568426410 -0.4568426410 -0.4568426410 -0.4568426410
44 -0.4545631926 -0.4545631926 -0.4545631926 -0.4545631926
47 -0.4427710378 -0.4427710378 -0.4427710378 -0.4427710378
50 -0.4334413101 -0.4334413101 -0.4334413101 -0.4334413101
51 -0.4228450963 -0.4228450963 -0.4228450963 -0.4228450963
54 -0.4180913054 -0.4180913054 -0.4180913054 -0.4180913054
56 -0.4100687589 -0.4100687589 -0.4100687589 -0.4100687589
57 -0.3910611389 -0.3910611389 -0.3910611389 -0.3910611389
70 -0.3875983802 -0.3875983802 -0.3875983802 -0.3875983802
72 -0.3819241055 -0.3819241055 -0.3819241055 -0.3819241055
75 -0.3795600181 -0.3795600181 -0.3795600181 -0.3795600181
79 -0.3792359799 -0.3792359799 -0.3792359799 -0.3792359799
80 -0.3695155431 -0.3695155431 -0.3695155431 -0.3695155431
93 -0.3681686023 -0.3681686023 -0.3681686023 -0.3681686023
95 -0.3621230727 -0.3621230727 -0.3621230727 -0.3621230727
106 -0.3570622908 -0.3570622908 -0.3570622908 -0.3570622908
121 -0.3530092097 -0.3530092097 -0.3530092097 -0.3530092097
123 -0.3526776357 -0.3526776357 -0.3526776357 -0.3526776357
125 -0.3459792725 -0.3459792725 -0.3459792725 -0.3459792725
137 -0.3445052779 -0.3445052779 -0.3445052779 -0.3445052779
141 -0.3333594890 -0.3333594890 -0.3333594890 -0.3333594890
145 -0.3325971913 -0.3325971913 -0.3325971913 -0.3325971913
155 -0.3221085091 -0.3221085091 -0.3221085091 -0.3221085091
181 -0.3214919269 -0.3214919269 -0.3214919269 -0.3214919269
200 -0.3202388233 -0.3202388233 -0.3202388233 -0.3202388233
394 -0.3197587033 -0.3197587033 -0.3197587033 -0.3197587033
405 -0.3140606642 -0.3140606642 -0.3140606642 -0.3140606642
100001 -0.3141177270 -0.3140606642 -0.3141177270 -0.3140606642
"function evaluation" "current f(x)" "best-so-far f(x)" "current af(x)+b" "best af(x)+b"
1 -0.4974618292 -0.4974618292 -0.4974618292 -0.4974618292
3 -0.4920387869 -0.4920387869 -0.4920387869 -0.4920387869
5 -0.4873438593 -0.4873438593 -0.4873438593 -0.4873438593
9 -0.4860723510 -0.4860723510 -0.4860723510 -0.4860723510
10 -0.4855024671 -0.4855024671 -0.4855024671 -0.4855024671
13 -0.4749286289 -0.4749286289 -0.4749286289 -0.4749286289
18 -0.4740067413 -0.4740067413 -0.4740067413 -0.4740067413
21 -0.4722353623 -0.4722353623 -0.4722353623 -0.4722353623
22 -0.4596452264 -0.4596452264 -0.4596452264 -0.4596452264
23 -0.4562179418 -0.4562179418 -0.4562179418 -0.4562179418
26 -0.4484051239 -0.4484051239 -0.4484051239 -0.4484051239
27 -0.4374530334 -0.4374530334 -0.4374530334 -0.4374530334
28 -0.4294902297 -0.4294902297 -0.4294902297 -0.4294902297
30 -0.4272322998 -0.4272322998 -0.4272322998 -0.4272322998
33 -0.4237920106 -0.4237920106 -0.4237920106 -0.4237920106
34 -0.4203124561 -0.4203124561 -0.4203124561 -0.4203124561
35 -0.4156517409 -0.4156517409 -0.4156517409 -0.4156517409
37 -0.4084019319 -0.4084019319 -0.4084019319 -0.4084019319
41 -0.4023608146 -0.4023608146 -0.4023608146 -0.4023608146
43 -0.4011683845 -0.4011683845 -0.4011683845 -0.4011683845
49 -0.3926543621 -0.3926543621 -0.3926543621 -0.3926543621
50 -0.3869367248 -0.3869367248 -0.3869367248 -0.3869367248
59 -0.3831171674 -0.3831171674 -0.3831171674 -0.3831171674
68 -0.3788198751 -0.3788198751 -0.3788198751 -0.3788198751
76 -0.3694901473 -0.3694901473 -0.3694901473 -0.3694901473
91 -0.3645586488 -0.3645586488 -0.3645586488 -0.3645586488
94 -0.3583544900 -0.3583544900 -0.3583544900 -0.3583544900
98 -0.3526564510 -0.3526564510 -0.3526564510 -0.3526564510
105 -0.3512766579 -0.3512766579 -0.3512766579 -0.3512766579
110 -0.3410995433 -0.3410995433 -0.3410995433 -0.3410995433
122 -0.3397526025 -0.3397526025 -0.3397526025 -0.3397526025
129 -0.3378765640 -0.3378765640 -0.3378765640 -0.3378765640
130 -0.3371142663 -0.3371142663 -0.3371142663 -0.3371142663
150 -0.3363732489 -0.3363732489 -0.3363732489 -0.3363732489
175 -0.3266528121 -0.3266528121 -0.3266528121 -0.3266528121
178 -0.3266444270 -0.3266444270 -0.3266444270 -0.3266444270
233 -0.3205493797 -0.3205493797 -0.3205493797 -0.3205493797
247 -0.3195403679 -0.3195403679 -0.3195403679 -0.3195403679
250 -0.3182872643 -0.3182872643 -0.3182872643 -0.3182872643
269 -0.3170569741 -0.3170569741 -0.3170569741 -0.3170569741
297 -0.3165768541 -0.3165768541 -0.3165768541 -0.3165768541
100001 -0.3178071443 -0.3165768541 -0.3178071443 -0.3165768541
"function evaluation" "current f(x)" "best-so-far f(x)" "current af(x)+b" "best af(x)+b"
1 -0.5105545312 -0.5105545312 -0.5105545312 -0.5105545312
2 -0.5045231238 -0.5045231238 -0.5045231238 -0.5045231238
6 -0.4992142479 -0.4992142479 -0.4992142479 -0.4992142479
10 -0.4909353332 -0.4909353332 -0.4909353332 -0.4909353332
14 -0.4899834350 -0.4899834350 -0.4899834350 -0.4899834350
21 -0.4885094404 -0.4885094404 -0.4885094404 -0.4885094404
23 -0.4880293204 -0.4880293204 -0.4880293204 -0.4880293204
24 -0.4843427616 -0.4843427616 -0.4843427616 -0.4843427616
25 -0.4816764783 -0.4816764783 -0.4816764783 -0.4816764783
28 -0.4736733329 -0.4736733329 -0.4736733329 -0.4736733329
32 -0.4685716199 -0.4685716199 -0.4685716199 -0.4685716199
35 -0.4622835676 -0.4622835676 -0.4622835676 -0.4622835676
39 -0.4617452827 -0.4617452827 -0.4617452827 -0.4617452827
41 -0.4587614831 -0.4587614831 -0.4587614831 -0.4587614831
46 -0.4514790007 -0.4514790007 -0.4514790007 -0.4514790007
47 -0.4476003712 -0.4476003712 -0.4476003712 -0.4476003712
65 -0.4412835377 -0.4412835377 -0.4412835377 -0.4412835377
66 -0.4394805852 -0.4394805852 -0.4394805852 -0.4394805852
70 -0.4387024936 -0.4387024936 -0.4387024936 -0.4387024936
73 -0.4326569641 -0.4326569641 -0.4326569641 -0.4326569641
74 -0.4300028340 -0.4300028340 -0.4300028340 -0.4300028340
75 -0.4233044708 -0.4233044708 -0.4233044708 -0.4233044708
86 -0.4160546618 -0.4160546618 -0.4160546618 -0.4160546618
90 -0.4116894761 -0.4116894761 -0.4116894761 -0.4116894761
92 -0.4068779447 -0.4068779447 -0.4068779447 -0.4068779447
100 -0.4065463706 -0.4065463706 -0.4065463706 -0.4065463706
103 -0.4032412643 -0.4032412643 -0.4032412643 -0.4032412643
106 -0.3983662579 -0.3983662579 -0.3983662579 -0.3983662579
114 -0.3971072375 -0.3971072375 -0.3971072375 -0.3971072375
118 -0.3950056854 -0.3950056854 -0.3950056854 -0.3950056854
124 -0.3909526043 -0.3909526043 -0.3909526043 -0.3909526043
126 -0.3887474899 -0.3887474899 -0.3887474899 -0.3887474899
131 -0.3878640403 -0.3878640403 -0.3878640403 -0.3878640403
135 -0.3875400021 -0.3875400021 -0.3875400021 -0.3875400021
139 -0.3842052931 -0.3842052931 -0.3842052931 -0.3842052931
150 -0.3763924752 -0.3763924752 -0.3763924752 -0.3763924752
152 -0.3746815797 -0.3746815797 -0.3746815797 -0.3746815797
156 -0.3672871090 -0.3672871090 -0.3672871090 -0.3672871090
158 -0.3632038896 -0.3632038896 -0.3632038896 -0.3632038896
159 -0.3625374132 -0.3625374132 -0.3625374132 -0.3625374132
160 -0.3594266240 -0.3594266240 -0.3594266240 -0.3594266240
170 -0.3584255836 -0.3584255836 -0.3584255836 -0.3584255836
176 -0.3576845662 -0.3576845662 -0.3576845662 -0.3576845662
186 -0.3530523667 -0.3530523667 -0.3530523667 -0.3530523667
187 -0.3495728121 -0.3495728121 -0.3495728121 -0.3495728121
201 -0.3459907340 -0.3459907340 -0.3459907340 -0.3459907340
205 -0.3406315383 -0.3406315383 -0.3406315383 -0.3406315383
207 -0.3383237879 -0.3383237879 -0.3383237879 -0.3383237879
210 -0.3373147760 -0.3373147760 -0.3373147760 -0.3373147760
271 -0.3360844858 -0.3360844858 -0.3360844858 -0.3360844858
329 -0.3272052915 -0.3272052915 -0.3272052915 -0.3272052915
363 -0.3271482286 -0.3271482286 -0.3271482286 -0.3271482286
386 -0.3196272550 -0.3196272550 -0.3196272550 -0.3196272550
100001 -0.3239924407 -0.3196272550 -0.3239924407 -0.3196272550
"function evaluation" "current f(x)" "best-so-far f(x)" "current af(x)+b" "best af(x)+b"
1 -0.5129387137 -0.5129387137 -0.5129387137 -0.5129387137
3 -0.5105972583 -0.5105972583 -0.5105972583 -0.5105972583
4 -0.5002151300 -0.5002151300 -0.5002151300 -0.5002151300
6 -0.4919657499 -0.4919657499 -0.4919657499 -0.4919657499
7 -0.4906415462 -0.4906415462 -0.4906415462 -0.4906415462
8 -0.4889306507 -0.4889306507 -0.4889306507 -0.4889306507
11 -0.4812514586 -0.4812514586 -0.4812514586 -0.4812514586
12 -0.4802424467 -0.4802424467 -0.4802424467 -0.4802424467
14 -0.4790121566 -0.4790121566 -0.4790121566 -0.4790121566
16 -0.4743816745 -0.4743816745 -0.4743816745 -0.4743816745
17 -0.4665688566 -0.4665688566 -0.4665688566 -0.4665688566
18 -0.4639373263 -0.4639373263 -0.4639373263 -0.4639373263
23 -0.4630093314 -0.4630093314 -0.4630093314 -0.4630093314
24 -0.4611014913 -0.4611014913 -0.4611014913 -0.4611014913
25 -0.4551743764 -0.4551743764 -0.4551743764 -0.4551743764
33 -0.4402755603 -0.4402755603 -0.4402755603 -0.4402755603
35 -0.4392745199 -0.4392745199 -0.4392745199 -0.4392745199
36 -0.4341161411 -0.4341161411 -0.4341161411 -0.4341161411
38 -0.4293046097 -0.4293046097 -0.4293046097 -0.4293046097
47 -0.4267554233 -0.4267554233 -0.4267554233 -0.4267554233
51 -0.4264135942 -0.4264135942 -0.4264135942 -0.4264135942
59 -0.4259334742 -0.4259334742 -0.4259334742 -0.4259334742
60 -0.4194818428 -0.4194818428 -0.4194818428 -0.4194818428
61 -0.4144702152 -0.4144702152 -0.4144702152 -0.4144702152
63 -0.4126460750 -0.4126460750 -0.4126460750 -0.4126460750
64 -0.4077145765 -0.4077145765 -0.4077145765 -0.4077145765
65 -0.4027033526 -0.4027033526 -0.4027033526 -0.4027033526
67 -0.3997195531 -0.3997195531 -0.3997195531 -0.3997195531
73 -0.3995126435 -0.3995126435 -0.3995126435 -0.3995126435
78 -0.3961872861 -0.3961872861 -0.3961872861 -0.3961872861
79 -0.3921220212 -0.3921220212 -0.3921220212 -0.3921220212
83 -0.3882373407 -0.3882373407 -0.3882373407 -0.3882373407
84 -0.3780602261 -0.3780602261 -0.3780602261 -0.3780602261
89 -0.3743387625 -0.3743387625 -0.3743387625 -0.3743387625
91 -0.3719746751 -0.3719746751 -0.3719746751 -0.3719746751
92 -0.3706277344 -0.3706277344 -0.3706277344 -0.3706277344
97 -0.3668314570 -0.3668314570 -0.3668314570 -0.3668314570
99 -0.3637837921 -0.3637837921 -0.3637837921 -0.3637837921
100 -0.3574061488 -0.3574061488 -0.3574061488 -0.3574061488
122 -0.3539433901 -0.3539433901 -0.3539433901 -0.3539433901
129 -0.3421512353 -0.3421512353 -0.3421512353 -0.3421512353
142 -0.3421428501 -0.3421428501 -0.3421428501 -0.3421428501
167 -0.3359386914 -0.3359386914 -0.3359386914 -0.3359386914
309 -0.3332845614 -0.3332845614 -0.3332845614 -0.3332845614
352 -0.3326679791 -0.3326679791 -0.3326679791 -0.3326679791
389 -0.3323618523 -0.3323618523 -0.3323618523 -0.3323618523
393 -0.3285977593 -0.3285977593 -0.3285977593 -0.3285977593
561 -0.3273446558 -0.3273446558 -0.3273446558 -0.3273446558
592 -0.3260240932 -0.3260240932 -0.3260240932 -0.3260240932
100001 -0.3310122896 -0.3260240932 -0.3310122896 -0.3260240932
"function evaluation" "current f(x)" "best-so-far f(x)" "current af(x)+b" "best af(x)+b"
1 -0.5406942303 -0.5406942303 -0.5406942303 -0.5406942303
2 -0.5391378443 -0.5391378443 -0.5391378443 -0.5391378443
4 -0.5311585088 -0.5311585088 -0.5311585088 -0.5311585088
5 -0.5311014460 -0.5311014460 -0.5311014460 -0.5311014460
6 -0.5291936060 -0.5291936060 -0.5291936060 -0.5291936060
10 -0.5184309409 -0.5184309409 -0.5184309409 -0.5184309409
11 -0.5174790426 -0.5174790426 -0.5174790426 -0.5174790426
12 -0.5142288218 -0.5142288218 -0.5142288218 -0.5142288218
13 -0.5092748332 -0.5092748332 -0.5092748332 -0.5092748332
14 -0.5039116838 -0.5039116838 -0.5039116838 -0.5039116838
19 -0.4988491565 -0.4988491565 -0.4988491565 -0.4988491565
20 -0.4943352689 -0.4943352689 -0.4943352689 -0.4943352689
24 -0.4868305153 -0.4868305153 -0.4868305153 -0.4868305153
26 -0.4827652504 -0.4827652504 -0.4827652504 -0.4827652504
27 -0.4773663085 -0.4773663085 -0.4773663085 -0.4773663085
29 -0.4750036876 -0.4750036876 -0.4750036876 -0.4750036876
31 -0.4719109805 -0.4719109805 -0.4719109805 -0.4719109805
33 -0.4681454385 -0.4681454385 -0.4681454385 -0.4681454385
34 -0.4678792987 -0.4678792987 -0.4678792987 -0.4678792987
35 -0.4533114749 -0.4533114749 -0.4533114749 -0.4533114749
42 -0.4454972958 -0.4454972958 -0.4454972958 -0.4454972958
47 -0.4431369656 -0.4431369656 -0.4431369656 -0.4431369656
53 -0.4351405327 -0.4351405327 -0.4351405327 -0.4351405327
55 -0.4268911526 -0.4268911526 -0.4268911526 -0.4268911526
56 -0.4265595786 -0.4265595786 -0.4265595786 -0.4265595786
60 -0.4205184613 -0.4205184613 -0.4205184613 -0.4205184613
63 -0.4163121167 -0.4163121167 -0.4163121167 -0.4163121167
65 -0.4150590131 -0.4150590131 -0.4150590131 -0.4150590131
74 -0.4131879938 -0.4131879938 -0.4131879938 -0.4131879938
77 -0.4020422049 -0.4020422049 -0.4020422049 -0.4020422049
87 -0.4017305299 -0.4017305299 -0.4017305299 -0.4017305299
88 -0.3973653442 -0.3973653442 -0.3973653442 -0.3973653442
89 -0.3968903209 -0.3968903209 -0.3968903209 -0.3968903209
92 -0.3949209797 -0.3949209797 -0.3949209797 -0.3949209797
105 -0.3892260606 -0.3892260606 -0.3892260606 -0.3892260606
107 -0.3882170488 -0.3882170488 -0.3882170488 -0.3882170488
111 -0.3819283503 -0.3819283503 -0.3819283503 -0.3819283503
124 -0.3786232439 -0.3786232439 -0.3786232439 -0.3786232439
125 -0.3688156334 -0.3688156334 -0.3688156334 -0.3688156334
131 -0.3681990512 -0.3681990512 -0.3681990512 -0.3681990512
135 -0.3675030003 -0.3675030003 -0.3675030003 -0.3675030003
142 -0.3662727102 -0.3662727102 -0.3662727102 -0.3662727102
144 -0.3601776629 -0.3601776629 -0.3601776629 -0.3601776629
164 -0.3575891790 -0.3575891790 -0.3575891790 -0.3575891790
181 -0.3571090590 -0.3571090590 -0.3571090590 -0.3571090590
201 -0.3522975276 -0.3522975276 -0.3522975276 -0.3522975276
236 -0.3496433976 -0.3496433976 -0.3496433976 -0.3496433976
248 -0.3449497309 -0.3449497309 -0.3449497309 -0.3449497309
265 -0.3376672484 -0.3376672484 -0.3376672484 -0.3376672484
302 -0.3274901338 -0.3274901338 -0.3274901338 -0.3274901338
315 -0.3268365688 -0.3268365688 -0.3268365688 -0.3268365688
321 -0.3268281836 -0.3268281836 -0.3268281836 -0.3268281836
349 -0.3183141612 -0.3183141612 -0.3183141612 -0.3183141612
673 -0.3148738720 -0.3148738720 -0.3148738720 -0.3148738720
755 -0.3070610542 -0.3070610542 -0.3070610542 -0.3070610542
100001 -0.3132652129 -0.3070610542 -0.3132652129 -0.3070610542
