evaluations raw_y
1 7.4000000000
2 9.2000000000
5 9.4000000000
67 10.2000000000
105 10.4000000000
186 10.4000000000
188 11.2000000000
205 11.4000000000
286 11.4000000000
305 11.6000000000
408 11.8000000000
515 12.0000000000
620 12.2000000000
631 12.2000000000
720 12.4000000000
732 12.4000000000
820 12.6000000000
924 12.8000000000
1026 13.0000000000
1127 13.2000000000
1158 13.2000000000
1227 13.4000000000
1333 13.6000000000
1435 13.8000000000
1548 14.0000000000
1554 14.0000000000
1648 14.2000000000
1751 14.4000000000
1855 14.6000000000
1959 14.8000000000
2062 15.0000000000
2168 15.2000000000
2272 15.4000000000
2373 15.6000000000
2477 15.8000000000
2593 16.0000000000
2694 16.2000000000
2799 16.4000000000
2902 16.6000000000
18402 16.8000000000
39018 17.0000000000
47009 17.0000000000
47112 17.2000000000
47216 17.4000000000
47321 17.6000000000
101346 16.6000000000
evaluations raw_y
1 8.6000000000
226 8.6000000000
304 8.8000000000
385 9.6000000000
404 9.8000000000
488 9.8000000000
504 10.0000000000
605 10.2000000000
707 10.4000000000
818 10.6000000000
828 10.6000000000
918 10.8000000000
1019 11.0000000000
1120 11.2000000000
1178 11.2000000000
1220 11.4000000000
1329 11.6000000000
1341 11.6000000000
1429 11.8000000000
1474 11.8000000000
1529 12.0000000000
1630 12.2000000000
1734 12.4000000000
1743 12.4000000000
1834 12.6000000000
1936 12.8000000000
2045 13.0000000000
2058 13.0000000000
2145 13.2000000000
2246 13.4000000000
2351 13.6000000000
2353 13.6000000000
2451 13.8000000000
2552 14.0000000000
2654 14.2000000000
2756 14.4000000000
2859 14.6000000000
2962 14.8000000000
3064 15.0000000000
3165 15.2000000000
3270 15.4000000000
3372 15.6000000000
3479 15.8000000000
3582 16.0000000000
3689 16.2000000000
3699 16.2000000000
3789 16.4000000000
3890 16.6000000000
4002 16.8000000000
7498 17.0000000000
14997 17.2000000000
15098 17.4000000000
15205 17.6000000000
101840 15.8000000000
evaluations raw_y
1 6.0000000000
2 8.0000000000
236 8.8000000000
306 9.0000000000
358 9.8000000000
375 9.8000000000
406 10.0000000000
458 10.8000000000
502 10.8000000000
506 11.0000000000
558 11.8000000000
606 12.0000000000
644 12.0000000000
706 12.2000000000
787 12.2000000000
806 12.4000000000
895 12.4000000000
906 12.6000000000
1007 12.8000000000
1109 13.0000000000
1226 13.2000000000
1328 13.4000000000
1345 13.4000000000
1428 13.6000000000
1529 13.8000000000
1631 14.0000000000
1733 14.2000000000
1847 14.4000000000
1949 14.6000000000
2051 14.8000000000
2152 15.0000000000
2260 15.2000000000
2361 15.4000000000
2466 15.6000000000
2567 15.8000000000
2670 16.0000000000
2774 16.2000000000
2881 16.4000000000
2984 16.6000000000
3090 16.8000000000
3194 17.0000000000
3296 17.2000000000
3398 17.4000000000
13893 17.4000000000
14009 17.6000000000
101443 15.6000000000
evaluations raw_y
1 7.0000000000
2 8.2000000000
5 8.4000000000
29 8.4000000000
59 9.2000000000
105 9.4000000000
178 9.4000000000
187 10.2000000000
205 10.4000000000
278 10.4000000000
305 10.6000000000
394 10.6000000000
405 10.8000000000
506 11.0000000000
609 11.2000000000
675 11.2000000000
709 11.4000000000
810 11.6000000000
912 11.8000000000
1016 12.0000000000
1118 12.2000000000
1221 12.4000000000
1322 12.6000000000
1325 12.6000000000
1422 12.8000000000
1527 13.0000000000
1629 13.2000000000
1637 13.2000000000
1729 13.4000000000
1739 13.4000000000
1829 13.6000000000
1931 13.8000000000
2045 14.0000000000
2147 14.2000000000
2254 14.4000000000
2356 14.6000000000
2463 14.8000000000
2566 15.0000000000
2680 15.2000000000
2782 15.4000000000
2888 15.6000000000
2990 15.8000000000
3095 16.0000000000
3100 16.0000000000
3195 16.2000000000
3297 16.4000000000
3401 16.6000000000
6581 16.6000000000
6691 16.8000000000
6793 17.0000000000
41910 17.0000000000
53516 17.2000000000
53621 17.4000000000
100239 16.4000000000
evaluations raw_y
1 6.2000000000
2 7.4000000000
152 7.6000000000
205 7.8000000000
259 8.6000000000
305 8.8000000000
384 9.6000000000
405 9.8000000000
491 10.6000000000
505 10.8000000000
597 10.8000000000
600 11.6000000000
605 11.8000000000
697 11.8000000000
705 12.0000000000
814 12.2000000000
834 12.2000000000
914 12.4000000000
945 12.4000000000
1014 12.6000000000
1054 12.6000000000
1074 12.6000000000
1114 12.8000000000
1154 12.8000000000
1214 13.0000000000
1271 13.0000000000
1314 13.2000000000
1418 13.4000000000
1519 13.6000000000
1621 13.8000000000
1722 14.0000000000
1824 14.2000000000
1926 14.4000000000
1955 14.4000000000
2026 14.6000000000
2128 14.8000000000
2235 15.0000000000
2258 15.0000000000
2335 15.2000000000
2438 15.4000000000
2540 15.6000000000
2643 15.8000000000
2765 16.0000000000
2868 16.2000000000
2972 16.4000000000
3073 16.6000000000
3176 16.8000000000
3278 17.0000000000
3379 17.2000000000
3481 17.4000000000
102840 16.8000000000
evaluations raw_y
1 6.0000000000
5 6.2000000000
21 7.0000000000
105 7.2000000000
140 8.0000000000
150 8.0000000000
205 8.2000000000
240 9.0000000000
305 9.2000000000
365 10.0000000000
405 10.2000000000
477 11.0000000000
505 11.2000000000
579 12.0000000000
605 12.2000000000
683 12.2000000000
705 12.4000000000
792 12.4000000000
805 12.6000000000
902 12.6000000000
905 12.8000000000
1007 13.0000000000
1070 13.0000000000
1107 13.2000000000
1209 13.4000000000
1311 13.6000000000
1314 13.6000000000
1411 13.8000000000
1512 14.0000000000
1615 14.2000000000
1723 14.4000000000
1758 14.4000000000
1823 14.6000000000
1926 14.8000000000
2034 15.0000000000
2053 15.0000000000
2134 15.2000000000
2236 15.4000000000
2243 15.4000000000
2336 15.6000000000
2437 15.8000000000
2555 16.0000000000
2657 16.2000000000
2759 16.4000000000
2861 16.6000000000
2971 16.8000000000
3072 17.0000000000
3185 17.2000000000
3287 17.4000000000
101246 16.6000000000
evaluations raw_y
1 7.4000000000
332 7.4000000000
407 7.6000000000
433 7.6000000000
507 7.8000000000
534 7.8000000000
607 8.0000000000
635 8.0000000000
707 8.2000000000
749 8.2000000000
807 8.4000000000
899 8.4000000000
907 8.6000000000
1008 8.8000000000
1111 9.0000000000
1190 9.0000000000
1211 9.2000000000
1312 9.4000000000
1414 9.6000000000
1516 9.8000000000
1622 10.0000000000
1723 10.2000000000
1825 10.4000000000
1926 10.6000000000
2040 10.8000000000
2068 10.8000000000
2140 11.0000000000
2241 11.2000000000
2344 11.4000000000
2364 11.4000000000
2444 11.6000000000
2547 11.8000000000
2650 12.0000000000
2653 12.0000000000
2750 12.2000000000
2851 12.4000000000
2956 12.6000000000
3057 12.8000000000
3158 13.0000000000
3259 13.2000000000
3369 13.4000000000
3471 13.6000000000
3574 13.8000000000
3675 14.0000000000
3779 14.2000000000
3880 14.4000000000
3986 14.6000000000
4087 14.8000000000
4191 15.0000000000
4292 15.2000000000
4394 15.4000000000
4497 15.6000000000
4601 15.8000000000
4702 16.0000000000
8802 16.2000000000
12093 16.4000000000
16396 16.6000000000
16506 16.8000000000
39111 17.0000000000
39214 17.2000000000
83123 17.2000000000
83237 17.4000000000
101240 17.6000000000
101345 17.4000000000
evaluations raw_y
1 6.0000000000
3 7.4000000000
6 7.6000000000
10 7.6000000000
90 8.4000000000
106 8.6000000000
110 8.6000000000
206 8.8000000000
219 8.8000000000
300 8.8000000000
306 9.0000000000
319 9.0000000000
406 9.2000000000
421 9.2000000000
506 9.4000000000
595 9.4000000000
606 9.6000000000
708 9.8000000000
814 10.0000000000
925 10.2000000000
1028 10.4000000000
1129 10.6000000000
1232 10.8000000000
1235 10.8000000000
1332 11.0000000000
1347 11.0000000000
1388 11.0000000000
1432 11.2000000000
1447 11.2000000000
1532 11.4000000000
1555 11.4000000000
1580 11.4000000000
1632 11.6000000000
1655 11.6000000000
1732 11.8000000000
1764 11.8000000000
1775 11.8000000000
1832 12.0000000000
1864 12.0000000000
1932 12.2000000000
1970 12.2000000000
2032 12.4000000000
2133 12.6000000000
2239 12.8000000000
2262 12.8000000000
2339 13.0000000000
2442 13.2000000000
2550 13.4000000000
2563 13.4000000000
2650 13.6000000000
2752 13.8000000000
2856 14.0000000000
2958 14.2000000000
3065 14.4000000000
3166 14.6000000000
3271 14.8000000000
3372 15.0000000000
3477 15.2000000000
3578 15.4000000000
3682 15.6000000000
3783 15.8000000000
3897 16.0000000000
3998 16.2000000000
7489 16.4000000000
7591 16.6000000000
7694 16.8000000000
7797 17.0000000000
7899 17.2000000000
35814 17.4000000000
101945 15.8000000000
evaluations raw_y
1 5.4000000000
3 8.8000000000
9 9.0000000000
60 9.8000000000
99 9.8000000000
109 10.0000000000
160 10.8000000000
209 11.0000000000
279 11.0000000000
309 11.2000000000
390 11.2000000000
409 11.4000000000
498 11.4000000000
509 11.6000000000
611 11.8000000000
713 12.0000000000
819 12.2000000000
870 12.2000000000
919 12.4000000000
1020 12.6000000000
1122 12.8000000000
1234 13.0000000000
1250 13.0000000000
1334 13.2000000000
1436 13.4000000000
1542 13.6000000000
1643 13.8000000000
1745 14.0000000000
1757 14.0000000000
1845 14.2000000000
1948 14.4000000000
2051 14.6000000000
2058 14.6000000000
2151 14.8000000000
2253 15.0000000000
2365 15.2000000000
2467 15.4000000000
2571 15.6000000000
2673 15.8000000000
2774 16.0000000000
2878 16.2000000000
2980 16.4000000000
3082 16.6000000000
3191 16.8000000000
3293 17.0000000000
10575 17.2000000000
10683 17.4000000000
10785 17.6000000000
10905 17.8000000000
100547 17.0000000000
evaluations raw_y
1 6.4000000000
2 7.6000000000
4 7.8000000000
23 7.8000000000
38 8.6000000000
104 8.8000000000
144 9.6000000000
204 9.8000000000
223 9.8000000000
265 10.6000000000
304 10.8000000000
323 10.8000000000
375 11.6000000000
404 11.8000000000
423 11.8000000000
504 12.0000000000
526 12.0000000000
604 12.2000000000
689 12.2000000000
704 12.4000000000
795 12.4000000000
804 12.6000000000
909 12.8000000000
1011 13.0000000000
1112 13.2000000000
1148 13.2000000000
1212 13.4000000000
1257 13.4000000000
1312 13.6000000000
1414 13.8000000000
1516 14.0000000000
1621 14.2000000000
1628 14.2000000000
1721 14.4000000000
1858 14.6000000000
1961 14.8000000000
2080 15.0000000000
2182 15.2000000000
2283 15.4000000000
2386 15.6000000000
2490 15.8000000000
2591 16.0000000000
2696 16.2000000000
2700 16.2000000000
2796 16.4000000000
2897 16.6000000000
3002 16.8000000000
10390 17.0000000000
10494 17.2000000000
10595 17.4000000000
10704 17.6000000000
102646 16.4000000000
