evaluations raw_y
1 -0.5208683680
2 -0.5108116218
3 -0.5103407945
5 -0.5090402427
7 -0.4916715515
103 -0.4912007242
105 -0.4899001725
110 -0.4874652069
120 -0.4796939464
203 -0.4792231192
205 -0.4779225674
210 -0.4754876018
222 -0.4728412911
236 -0.4699806895
250 -0.4685481575
303 -0.4680773302
305 -0.4667767785
310 -0.4643418129
322 -0.4616955022
336 -0.4588349006
372 -0.4580137569
383 -0.4575960670
403 -0.4571252398
405 -0.4558246880
410 -0.4533897224
422 -0.4507434117
436 -0.4478828101
472 -0.4470616664
503 -0.4465908392
505 -0.4452902874
510 -0.4435821119
522 -0.4402090111
536 -0.4373484095
603 -0.4368775822
605 -0.4355770305
610 -0.4338688550
622 -0.4304957542
637 -0.4278640528
703 -0.4273932255
705 -0.4260926738
710 -0.4243844982
722 -0.4210113975
770 -0.4200512349
775 -0.4200165409
780 -0.4193500303
805 -0.4175786513
810 -0.4158704758
822 -0.4124973750
870 -0.4115372125
875 -0.4115025185
905 -0.4097311395
910 -0.4080229640
922 -0.4046498632
970 -0.4036897006
1005 -0.4019183216
1010 -0.4002101461
1022 -0.3968370453
1105 -0.3950656663
1110 -0.3933574908
1126 -0.3914462630
1148 -0.3905483469
1205 -0.3887769679
1210 -0.3870687924
1226 -0.3851575645
1305 -0.3833861855
1310 -0.3816780100
1351 -0.3803460331
1357 -0.3798486886
1405 -0.3780773095
1410 -0.3763691340
1451 -0.3750371571
1505 -0.3732657781
1510 -0.3715576026
1563 -0.3709718922
1577 -0.3704277422
1582 -0.3704066750
1605 -0.3686352960
1610 -0.3669271205
1663 -0.3663414101
1677 -0.3657972601
1705 -0.3640258811
1710 -0.3623177055
1763 -0.3617319952
1805 -0.3599606162
1810 -0.3582524407
1876 -0.3581537019
1905 -0.3563823229
1910 -0.3546741474
1993 -0.3546666444
2005 -0.3528952653
2010 -0.3511870898
2105 -0.3494157108
2131 -0.3484843345
2168 -0.3477095985
2205 -0.3459382195
2231 -0.3450068431
2305 -0.3432354641
2308 -0.3406416574
2405 -0.3388702784
2413 -0.3386700063
2461 -0.3382813272
2489 -0.3379875274
2505 -0.3362161484
2513 -0.3360158763
2561 -0.3356271972
2605 -0.3338558182
2613 -0.3336555462
2665 -0.3334253784
2704 -0.3327753909
2705 -0.3316539994
2713 -0.3314537274
2804 -0.3260328963
2905 -0.3242615173
3064 -0.3236449351
3085 -0.3234834258
3095 -0.3230690872
3096 -0.3230312272
3164 -0.3224146449
3185 -0.3222531356
3195 -0.3218387970
3264 -0.3212222148
3285 -0.3210607055
3364 -0.3204441232
7131 -0.3201253693
7207 -0.3196452493
7387 -0.3195881865
10007 -0.3174137656
10111 -0.3166119246
10154 -0.3159397710
10162 -0.3156108132
10192 -0.3155427463
10211 -0.3147409053
10254 -0.3140687518
10262 -0.3137397939
10311 -0.3129379529
10354 -0.3122657993
10381 -0.3120288984
10411 -0.3112270574
10432 -0.3110278581
10454 -0.3105549038
10511 -0.3097530628
10532 -0.3095538635
10611 -0.3087520225
10721 -0.3084204485
10731 -0.3080559717
10787 -0.3079739309
10821 -0.3076423569
10831 -0.3072778801
10921 -0.3069463060
11094 -0.3067393965
11179 -0.3028547159
14563 -0.3028295118
14609 -0.3023493918
14612 -0.3020276708
14655 -0.3013555173
14709 -0.3008753973
14712 -0.3005536762
14798 -0.3001630871
14801 -0.3001149836
14809 -0.2996348636
14812 -0.2993131426
14898 -0.2989225535
14909 -0.2984424335
14912 -0.2981207125
15009 -0.2976405925
15067 -0.2975041302
15109 -0.2970240102
100000 -0.3194019767
evaluations raw_y
1 -0.5337032488
2 -0.5200640583
5 -0.5182926793
8 -0.5156988725
11 -0.5151325597
12 -0.5146651163
20 -0.5080864532
78 -0.5062119531
91 -0.5031196390
105 -0.5013482600
108 -0.4987544533
111 -0.4981881404
112 -0.4977206971
120 -0.4911420339
178 -0.4892675338
205 -0.4874961548
208 -0.4849023481
211 -0.4843360353
212 -0.4838685919
220 -0.4772899288
305 -0.4755185498
308 -0.4729247430
311 -0.4723584302
312 -0.4718909868
322 -0.4667665709
384 -0.4667160906
405 -0.4649447116
408 -0.4623509049
411 -0.4617845921
412 -0.4613171487
422 -0.4561927328
505 -0.4544213538
508 -0.4518275470
512 -0.4507937908
532 -0.4483550700
548 -0.4464722960
605 -0.4447009169
608 -0.4421071102
612 -0.4410733540
632 -0.4386346332
669 -0.4383790099
680 -0.4379582735
705 -0.4361868945
708 -0.4335930878
712 -0.4325593316
732 -0.4301206108
769 -0.4298649875
805 -0.4280936085
808 -0.4254998018
832 -0.4220273247
905 -0.4202559457
908 -0.4176621390
935 -0.4158231660
937 -0.4153407179
958 -0.4143481326
970 -0.4142145069
1005 -0.4124431279
1008 -0.4098493211
1035 -0.4080103482
1037 -0.4075279000
1058 -0.4065353147
1105 -0.4047639357
1108 -0.4021701290
1135 -0.4003311560
1137 -0.3998487079
1187 -0.3995941014
1205 -0.3978227224
1208 -0.3952289157
1235 -0.3933899427
1237 -0.3929074946
1305 -0.3911361155
1308 -0.3885423088
1335 -0.3867033358
1405 -0.3849319568
1408 -0.3823381501
1446 -0.3810084168
1476 -0.3807111270
1505 -0.3789397480
1508 -0.3763459413
1546 -0.3750162079
1577 -0.3750086428
1605 -0.3732372638
1608 -0.3706434571
1646 -0.3693137238
1705 -0.3675423447
1708 -0.3649485380
1750 -0.3637683945
1805 -0.3619970155
1808 -0.3594032087
1856 -0.3588675584
1905 -0.3570961794
1908 -0.3545023726
1957 -0.3543715470
1959 -0.3540227037
2005 -0.3522513247
2008 -0.3496575180
2057 -0.3495266923
2082 -0.3493922216
2105 -0.3476208426
2108 -0.3450270359
2157 -0.3448962102
2205 -0.3431248312
2208 -0.3405310245
2305 -0.3387596455
2315 -0.3378904986
2362 -0.3367114671
2363 -0.3364657596
2405 -0.3346943806
2415 -0.3338252337
2462 -0.3326462022
2505 -0.3308748232
2515 -0.3300056763
2566 -0.3291834435
2574 -0.3289766054
2605 -0.3272052264
2615 -0.3263360795
2647 -0.3255363163
2666 -0.3255138468
2705 -0.3237424677
2715 -0.3228733208
2747 -0.3220735576
2805 -0.3203021786
2815 -0.3194330316
2905 -0.3176616526
2941 -0.3176088915
2986 -0.3168709564
3005 -0.3150995774
3041 -0.3150468163
3105 -0.3132754373
3126 -0.3112827233
3205 -0.3095113443
3260 -0.3094797709
3305 -0.3077083919
3406 -0.3072282719
3411 -0.3064475959
3418 -0.3061868535
3506 -0.3057067335
3511 -0.3049260575
3606 -0.3044459375
3629 -0.3042300067
3630 -0.3039250171
3695 -0.3037336273
3706 -0.3032535073
3729 -0.3030375765
3730 -0.3027325870
3806 -0.3022524670
3829 -0.3020365362
3845 -0.3019915696
3885 -0.3019544954
3906 -0.3014743754
3929 -0.3012584446
3945 -0.3012134780
4006 -0.3007333580
4029 -0.3005174272
4106 -0.3000373072
4197 -0.2999475433
4206 -0.2994674233
4323 -0.2993410178
4422 -0.2940213820
7430 -0.2933773956
7446 -0.2933324290
7530 -0.2926363782
7698 -0.2920664943
100000 -0.3670579198
evaluations raw_y
1 -0.5451962068
2 -0.5421923222
5 -0.5396431358
7 -0.5341746259
14 -0.5319574358
31 -0.5263304625
105 -0.5237812761
107 -0.5183127662
114 -0.5160955760
136 -0.5114316463
205 -0.5088824599
207 -0.5034139500
214 -0.5011967599
278 -0.4975795411
283 -0.4967806501
305 -0.4942314637
307 -0.4887629538
314 -0.4865457636
378 -0.4829285449
405 -0.4803793585
407 -0.4749108486
414 -0.4726936584
488 -0.4709715024
505 -0.4684223160
507 -0.4629538061
514 -0.4607366159
594 -0.4604828203
605 -0.4579336338
607 -0.4524651239
614 -0.4502479338
705 -0.4476987474
707 -0.4422302375
744 -0.4413687394
772 -0.4404403233
805 -0.4378911369
807 -0.4324226270
844 -0.4315611289
874 -0.4306569741
905 -0.4281077877
907 -0.4226392778
944 -0.4217777797
975 -0.4214744431
1005 -0.4189252567
1007 -0.4134567468
1044 -0.4125952487
1105 -0.4100460623
1107 -0.4045775524
1180 -0.4040812263
1205 -0.4015320399
1207 -0.3960635300
1305 -0.3935143435
1312 -0.3906645880
1322 -0.3892108747
1357 -0.3885256283
1358 -0.3883843378
1405 -0.3858351514
1412 -0.3829853959
1422 -0.3815316825
1457 -0.3808464362
1505 -0.3782972497
1512 -0.3754474942
1522 -0.3739937809
1605 -0.3714445944
1612 -0.3685948389
1640 -0.3672954176
1705 -0.3647462312
1712 -0.3618964757
1773 -0.3612543003
1792 -0.3611544608
1805 -0.3593830818
1812 -0.3557555188
1873 -0.3551133435
1902 -0.3547789190
1905 -0.3530075400
1912 -0.3493799770
1973 -0.3487378017
2005 -0.3469664227
2012 -0.3433388598
2105 -0.3415674808
2124 -0.3410594114
2141 -0.3383848712
2205 -0.3366134922
2224 -0.3361054228
2254 -0.3353372062
2259 -0.3335400165
2305 -0.3317686375
2324 -0.3312605681
2354 -0.3304923516
2384 -0.3297744746
2405 -0.3280030956
2424 -0.3274950262
2438 -0.3236098128
2505 -0.3218384338
2524 -0.3213303644
2554 -0.3205621479
2605 -0.3187907689
2624 -0.3182826995
2635 -0.3143579892
2705 -0.3125866102
2724 -0.3120785408
2805 -0.3103071618
2825 -0.3098734263
2905 -0.3081020473
2960 -0.3080704739
3005 -0.3062990949
3119 -0.3059675209
3165 -0.3056455298
3185 -0.3055210033
3190 -0.3050275866
3219 -0.3046960126
3265 -0.3043740215
3285 -0.3042494950
3298 -0.3037870530
3319 -0.3034554790
3364 -0.3031704707
3365 -0.3031334879
3385 -0.3030089614
3419 -0.3026773874
3464 -0.3023923791
3465 -0.3023553963
3519 -0.3020238223
3564 -0.3017388141
3619 -0.3014072400
3786 -0.3013501772
20626 -0.2985442135
54934 -0.2965675673
55098 -0.2965105045
55211 -0.2965021193
100000 -0.3778585221
evaluations raw_y
1 -0.4989008858
2 -0.4818568291
3 -0.4813860018
4 -0.4779069405
9 -0.4771619015
10 -0.4737573979
74 -0.4712606153
91 -0.4649124098
103 -0.4644415825
104 -0.4609625213
109 -0.4602174823
110 -0.4568129787
174 -0.4543161961
203 -0.4538453688
204 -0.4503663075
209 -0.4496212685
210 -0.4462167649
280 -0.4458021736
294 -0.4438275140
303 -0.4433566867
304 -0.4398776254
309 -0.4391325864
310 -0.4357280828
380 -0.4353134915
404 -0.4313636030
409 -0.4306185640
410 -0.4272140604
504 -0.4232641719
528 -0.4215160213
536 -0.4198370430
553 -0.4192347249
604 -0.4152848364
628 -0.4135366859
636 -0.4118577076
704 -0.4079078190
728 -0.4061596685
737 -0.4051711007
767 -0.4046063700
804 -0.4006564815
828 -0.3989083309
837 -0.3979197631
905 -0.3961483841
917 -0.3955556758
928 -0.3922217241
938 -0.3917551014
1002 -0.3915442214
1005 -0.3897728424
1017 -0.3891801340
1028 -0.3858461823
1038 -0.3853795596
1105 -0.3836081806
1117 -0.3830154723
1128 -0.3796815206
1168 -0.3796619224
1205 -0.3778905434
1217 -0.3772978350
1228 -0.3739638833
1305 -0.3721925043
1317 -0.3715997960
1341 -0.3690098948
1405 -0.3672385158
1417 -0.3666458074
1451 -0.3641983633
1456 -0.3641090587
1505 -0.3623376796
1517 -0.3617449713
1551 -0.3592975272
1605 -0.3575261482
1617 -0.3569334399
1662 -0.3554779698
1705 -0.3537065908
1717 -0.3531138825
1788 -0.3525594386
1793 -0.3519909122
1800 -0.3516875378
1805 -0.3499161588
1817 -0.3493234505
1888 -0.3487690066
1893 -0.3482004803
1905 -0.3464291013
1917 -0.3458363929
2005 -0.3440650139
2024 -0.3435569445
2061 -0.3434760627
2105 -0.3417046837
2124 -0.3411966143
2205 -0.3394252353
2290 -0.3393255951
2305 -0.3375542161
2406 -0.3373868887
2407 -0.3362951957
2506 -0.3361278683
2509 -0.3354933547
2525 -0.3340900812
2555 -0.3287742220
2606 -0.3286068946
2609 -0.3279723810
2625 -0.3265691075
2706 -0.3264017802
2709 -0.3257672665
2730 -0.3255680672
2795 -0.3253766774
2798 -0.3253285739
2806 -0.3251612466
2809 -0.3245267329
2830 -0.3243275336
2895 -0.3241361438
2906 -0.3239688165
2909 -0.3233343028
2930 -0.3231351034
3006 -0.3229677761
3009 -0.3223332624
3106 -0.3221659351
3119 -0.3220016884
3152 -0.3218935332
3164 -0.3217166802
3185 -0.3215551708
3206 -0.3213878435
3219 -0.3212235968
3252 -0.3211154416
3264 -0.3209385886
3306 -0.3207712612
3319 -0.3206070145
3352 -0.3204988594
3406 -0.3203315320
3413 -0.3202884968
3419 -0.3201672853
3506 -0.3199999580
3513 -0.3199569228
3531 -0.3198556104
3606 -0.3196882830
3608 -0.3154904246
3613 -0.3131131158
3708 -0.3087479301
3823 -0.3086215246
3846 -0.3064401796
3923 -0.3063137741
4022 -0.3009941383
4199 -0.3009857532
11608 -0.3006122936
11611 -0.3002905726
11708 -0.2998104526
11747 -0.2995495552
11808 -0.2990694352
11921 -0.2987378612
12094 -0.2985309516
12179 -0.2928284674
12301 -0.2928200823
34093 -0.2928002742
100000 -0.3519449583
evaluations raw_y
1 -0.4908680205
207 -0.4907743596
209 -0.4866382153
210 -0.4832337117
227 -0.4828030146
248 -0.4816127060
294 -0.4808444607
306 -0.4806771334
307 -0.4802856775
309 -0.4761495332
310 -0.4727450296
327 -0.4723143325
348 -0.4711240239
406 -0.4709566966
407 -0.4705652407
409 -0.4664290964
410 -0.4630245928
427 -0.4625938956
506 -0.4624265683
507 -0.4620351124
509 -0.4578989681
510 -0.4544944645
606 -0.4543271372
607 -0.4539356813
609 -0.4536926235
612 -0.4470657279
655 -0.4469734908
706 -0.4468061635
709 -0.4461716498
712 -0.4395447542
806 -0.4393774268
809 -0.4387429132
816 -0.4365517725
817 -0.4356360897
821 -0.4350308666
828 -0.4338467151
831 -0.4326061068
854 -0.4322622717
906 -0.4320949444
909 -0.4314604307
916 -0.4292692900
917 -0.4283536072
921 -0.4277483841
928 -0.4265642326
931 -0.4253236243
987 -0.4253210583
1006 -0.4251537310
1009 -0.4245192173
1016 -0.4223280766
1017 -0.4214123938
1021 -0.4208071707
1028 -0.4196230193
1031 -0.4183824110
1106 -0.4182150837
1109 -0.4175805700
1113 -0.4126741818
1168 -0.4126647737
1206 -0.4124974464
1209 -0.4118629327
1213 -0.4069565445
1309 -0.4061547035
1316 -0.4039635628
1317 -0.4030478800
1321 -0.4024426569
1328 -0.4012585055
1409 -0.4004566645
1416 -0.3982655238
1417 -0.3973498410
1421 -0.3967446179
1433 -0.3964851179
1450 -0.3957131762
1509 -0.3949113352
1516 -0.3927201945
1517 -0.3918045117
1521 -0.3911992886
1533 -0.3909397887
1556 -0.3908123401
1570 -0.3907599137
1609 -0.3899580727
1616 -0.3877669320
1617 -0.3868512492
1621 -0.3862460261
1633 -0.3859865262
1638 -0.3845952519
1709 -0.3837934109
1716 -0.3816022702
1717 -0.3806865874
1721 -0.3800813643
1733 -0.3798218644
1756 -0.3796944158
1809 -0.3788925748
1816 -0.3767014341
1817 -0.3757857513
1821 -0.3751805282
1833 -0.3749210283
1859 -0.3748495612
1909 -0.3740477202
1916 -0.3718565795
1917 -0.3709408967
1921 -0.3703356736
1933 -0.3700761736
2009 -0.3692743326
2016 -0.3670831919
2017 -0.3661675091
2021 -0.3655622860
2109 -0.3647604450
2116 -0.3625693043
2117 -0.3616536215
2202 -0.3612180655
2209 -0.3604162245
2216 -0.3582250838
2217 -0.3573094010
2309 -0.3565075600
2316 -0.3543164193
2347 -0.3538691118
2409 -0.3530672708
2416 -0.3508761301
2488 -0.3507583226
2509 -0.3499564816
2518 -0.3492367842
2524 -0.3484788742
2546 -0.3484505721
2553 -0.3477918959
2593 -0.3453991268
2609 -0.3445972858
2618 -0.3438775885
2624 -0.3431196784
2646 -0.3430913764
2653 -0.3424327002
2709 -0.3416308592
2718 -0.3409111618
2724 -0.3401532518
2746 -0.3401249497
2758 -0.3347535080
2809 -0.3339516670
2818 -0.3332319697
2824 -0.3324740596
2846 -0.3324457576
2909 -0.3316439166
2918 -0.3309242192
2924 -0.3301663092
3009 -0.3293644682
3018 -0.3286447708
3025 -0.3279611948
3098 -0.3279083793
3109 -0.3271065383
3118 -0.3263868409
3125 -0.3257032649
3209 -0.3249014239
3218 -0.3241817265
3241 -0.3238791247
3290 -0.3238322456
3309 -0.3230304046
3318 -0.3223107072
3341 -0.3220081054
3409 -0.3212062644
3418 -0.3204865670
3426 -0.3182440124
3509 -0.3174421714
3518 -0.3167224741
3560 -0.3164410600
3609 -0.3156392190
3618 -0.3149195216
3679 -0.3147301645
3709 -0.3139283235
3718 -0.3132086261
3809 -0.3124067851
3830 -0.3122075858
3852 -0.3117346316
3909 -0.3109327906
3930 -0.3107335912
3995 -0.3105422014
4009 -0.3097403604
4030 -0.3095411611
4109 -0.3087393201
4265 -0.3080857550
4285 -0.3079612285
4322 -0.3026415927
4465 -0.3019880276
4592 -0.3017811180
4597 -0.3014181436
4692 -0.3012112341
4777 -0.2955087499
57357 -0.2954580434
57418 -0.2949779234
57476 -0.2948414611
57518 -0.2943613411
57631 -0.2940297671
57811 -0.2940213820
100000 -0.4009444238
evaluations raw_y
1 -0.5015953548
2 -0.4970574526
4 -0.4899395967
25 -0.4898370061
36 -0.4821586364
104 -0.4750407805
125 -0.4749381900
158 -0.4744794443
170 -0.4743458185
180 -0.4736446140
184 -0.4715847983
204 -0.4644669424
225 -0.4643643518
258 -0.4639056061
270 -0.4637719804
280 -0.4630707758
304 -0.4559529199
325 -0.4558503294
358 -0.4553915837
370 -0.4552579580
404 -0.4481401021
425 -0.4480375115
458 -0.4475787658
504 -0.4404609099
525 -0.4403583194
592 -0.4401842951
604 -0.4330664393
625 -0.4329638487
704 -0.4258459928
809 -0.4232144625
812 -0.4204470509
834 -0.4191556784
840 -0.4191476296
887 -0.4189047794
909 -0.4162732491
912 -0.4135058375
934 -0.4122144651
940 -0.4122064162
1009 -0.4095748859
1012 -0.4068074743
1034 -0.4055161019
1109 -0.4028845715
1112 -0.4001171599
1148 -0.3992274034
1209 -0.3965958731
1212 -0.3938284615
1281 -0.3938043611
1309 -0.3911728308
1312 -0.3884054192
1409 -0.3857738888
1417 -0.3847188604
1420 -0.3838428413
1451 -0.3835938877
1509 -0.3809623574
1517 -0.3799073290
1520 -0.3790313098
1609 -0.3763997795
1617 -0.3753447510
1639 -0.3672391550
1709 -0.3646076246
1717 -0.3635525962
1757 -0.3627431436
1809 -0.3601116132
1817 -0.3590565848
1863 -0.3586778787
1909 -0.3560463484
1917 -0.3549913199
2009 -0.3523597896
2054 -0.3519436550
2074 -0.3513217232
2109 -0.3486901928
2147 -0.3478814340
2209 -0.3452499036
2254 -0.3448337690
2279 -0.3446312132
2309 -0.3419996828
2354 -0.3415835482
2409 -0.3389520179
2435 -0.3353793895
2509 -0.3327478592
2589 -0.3327252595
2609 -0.3300937291
2724 -0.3277311083
2826 -0.3254701743
2929 -0.3247741235
2941 -0.3205161857
3029 -0.3198201349
3085 -0.3197380941
3095 -0.3193237556
3098 -0.3182582558
3129 -0.3175622050
3185 -0.3174801642
3195 -0.3170658257
3229 -0.3163697749
3285 -0.3162877341
3322 -0.3109680983
3429 -0.3102720474
3543 -0.3096055710
3666 -0.3091909256
3694 -0.3085965592
3766 -0.3081819138
3796 -0.3073662690
3866 -0.3069516236
3999 -0.3069432385
17067 -0.3066797324
17169 -0.3062650870
24009 -0.3019265388
24111 -0.3014464188
24134 -0.3012304880
24201 -0.3006962487
24211 -0.3002161287
24234 -0.3000001979
24311 -0.2995200778
24471 -0.2991054325
24591 -0.2990483696
24704 -0.2990399845
32584 -0.2970297580
32706 -0.2970213729
53934 -0.2968002690
54018 -0.2963201490
54041 -0.2961042182
54118 -0.2956240982
54177 -0.2954506531
54218 -0.2949705331
54331 -0.2946389591
100000 -0.3457672711
evaluations raw_y
1 -0.4567639182
2 -0.4467750191
3 -0.4463041918
8 -0.4445132324
14 -0.4365401326
31 -0.4309131593
103 -0.4304423321
109 -0.4301113183
114 -0.4206782729
203 -0.4202074456
209 -0.4198764318
221 -0.4183368174
222 -0.4138256176
227 -0.4106757238
303 -0.4102048965
309 -0.4098738828
321 -0.4083342684
322 -0.4038230685
370 -0.4028629059
380 -0.4021617014
409 -0.4013598604
421 -0.3998202459
422 -0.3953090461
470 -0.3943488835
509 -0.3935470425
521 -0.3920074281
522 -0.3874962282
578 -0.3867718502
609 -0.3859700092
622 -0.3799191950
709 -0.3791173539
728 -0.3742211559
757 -0.3731941578
809 -0.3723923168
828 -0.3674961188
873 -0.3671530406
874 -0.3667425265
909 -0.3659406855
926 -0.3629784335
928 -0.3610444874
973 -0.3607014092
1001 -0.3605072918
1002 -0.3603669847
1009 -0.3595651437
1026 -0.3566028917
1028 -0.3546689456
1073 -0.3543258674
1101 -0.3541317500
1109 -0.3533299090
1126 -0.3503676570
1128 -0.3484337109
1173 -0.3480906327
1209 -0.3472887917
1226 -0.3443265397
1228 -0.3423925936
1235 -0.3418864740
1309 -0.3410846330
1326 -0.3381223810
1328 -0.3361884349
1409 -0.3353865939
1426 -0.3324243420
1450 -0.3306431056
1509 -0.3298412646
1526 -0.3268790127
1562 -0.3268235482
1577 -0.3267584251
1609 -0.3259565841
1626 -0.3229943321
1662 -0.3229388677
1709 -0.3221370267
1726 -0.3191747747
1809 -0.3183729337
1860 -0.3173718223
1886 -0.3166126995
1909 -0.3158108585
1960 -0.3148097471
1998 -0.3143547696
2009 -0.3135529286
2060 -0.3125518172
2109 -0.3117499762
2179 -0.3108409217
2209 -0.3100390807
2230 -0.3098398814
2295 -0.3096484916
2296 -0.3096106315
2309 -0.3088087905
2330 -0.3086095912
2395 -0.3084182014
2409 -0.3076163604
2430 -0.3074171611
2509 -0.3066153200
2619 -0.3062837460
2629 -0.3059192692
2685 -0.3058372285
2719 -0.3055056544
2729 -0.3051411776
2819 -0.3048096036
7007 -0.3044753203
11748 -0.3034327301
11808 -0.3029526101
11925 -0.3028262046
12024 -0.2975065688
12188 -0.2974495060
25427 -0.2950664852
42186 -0.2940297671
42308 -0.2940213820
55618 -0.2937937984
55677 -0.2936203534
55718 -0.2931402334
55831 -0.2928086593
56011 -0.2928002742
64643 -0.2926363782
64811 -0.2920664943
100000 -0.4088908659
evaluations raw_y
1 -0.4936143502
303 -0.4856753089
308 -0.4842238559
350 -0.4836010656
378 -0.4828289842
403 -0.4737574386
408 -0.4723059856
450 -0.4716831953
503 -0.4626116497
508 -0.4611601967
574 -0.4610869816
603 -0.4520154359
608 -0.4505639830
684 -0.4505131434
703 -0.4414415978
708 -0.4399901449
803 -0.4309185992
894 -0.4295014628
903 -0.4204299171
1006 -0.4202625898
1007 -0.4142300244
1010 -0.4123304860
1101 -0.4117964829
1106 -0.4116291556
1107 -0.4055965902
1110 -0.4036970518
1206 -0.4035297244
1207 -0.3974971591
1213 -0.3969545572
1270 -0.3958842339
1306 -0.3957169066
1307 -0.3896843412
1313 -0.3891417393
1407 -0.3829418466
1435 -0.3829375806
1448 -0.3828530409
1507 -0.3766531482
1535 -0.3766488822
1607 -0.3704489895
1709 -0.3696471485
1715 -0.3678084636
1716 -0.3674560078
1751 -0.3656374580
1776 -0.3644567806
1809 -0.3636549396
1815 -0.3618162547
1816 -0.3614637989
1851 -0.3596452492
1909 -0.3588434082
1915 -0.3570047233
1916 -0.3566522675
1963 -0.3555799843
1977 -0.3550358342
1982 -0.3550147671
2009 -0.3542129261
2015 -0.3523742412
2016 -0.3520217854
2063 -0.3509495022
2077 -0.3504053521
2109 -0.3496035111
2115 -0.3477648262
2116 -0.3474123705
2163 -0.3463400873
2209 -0.3455382463
2215 -0.3436995613
2216 -0.3433471056
2279 -0.3430898664
2300 -0.3425496553
2309 -0.3417478143
2315 -0.3399091294
2316 -0.3395566736
2379 -0.3392994345
2409 -0.3384975934
2415 -0.3366589085
2416 -0.3363064528
2488 -0.3361886452
2509 -0.3353868042
2515 -0.3335481193
2553 -0.3332222186
2609 -0.3324203776
2615 -0.3305816926
2658 -0.3255430264
2709 -0.3247411854
2715 -0.3229025005
2817 -0.3205384132
2868 -0.3203140166
2917 -0.3179499293
2986 -0.3177519414
2989 -0.3176598866
3017 -0.3152957993
3086 -0.3150978114
3117 -0.3127337241
3224 -0.3103711032
3325 -0.3081659888
3361 -0.3080107730
3425 -0.3058056586
3529 -0.3051096078
3545 -0.3050646412
3595 -0.3046132285
3598 -0.3045651250
3629 -0.3038690742
3645 -0.3038241076
3695 -0.3033726948
3729 -0.3026766440
3745 -0.3026316775
3829 -0.3019356267
3964 -0.3013190444
4097 -0.3007491604
4199 -0.3007407753
16009 -0.3007396124
16048 -0.3004787151
16093 -0.2999482241
16109 -0.2994681041
16148 -0.2992072068
16201 -0.2987076905
16209 -0.2982275705
16248 -0.2979666731
16309 -0.2974865531
16367 -0.2973500909
16409 -0.2968699709
16522 -0.2965383969
16702 -0.2965300117
100000 -0.3261559461
evaluations raw_y
1 -0.5106884970
4 -0.5084475667
7 -0.5068984643
15 -0.5068174993
16 -0.5067503744
18 -0.5062625008
32 -0.4969032997
104 -0.4925549624
112 -0.4915043577
115 -0.4909248950
116 -0.4908577701
134 -0.4902129853
136 -0.4820044835
137 -0.4815606477
205 -0.4797892687
210 -0.4773543031
212 -0.4761617058
215 -0.4755822430
216 -0.4755151181
234 -0.4748703333
236 -0.4666618315
305 -0.4648904525
310 -0.4624554869
312 -0.4612628896
316 -0.4606163019
334 -0.4599715172
339 -0.4548696767
405 -0.4530982977
410 -0.4506633321
412 -0.4494707347
416 -0.4488241471
434 -0.4481793623
469 -0.4467763907
505 -0.4450050117
510 -0.4425700461
516 -0.4407308611
534 -0.4400860763
593 -0.4387732452
605 -0.4370018662
610 -0.4345669006
616 -0.4327277156
634 -0.4320829309
688 -0.4297974099
705 -0.4280260309
710 -0.4255910653
721 -0.4252835223
727 -0.4246956969
734 -0.4231070955
805 -0.4213357165
810 -0.4189007509
821 -0.4185932079
848 -0.4168183971
905 -0.4150470181
910 -0.4126120525
921 -0.4123045095
951 -0.4120068656
957 -0.4115095211
968 -0.4111007598
1005 -0.4093293808
1010 -0.4068944152
1021 -0.4065868722
1051 -0.4062892284
1057 -0.4057918839
1105 -0.4040205049
1110 -0.4015855393
1121 -0.4012779963
1151 -0.4009803524
1170 -0.4008386214
1205 -0.3990672423
1210 -0.3966322768
1221 -0.3963247337
1238 -0.3946739596
1305 -0.3929025806
1310 -0.3904676150
1321 -0.3901600720
1351 -0.3898624282
1405 -0.3880910492
1410 -0.3856560836
1421 -0.3853485406
1482 -0.3852319461
1505 -0.3834605671
1510 -0.3810256015
1521 -0.3807180585
1605 -0.3789466795
1610 -0.3765117139
1705 -0.3747403349
1709 -0.3738801835
1719 -0.3725644066
1729 -0.3724284944
1805 -0.3706571154
1809 -0.3697969641
1819 -0.3684811871
1905 -0.3667098081
1909 -0.3658496568
1947 -0.3650408979
1955 -0.3647014401
2005 -0.3629300611
2009 -0.3620699097
2047 -0.3612611509
2063 -0.3606361752
2105 -0.3588647962
2109 -0.3580046448
2147 -0.3571958860
2176 -0.3570578819
2205 -0.3552865029
2209 -0.3544263516
2247 -0.3536175927
2305 -0.3518462137
2309 -0.3509860624
2354 -0.3505699278
2390 -0.3502828837
2405 -0.3485115047
2409 -0.3476513534
2454 -0.3472352188
2505 -0.3454638398
2509 -0.3446036884
2535 -0.3410310601
2605 -0.3392596811
2609 -0.3383995297
2705 -0.3366281507
2724 -0.3360369089
2805 -0.3342655299
2861 -0.3336765787
2905 -0.3319051997
2998 -0.3314186488
3005 -0.3296472698
3106 -0.3294799425
3111 -0.3283864738
3179 -0.3279363743
3206 -0.3277690470
3211 -0.3266755783
3306 -0.3265082510
3313 -0.3264652157
3330 -0.3256745379
3394 -0.3256665664
3406 -0.3254992391
3413 -0.3254562039
3430 -0.3246655261
3496 -0.3244362763
3506 -0.3242689489
3513 -0.3242259137
3530 -0.3234352359
3606 -0.3232679086
3613 -0.3232248733
3631 -0.3231235609
3666 -0.3230205905
3685 -0.3226571443
3706 -0.3224898170
3713 -0.3224467817
3731 -0.3223454693
3766 -0.3222424989
3806 -0.3220751716
3813 -0.3220321364
3831 -0.3219308240
3906 -0.3217634966
3908 -0.3175656382
3913 -0.3151883294
4008 -0.3108231437
4123 -0.3106967382
4146 -0.3085153932
4223 -0.3083889877
4322 -0.3030693519
4486 -0.3030122891
4599 -0.3030039040
9223 -0.2987069713
9387 -0.2986499085
9500 -0.2986415233
73621 -0.2983575884
93526 -0.2981631823
93550 -0.2976422620
93614 -0.2976342905
93626 -0.2971541705
93650 -0.2966332501
93716 -0.2964040003
93726 -0.2959238803
93750 -0.2954029599
93826 -0.2949228399
93917 -0.2948330760
93926 -0.2943529560
94039 -0.2940213820
100000 -0.3667560143
evaluations raw_y
1 -0.5270003991
2 -0.4954564131
6 -0.4949762931
9 -0.4941948569
10 -0.4880837720
12 -0.4880276764
15 -0.4876074782
22 -0.4849330552
36 -0.4830210449
83 -0.4808885893
106 -0.4804084693
109 -0.4796270331
110 -0.4735159482
112 -0.4734598527
115 -0.4730396545
122 -0.4703652314
136 -0.4684532211
206 -0.4679731011
209 -0.4671916649
210 -0.4610805800
212 -0.4610244845
222 -0.4579298633
306 -0.4574497433
309 -0.4566683071
310 -0.4505572222
312 -0.4505011266
331 -0.4486949759
406 -0.4482148559
408 -0.4443297902
410 -0.4413223348
412 -0.4412662393
455 -0.4411740022
469 -0.4399402414
475 -0.4395124449
506 -0.4390323249
508 -0.4351472592
510 -0.4321398038
512 -0.4320837082
555 -0.4319914712
569 -0.4307577103
606 -0.4302775903
608 -0.4263925246
610 -0.4233850693
655 -0.4232367366
706 -0.4227566166
708 -0.4188715509
710 -0.4158640956
806 -0.4153839756
808 -0.4114989098
821 -0.4113502080
835 -0.4096599369
842 -0.4093388253
857 -0.4091390585
887 -0.4089228822
906 -0.4084427622
908 -0.4045576965
921 -0.4044089946
935 -0.4027187235
942 -0.4023976120
957 -0.4021978451
1006 -0.4017177251
1008 -0.3978326594
1021 -0.3976839575
1035 -0.3959936864
1042 -0.3956725748
1106 -0.3951924548
1108 -0.3913073891
1121 -0.3911586872
1135 -0.3894684161
1174 -0.3892209435
1206 -0.3887408235
1208 -0.3848557577
1221 -0.3847070559
1226 -0.3838301611
1235 -0.3830167848
1302 -0.3828454017
1306 -0.3823652817
1308 -0.3784802160
1321 -0.3783315141
1326 -0.3774546193
1335 -0.3766412430
1406 -0.3761611230
1408 -0.3722760573
1421 -0.3721273554
1426 -0.3712504606
1500 -0.3712241216
1506 -0.3707440016
1508 -0.3668589359
1521 -0.3667102340
1570 -0.3662708591
1606 -0.3657907391
1608 -0.3619056734
1621 -0.3617569715
1638 -0.3601061974
1706 -0.3596260773
1708 -0.3557410116
1721 -0.3555923097
1777 -0.3554967824
1806 -0.3550166624
1808 -0.3511315967
1821 -0.3509828948
1906 -0.3505027748
1908 -0.3466177091
2006 -0.3461375891
2011 -0.3453569131
2017 -0.3444757275
2026 -0.3428536161
2106 -0.3423734961
2111 -0.3415928201
2117 -0.3407116345
2161 -0.3404932859
2168 -0.3402651322
2176 -0.3392753228
2206 -0.3387952028
2211 -0.3380145268
2217 -0.3371333412
2261 -0.3369149927
2268 -0.3366868390
2279 -0.3360251020
2293 -0.3357882653
2306 -0.3353081453
2311 -0.3345274693
2317 -0.3336462837
2361 -0.3334279351
2368 -0.3331997814
2379 -0.3325380444
2406 -0.3320579244
2411 -0.3312772484
2417 -0.3303960628
2461 -0.3301777143
2468 -0.3299495606
2506 -0.3294694406
2511 -0.3286887645
2517 -0.3278075789
2561 -0.3275892304
2589 -0.3272954305
2606 -0.3268153105
2611 -0.3260346345
2617 -0.3251534489
2661 -0.3249351004
2706 -0.3244549804
2711 -0.3236743044
2717 -0.3227931188
2806 -0.3223129988
2811 -0.3215323228
2818 -0.3212715804
2860 -0.3209901663
2906 -0.3205100463
2911 -0.3197293703
2918 -0.3194686280
3006 -0.3189885079
3011 -0.3182078319
3106 -0.3177277119
3137 -0.3173795204
3198 -0.3169672983
3206 -0.3164871783
3237 -0.3161389867
3304 -0.3128136293
3406 -0.3123335093
3445 -0.3120726119
3485 -0.3120355377
3506 -0.3115554177
3545 -0.3112945204
3606 -0.3108144003
3664 -0.3106779381
3665 -0.3106409553
3706 -0.3101608353
3764 -0.3100243730
3806 -0.3095442530
3919 -0.3092126790
3966 -0.3091296076
4019 -0.3087980336
4199 -0.3087896485
7514 -0.3082308970
7605 -0.3057129171
7707 -0.3052327971
7730 -0.3050168663
7738 -0.3002847295
7807 -0.2998046095
7830 -0.2995886787
7896 -0.2990922994
7907 -0.2986121794
7930 -0.2983962486
8007 -0.2979161286
8200 -0.2979077434
47132 -0.2978851801
47296 -0.2978281173
100000 -0.4481703860
