"function evaluation" "current f(x)" "best-so-far f(x)" "current af(x)+b" "best af(x)+b"
1 -1313.0000000000 -1313.0000000000 -1313.0000000000 -1313.0000000000
3 -1215.0000000000 -1215.0000000000 -1215.0000000000 -1215.0000000000
16 -1176.0000000000 -1176.0000000000 -1176.0000000000 -1176.0000000000
43 -1157.0000000000 -1157.0000000000 -1157.0000000000 -1157.0000000000
47 -1069.0000000000 -1069.0000000000 -1069.0000000000 -1069.0000000000
94 -1059.0000000000 -1059.0000000000 -1059.0000000000 -1059.0000000000
112 -1020.0000000000 -1020.0000000000 -1020.0000000000 -1020.0000000000
125 -973.0000000000 -973.0000000000 -973.0000000000 -973.0000000000
669 -914.0000000000 -914.0000000000 -914.0000000000 -914.0000000000
731 -767.0000000000 -767.0000000000 -767.0000000000 -767.0000000000
1804 -748.0000000000 -748.0000000000 -748.0000000000 -748.0000000000
34071 -515.0000000000 -515.0000000000 -515.0000000000 -515.0000000000
100000 -1205.0000000000 -515.0000000000 -1205.0000000000 -515.0000000000
"function evaluation" "current f(x)" "best-so-far f(x)" "current af(x)+b" "best af(x)+b"
1 -1332.0000000000 -1332.0000000000 -1332.0000000000 -1332.0000000000
5 -1283.0000000000 -1283.0000000000 -1283.0000000000 -1283.0000000000
14 -1234.0000000000 -1234.0000000000 -1234.0000000000 -1234.0000000000
21 -1118.0000000000 -1118.0000000000 -1118.0000000000 -1118.0000000000
23 -1030.0000000000 -1030.0000000000 -1030.0000000000 -1030.0000000000
145 -875.0000000000 -875.0000000000 -875.0000000000 -875.0000000000
368 -865.0000000000 -865.0000000000 -865.0000000000 -865.0000000000
4464 -855.0000000000 -855.0000000000 -855.0000000000 -855.0000000000
5118 -748.0000000000 -748.0000000000 -748.0000000000 -748.0000000000
20695 -728.0000000000 -728.0000000000 -728.0000000000 -728.0000000000
35778 -719.0000000000 -719.0000000000 -719.0000000000 -719.0000000000
43670 -660.0000000000 -660.0000000000 -660.0000000000 -660.0000000000
44337 -622.0000000000 -622.0000000000 -622.0000000000 -622.0000000000
50723 -592.0000000000 -592.0000000000 -592.0000000000 -592.0000000000
100000 -1400.0000000000 -592.0000000000 -1400.0000000000 -592.0000000000
"function evaluation" "current f(x)" "best-so-far f(x)" "current af(x)+b" "best af(x)+b"
1 -1654.0000000000 -1654.0000000000 -1654.0000000000 -1654.0000000000
2 -894.0000000000 -894.0000000000 -894.0000000000 -894.0000000000
243 -884.0000000000 -884.0000000000 -884.0000000000 -884.0000000000
840 -874.0000000000 -874.0000000000 -874.0000000000 -874.0000000000
1454 -749.0000000000 -749.0000000000 -749.0000000000 -749.0000000000
26337 -748.0000000000 -748.0000000000 -748.0000000000 -748.0000000000
27203 -738.0000000000 -738.0000000000 -738.0000000000 -738.0000000000
39881 -729.0000000000 -729.0000000000 -729.0000000000 -729.0000000000
63800 -709.0000000000 -709.0000000000 -709.0000000000 -709.0000000000
100000 -1215.0000000000 -709.0000000000 -1215.0000000000 -709.0000000000
"function evaluation" "current f(x)" "best-so-far f(x)" "current af(x)+b" "best af(x)+b"
1 -1323.0000000000 -1323.0000000000 -1323.0000000000 -1323.0000000000
2 -962.0000000000 -962.0000000000 -962.0000000000 -962.0000000000
178 -914.0000000000 -914.0000000000 -914.0000000000 -914.0000000000
419 -903.0000000000 -903.0000000000 -903.0000000000 -903.0000000000
638 -875.0000000000 -875.0000000000 -875.0000000000 -875.0000000000
1207 -854.0000000000 -854.0000000000 -854.0000000000 -854.0000000000
1997 -768.0000000000 -768.0000000000 -768.0000000000 -768.0000000000
13626 -748.0000000000 -748.0000000000 -748.0000000000 -748.0000000000
20725 -729.0000000000 -729.0000000000 -729.0000000000 -729.0000000000
62265 -719.0000000000 -719.0000000000 -719.0000000000 -719.0000000000
70117 -640.0000000000 -640.0000000000 -640.0000000000 -640.0000000000
100000 -1390.0000000000 -640.0000000000 -1390.0000000000 -640.0000000000
"function evaluation" "current f(x)" "best-so-far f(x)" "current af(x)+b" "best af(x)+b"
1 -1312.0000000000 -1312.0000000000 -1312.0000000000 -1312.0000000000
3 -1225.0000000000 -1225.0000000000 -1225.0000000000 -1225.0000000000
16 -1030.0000000000 -1030.0000000000 -1030.0000000000 -1030.0000000000
27 -942.0000000000 -942.0000000000 -942.0000000000 -942.0000000000
96 -923.0000000000 -923.0000000000 -923.0000000000 -923.0000000000
523 -748.0000000000 -748.0000000000 -748.0000000000 -748.0000000000
7072 -622.0000000000 -622.0000000000 -622.0000000000 -622.0000000000
100000 -1303.0000000000 -622.0000000000 -1303.0000000000 -622.0000000000
"function evaluation" "current f(x)" "best-so-far f(x)" "current af(x)+b" "best af(x)+b"
1 -1224.0000000000 -1224.0000000000 -1224.0000000000 -1224.0000000000
3 -981.0000000000 -981.0000000000 -981.0000000000 -981.0000000000
92 -972.0000000000 -972.0000000000 -972.0000000000 -972.0000000000
99 -923.0000000000 -923.0000000000 -923.0000000000 -923.0000000000
162 -855.0000000000 -855.0000000000 -855.0000000000 -855.0000000000
6744 -816.0000000000 -816.0000000000 -816.0000000000 -816.0000000000
9002 -739.0000000000 -739.0000000000 -739.0000000000 -739.0000000000
16461 -729.0000000000 -729.0000000000 -729.0000000000 -729.0000000000
18145 -670.0000000000 -670.0000000000 -670.0000000000 -670.0000000000
19638 -525.0000000000 -525.0000000000 -525.0000000000 -525.0000000000
100000 -1702.0000000000 -525.0000000000 -1702.0000000000 -525.0000000000
"function evaluation" "current f(x)" "best-so-far f(x)" "current af(x)+b" "best af(x)+b"
1 -1752.0000000000 -1752.0000000000 -1752.0000000000 -1752.0000000000
2 -1478.0000000000 -1478.0000000000 -1478.0000000000 -1478.0000000000
7 -1118.0000000000 -1118.0000000000 -1118.0000000000 -1118.0000000000
18 -1021.0000000000 -1021.0000000000 -1021.0000000000 -1021.0000000000
100 -905.0000000000 -905.0000000000 -905.0000000000 -905.0000000000
624 -845.0000000000 -845.0000000000 -845.0000000000 -845.0000000000
875 -826.0000000000 -826.0000000000 -826.0000000000 -826.0000000000
1769 -757.0000000000 -757.0000000000 -757.0000000000 -757.0000000000
17020 -748.0000000000 -748.0000000000 -748.0000000000 -748.0000000000
34607 -680.0000000000 -680.0000000000 -680.0000000000 -680.0000000000
45338 -641.0000000000 -641.0000000000 -641.0000000000 -641.0000000000
100000 -1127.0000000000 -641.0000000000 -1127.0000000000 -641.0000000000
"function evaluation" "current f(x)" "best-so-far f(x)" "current af(x)+b" "best af(x)+b"
1 -1469.0000000000 -1469.0000000000 -1469.0000000000 -1469.0000000000
2 -1332.0000000000 -1332.0000000000 -1332.0000000000 -1332.0000000000
4 -1176.0000000000 -1176.0000000000 -1176.0000000000 -1176.0000000000
12 -1128.0000000000 -1128.0000000000 -1128.0000000000 -1128.0000000000
16 -1040.0000000000 -1040.0000000000 -1040.0000000000 -1040.0000000000
37 -923.0000000000 -923.0000000000 -923.0000000000 -923.0000000000
79 -786.0000000000 -786.0000000000 -786.0000000000 -786.0000000000
7862 -777.0000000000 -777.0000000000 -777.0000000000 -777.0000000000
20288 -612.0000000000 -612.0000000000 -612.0000000000 -612.0000000000
24114 -611.0000000000 -611.0000000000 -611.0000000000 -611.0000000000
100000 -1127.0000000000 -611.0000000000 -1127.0000000000 -611.0000000000
"function evaluation" "current f(x)" "best-so-far f(x)" "current af(x)+b" "best af(x)+b"
1 -1624.0000000000 -1624.0000000000 -1624.0000000000 -1624.0000000000
2 -1566.0000000000 -1566.0000000000 -1566.0000000000 -1566.0000000000
3 -1410.0000000000 -1410.0000000000 -1410.0000000000 -1410.0000000000
4 -1400.0000000000 -1400.0000000000 -1400.0000000000 -1400.0000000000
6 -1224.0000000000 -1224.0000000000 -1224.0000000000 -1224.0000000000
14 -991.0000000000 -991.0000000000 -991.0000000000 -991.0000000000
267 -904.0000000000 -904.0000000000 -904.0000000000 -904.0000000000
331 -738.0000000000 -738.0000000000 -738.0000000000 -738.0000000000
39669 -670.0000000000 -670.0000000000 -670.0000000000 -670.0000000000
100000 -1303.0000000000 -670.0000000000 -1303.0000000000 -670.0000000000
"function evaluation" "current f(x)" "best-so-far f(x)" "current af(x)+b" "best af(x)+b"
1 -1176.0000000000 -1176.0000000000 -1176.0000000000 -1176.0000000000
2 -1118.0000000000 -1118.0000000000 -1118.0000000000 -1118.0000000000
10 -1069.0000000000 -1069.0000000000 -1069.0000000000 -1069.0000000000
20 -1020.0000000000 -1020.0000000000 -1020.0000000000 -1020.0000000000
90 -903.0000000000 -903.0000000000 -903.0000000000 -903.0000000000
223 -875.0000000000 -875.0000000000 -875.0000000000 -875.0000000000
296 -835.0000000000 -835.0000000000 -835.0000000000 -835.0000000000
750 -757.0000000000 -757.0000000000 -757.0000000000 -757.0000000000
6172 -680.0000000000 -680.0000000000 -680.0000000000 -680.0000000000
55015 -679.0000000000 -679.0000000000 -679.0000000000 -679.0000000000
100000 -1546.0000000000 -679.0000000000 -1546.0000000000 -679.0000000000
