evaluations raw_y
1 -0.4935103917
7 -0.4876822839
104 -0.4805644281
115 -0.4763999778
131 -0.4742115046
136 -0.4727834678
183 -0.4702649718
204 -0.4631471159
215 -0.4589826656
231 -0.4567941924
236 -0.4553661556
304 -0.4482482997
331 -0.4418953762
404 -0.4347775203
449 -0.4332681703
473 -0.4319770777
504 -0.4248592218
549 -0.4233498718
575 -0.4227945467
604 -0.4156766908
649 -0.4141673408
704 -0.4070494849
754 -0.4068848583
757 -0.4066294391
758 -0.4064881486
770 -0.4063545229
804 -0.3992366670
854 -0.3990720404
857 -0.3988166212
858 -0.3986753308
904 -0.3915574749
954 -0.3913928483
957 -0.3911374291
1004 -0.3840195732
1054 -0.3838549466
1104 -0.3767370907
1205 -0.3749657117
1210 -0.3732575362
1211 -0.3718055922
1212 -0.3713381488
1305 -0.3695667698
1310 -0.3678585942
1311 -0.3664066502
1341 -0.3663841602
1381 -0.3663269249
1405 -0.3645555459
1410 -0.3628473704
1411 -0.3613954263
1441 -0.3613729363
1505 -0.3596015573
1510 -0.3578933818
1511 -0.3564414378
1605 -0.3546700588
1610 -0.3529618833
1617 -0.3527548790
1621 -0.3519275502
1651 -0.3516299063
1656 -0.3515406017
1705 -0.3497692227
1710 -0.3480610471
1717 -0.3478540429
1721 -0.3470267141
1751 -0.3467290702
1759 -0.3466957470
1805 -0.3449243680
1810 -0.3432161925
1817 -0.3430091882
1821 -0.3421818594
1851 -0.3418842156
1905 -0.3401128366
1910 -0.3384046610
1917 -0.3381976568
1921 -0.3373703280
2005 -0.3355989489
2010 -0.3338907734
2017 -0.3336837692
2044 -0.3335067201
2105 -0.3317353411
2110 -0.3300271656
2117 -0.3298201614
2150 -0.3279613908
2205 -0.3261900118
2210 -0.3244818363
2217 -0.3242748321
2305 -0.3225034531
2310 -0.3207952776
2405 -0.3190238986
2409 -0.3181637472
2416 -0.3178022959
2505 -0.3160309169
2509 -0.3151707655
2589 -0.3151481658
2605 -0.3133767868
2609 -0.3125166355
2705 -0.3107452565
2724 -0.3102371871
2746 -0.3102088851
2761 -0.3101563053
2805 -0.3083849263
2824 -0.3078768569
2846 -0.3078485549
2905 -0.3060771759
2924 -0.3055691065
3005 -0.3037977275
3098 -0.3033111766
3105 -0.3015397976
3219 -0.3012082235
3230 -0.3005387572
3319 -0.3002071832
3366 -0.3001241118
3419 -0.2997925378
35717 -0.2995499561
35827 -0.2992183820
35872 -0.2989333738
35927 -0.2986017998
36107 -0.2985934146
40115 -0.2984025942
40164 -0.2981204164
40215 -0.2976402964
40273 -0.2975038341
40274 -0.2974668513
40315 -0.2969867313
40373 -0.2968502691
40415 -0.2963701491
40506 -0.2962803851
40515 -0.2958002651
103025 -0.3055297521
evaluations raw_y
1 -0.5720517393
2 -0.4596131394
3 -0.4588073898
5 -0.4578417604
8 -0.4573513527
16 -0.4566201577
21 -0.4550992518
27 -0.4542282606
28 -0.4539151003
31 -0.4526744920
36 -0.4523633304
37 -0.4488703634
39 -0.4470230035
103 -0.4462172539
105 -0.4452516245
108 -0.4447612169
116 -0.4440300218
121 -0.4425091159
127 -0.4416381248
128 -0.4413249644
131 -0.4400843562
136 -0.4397731945
137 -0.4362802276
183 -0.4360709130
203 -0.4352651635
205 -0.4342995340
208 -0.4338091264
216 -0.4330779313
221 -0.4315570254
227 -0.4306860343
228 -0.4303728740
231 -0.4291322657
236 -0.4288211041
237 -0.4253281371
303 -0.4245223875
305 -0.4235567581
308 -0.4230663504
316 -0.4223351554
321 -0.4208142495
327 -0.4199432584
328 -0.4196300980
331 -0.4183894897
336 -0.4180783281
349 -0.4167009311
403 -0.4158951816
405 -0.4149295521
408 -0.4144391445
416 -0.4137079495
421 -0.4121870435
427 -0.4113160524
428 -0.4110028921
431 -0.4097622838
436 -0.4094511222
455 -0.4091799575
503 -0.4083742079
505 -0.4074085784
508 -0.4069181708
516 -0.4061869758
521 -0.4046660698
527 -0.4037950787
528 -0.4034819184
531 -0.4022413101
536 -0.4019301485
603 -0.4011243989
605 -0.4001587695
608 -0.3996683618
616 -0.3989371668
621 -0.3974162609
627 -0.3965452698
628 -0.3962321094
631 -0.3949915011
703 -0.3941857516
705 -0.3932201221
716 -0.3919985195
721 -0.3904776135
727 -0.3896066224
728 -0.3892934621
740 -0.3882931379
803 -0.3874873884
805 -0.3865217589
816 -0.3853001562
821 -0.3837792503
827 -0.3829082592
828 -0.3825950989
868 -0.3825755007
873 -0.3822520206
903 -0.3814462711
905 -0.3804806416
916 -0.3792590389
921 -0.3777381330
927 -0.3768671419
928 -0.3765539816
968 -0.3765343834
1003 -0.3757286338
1005 -0.3747630044
1016 -0.3735414017
1021 -0.3720204958
1027 -0.3711495047
1028 -0.3708363443
1104 -0.3705848055
1105 -0.3690649653
1116 -0.3678433626
1121 -0.3663224567
1127 -0.3654514656
1204 -0.3651999268
1205 -0.3636800866
1216 -0.3624584839
1221 -0.3609375780
1223 -0.3587523207
1304 -0.3585007819
1305 -0.3569809417
1316 -0.3557593390
1321 -0.3542384331
1341 -0.3537983322
1404 -0.3535467934
1405 -0.3520269531
1416 -0.3508053505
1421 -0.3492844445
1488 -0.3488836417
1504 -0.3486321029
1505 -0.3471122627
1521 -0.3443697541
1543 -0.3442229265
1604 -0.3439713877
1605 -0.3424515475
1621 -0.3397090389
1704 -0.3394575001
1705 -0.3379376599
1733 -0.3376460060
1744 -0.3358454311
1804 -0.3355938923
1805 -0.3340740521
1833 -0.3337823981
1846 -0.3335376806
1850 -0.3303001018
1904 -0.3300485630
1905 -0.3285287228
1933 -0.3282370689
1946 -0.3279923514
1954 -0.3272524369
1966 -0.3268373431
1976 -0.3267218085
2004 -0.3264702698
2005 -0.3249504295
2035 -0.3247524674
2046 -0.3244140581
2054 -0.3236741436
2066 -0.3232590498
2104 -0.3230075111
2105 -0.3214876708
2135 -0.3212897087
2146 -0.3209512994
2154 -0.3202113849
2204 -0.3199598461
2205 -0.3184400059
2235 -0.3140072262
2304 -0.3137556874
2305 -0.3122358472
2346 -0.3116994757
2404 -0.3114479370
2405 -0.3099280967
2465 -0.3094976570
2504 -0.3071506446
2605 -0.3053792656
2613 -0.3010555973
2705 -0.2992842183
2806 -0.2988040983
2809 -0.2984823773
2830 -0.2982831780
2894 -0.2982752065
2895 -0.2980917882
2906 -0.2976116682
2909 -0.2972899472
2930 -0.2970907478
2994 -0.2970827763
3006 -0.2966026563
3009 -0.2962809353
3030 -0.2960817360
3096 -0.2958524862
3106 -0.2953723662
3109 -0.2950506452
3130 -0.2948514458
3206 -0.2943713258
3209 -0.2940496048
3306 -0.2935694848
3345 -0.2933085874
3406 -0.2928284674
3599 -0.2928200823
101724 -0.3104433223
evaluations raw_y
1 -0.5685426877
2 -0.5430553981
3 -0.5427033565
5 -0.5412840191
8 -0.5407936114
9 -0.5404238677
15 -0.5317730919
20 -0.5310777930
32 -0.5271627938
103 -0.5268107522
105 -0.5253914148
108 -0.5249010072
109 -0.5245312635
115 -0.5158804876
120 -0.5151851887
136 -0.5146002172
183 -0.5125949700
203 -0.5122429284
205 -0.5108235910
208 -0.5103331834
209 -0.5099634397
215 -0.5013126639
220 -0.5006173650
236 -0.5000323934
303 -0.4996803518
305 -0.4982610144
308 -0.4977706068
309 -0.4974008631
315 -0.4939356465
320 -0.4880547884
403 -0.4877027468
405 -0.4862834094
408 -0.4857930017
409 -0.4854232580
415 -0.4819580414
431 -0.4811161410
472 -0.4782471779
488 -0.4781328276
503 -0.4777807860
505 -0.4763614485
508 -0.4758710409
509 -0.4755012972
515 -0.4720360806
531 -0.4711941802
572 -0.4683252170
603 -0.4679731754
605 -0.4665538380
608 -0.4660634304
609 -0.4656936867
615 -0.4622284701
631 -0.4613865697
674 -0.4613239025
703 -0.4609718609
705 -0.4595525235
708 -0.4590621158
709 -0.4586923721
715 -0.4552271555
731 -0.4543852551
803 -0.4540332135
805 -0.4526138761
809 -0.4517537248
815 -0.4482885082
848 -0.4480965567
903 -0.4477445151
905 -0.4463251777
909 -0.4454650264
915 -0.4419998097
971 -0.4418085044
1003 -0.4414564628
1005 -0.4400371254
1009 -0.4391769741
1015 -0.4357117575
1103 -0.4353597159
1105 -0.4339403785
1128 -0.4297846426
1173 -0.4296706402
1203 -0.4293185986
1205 -0.4278992612
1228 -0.4237435253
1305 -0.4219721463
1334 -0.4199472480
1344 -0.4193915441
1351 -0.4189319939
1353 -0.4188685190
1357 -0.4184346493
1377 -0.4180410411
1405 -0.4162696621
1434 -0.4142447638
1444 -0.4136890599
1451 -0.4132295097
1453 -0.4131660348
1457 -0.4127321652
1505 -0.4109607862
1534 -0.4089358879
1544 -0.4083801840
1551 -0.4079206337
1553 -0.4078571588
1581 -0.4077209413
1605 -0.4059495623
1634 -0.4039246640
1644 -0.4033689601
1651 -0.4029094099
1653 -0.4028459350
1705 -0.4010745560
1734 -0.3990496577
1743 -0.3973202229
1805 -0.3955488439
1834 -0.3935239456
1844 -0.3929682417
1851 -0.3925086915
1905 -0.3907373125
1934 -0.3887124141
1944 -0.3881567102
1982 -0.3878782094
2005 -0.3861068304
2034 -0.3840819321
2044 -0.3835262282
2105 -0.3817548491
2134 -0.3797299508
2163 -0.3794609633
2180 -0.3792044966
2203 -0.3754830330
2234 -0.3754082193
2263 -0.3751392317
2303 -0.3714177681
2334 -0.3713429544
2387 -0.3710861506
2403 -0.3673646870
2434 -0.3672898733
2503 -0.3635684097
2584 -0.3635243314
2603 -0.3598028678
2638 -0.3573596696
2703 -0.3536382061
2805 -0.3518668270
2835 -0.3516688649
2846 -0.3513304556
2847 -0.3501979169
2905 -0.3484265379
2935 -0.3482285757
2946 -0.3478901664
2954 -0.3471502519
2979 -0.3469476960
3005 -0.3451763170
3035 -0.3449783549
3046 -0.3446399456
3054 -0.3439000311
3105 -0.3421286521
3135 -0.3376958724
3205 -0.3359244934
3246 -0.3353881219
3305 -0.3336167429
3398 -0.3331301920
3405 -0.3313588130
3506 -0.3311914857
3513 -0.3304214273
3595 -0.3301663829
3606 -0.3299990556
3613 -0.3292289972
3704 -0.3288064909
3737 -0.3284006856
3752 -0.3277550026
3804 -0.3273324964
3837 -0.3269266910
3904 -0.3219043087
4019 -0.3215727347
4065 -0.3212507437
4085 -0.3211262171
4090 -0.3200332895
4119 -0.3197017154
4165 -0.3193797244
4185 -0.3192551979
4219 -0.3189236239
4265 -0.3186016328
4319 -0.3182700588
4397 -0.3180317489
4419 -0.3177001748
8307 -0.3176700028
8330 -0.3174540720
8346 -0.3174091055
8386 -0.3173720312
8396 -0.3169576927
8397 -0.3169198327
8407 -0.3164397127
8430 -0.3162237818
8446 -0.3161788153
8486 -0.3161417411
8496 -0.3157274025
8507 -0.3152472825
8530 -0.3150313517
8546 -0.3149863852
8586 -0.3149493109
8607 -0.3144691909
8630 -0.3142532601
8646 -0.3142082936
8707 -0.3137281736
8730 -0.3135122428
8807 -0.3130321227
8865 -0.3128956605
8907 -0.3124155405
9067 -0.3120008951
11507 -0.3106301782
11511 -0.3097700269
11607 -0.3079986479
11648 -0.3074622764
11707 -0.3056908974
11762 -0.3056593240
11800 -0.3052043465
11807 -0.3034329675
11862 -0.3034013941
11907 -0.3016300151
12054 -0.3001560205
12167 -0.2995024555
12192 -0.2988845122
12267 -0.2982309471
12388 -0.2981738843
12399 -0.2976610632
12488 -0.2976040004
16367 -0.2975091632
16368 -0.2974721803
16409 -0.2969920603
16467 -0.2968555981
16509 -0.2963754781
16600 -0.2962857141
16609 -0.2958055941
16789 -0.2957485313
76394 -0.2955171350
76516 -0.2955087499
89326 -0.2950686482
89349 -0.2948527173
89426 -0.2943725973
89606 -0.2943155345
101125 -0.3098587319
evaluations raw_y
1 -0.4860071591
215 -0.4842089157
218 -0.4837722595
223 -0.4762281696
306 -0.4760608423
309 -0.4735966393
315 -0.4701314227
318 -0.4696947665
337 -0.4654853937
404 -0.4652338549
409 -0.4628538633
415 -0.4593886467
418 -0.4589519905
440 -0.4587870304
474 -0.4576712146
504 -0.4574196758
509 -0.4550396842
515 -0.4515744676
518 -0.4511378114
540 -0.4509728513
604 -0.4507213126
609 -0.4483413210
615 -0.4448761044
618 -0.4444394482
671 -0.4443275261
704 -0.4440759873
709 -0.4416959958
715 -0.4382307792
718 -0.4377941230
804 -0.4375425842
809 -0.4351625926
815 -0.4316973760
848 -0.4315054245
904 -0.4312538857
909 -0.4288738942
915 -0.4254086776
1004 -0.4251571388
1017 -0.4217221188
1034 -0.4216124003
1044 -0.4210566963
1051 -0.4205971461
1059 -0.4205638229
1076 -0.4194164687
1104 -0.4191649299
1117 -0.4157299100
1134 -0.4156201914
1144 -0.4150644875
1151 -0.4146049373
1159 -0.4145716141
1181 -0.4144052449
1193 -0.4140572730
1204 -0.4138057342
1217 -0.4103707142
1234 -0.4102609957
1244 -0.4097052918
1251 -0.4092457415
1259 -0.4092124183
1281 -0.4090460491
1304 -0.4087945103
1317 -0.4053594904
1334 -0.4052497718
1344 -0.4046940679
1351 -0.4042345177
1359 -0.4042011945
1404 -0.4039496557
1417 -0.4005146357
1434 -0.4004049171
1444 -0.3998492132
1451 -0.3993896630
1504 -0.3991381242
1517 -0.3957031042
1534 -0.3955933857
1544 -0.3950376818
1604 -0.3947861430
1617 -0.3913511230
1634 -0.3912414045
1663 -0.3909724169
1680 -0.3907159502
1703 -0.3869944866
1734 -0.3869196729
1763 -0.3866506853
1803 -0.3829292217
1834 -0.3828544080
1903 -0.3791329444
1984 -0.3790888661
2003 -0.3753674025
2038 -0.3729242043
2103 -0.3692027408
2204 -0.3689512020
2217 -0.3655161820
2228 -0.3635047017
2304 -0.3632531629
2317 -0.3598181429
2404 -0.3595666041
2419 -0.3594865689
2420 -0.3569963776
2447 -0.3563778537
2466 -0.3563553842
2504 -0.3561038455
2519 -0.3560238102
2520 -0.3535336189
2547 -0.3529150950
2604 -0.3526635563
2619 -0.3525835210
2620 -0.3500933297
2704 -0.3498417909
2719 -0.3497617556
2724 -0.3478138813
2731 -0.3473905743
2739 -0.3383011748
2804 -0.3380496361
2819 -0.3379696008
2824 -0.3360217264
2831 -0.3355984195
2904 -0.3353468807
2908 -0.3312332338
3004 -0.3309816950
3013 -0.3292615827
3024 -0.3289537854
3089 -0.3285791038
3104 -0.3283275650
3113 -0.3266074527
3124 -0.3262996553
3204 -0.3260481166
3213 -0.3243280043
3298 -0.3240417254
3304 -0.3237901867
3313 -0.3220700744
3404 -0.3170476921
3519 -0.3167161181
3529 -0.3163516413
3560 -0.3152447397
3619 -0.3149131656
3629 -0.3145486888
3661 -0.3139774787
3679 -0.3135338442
3719 -0.3132022701
3729 -0.3128377934
3730 -0.3125328038
3761 -0.3122665832
3819 -0.3119350092
3829 -0.3115705324
3830 -0.3112655429
3919 -0.3109339688
3929 -0.3105694921
4019 -0.3102379180
4065 -0.3099159270
4119 -0.3095843530
4197 -0.3093460430
4219 -0.3090144690
4392 -0.3088075594
4477 -0.3049228789
4599 -0.3049144938
8824 -0.3047912769
8893 -0.3047107728
8924 -0.3045843674
8978 -0.2990082887
9024 -0.2988818832
9123 -0.2935622474
9300 -0.2935538622
47987 -0.2928573370
48096 -0.2928002742
100324 -0.3081438762
evaluations raw_y
1 -0.5215174718
2 -0.5127036635
6 -0.5125363361
7 -0.4973806629
93 -0.4958542647
106 -0.4956869374
107 -0.4805312641
206 -0.4803639368
212 -0.4751323222
231 -0.4735926168
236 -0.4680958959
239 -0.4669116385
306 -0.4667443112
312 -0.4615126966
331 -0.4599729912
336 -0.4544762703
406 -0.4543089430
412 -0.4490773284
431 -0.4475376230
457 -0.4469383687
469 -0.4463829843
472 -0.4446686598
484 -0.4439024322
506 -0.4437351049
512 -0.4385034903
531 -0.4369637849
557 -0.4363645305
569 -0.4358091462
572 -0.4340948217
606 -0.4339274944
612 -0.4286958797
631 -0.4271561743
657 -0.4265569200
670 -0.4262820038
701 -0.4254613875
706 -0.4252940601
712 -0.4200624455
731 -0.4185227401
757 -0.4179234858
770 -0.4176485696
806 -0.4174812423
812 -0.4122496277
831 -0.4107099223
857 -0.4101106679
906 -0.4099433406
912 -0.4047117260
931 -0.4031720206
1006 -0.4030046933
1012 -0.3977730786
1013 -0.3964295260
1112 -0.3910305841
1134 -0.3897392116
1140 -0.3897311628
1212 -0.3843322208
1234 -0.3830408484
1312 -0.3776419065
1348 -0.3767521500
1371 -0.3763955232
1412 -0.3709965812
1448 -0.3701068247
1485 -0.3700178799
1512 -0.3646189379
1548 -0.3637291814
1612 -0.3583302395
1719 -0.3543829322
1751 -0.3535187080
1819 -0.3495714008
1860 -0.3488925133
1919 -0.3449452060
2024 -0.3425825851
2054 -0.3418975410
2076 -0.3413669127
2124 -0.3390042918
2154 -0.3383192478
2224 -0.3359566269
2235 -0.3321150891
2324 -0.3297524682
2358 -0.3294488057
2424 -0.3270861848
2453 -0.3245737994
2524 -0.3222111785
2630 -0.3212101381
2646 -0.3199034281
2730 -0.3189023877
2765 -0.3183724516
2830 -0.3173714113
2943 -0.3167049349
2945 -0.3166303939
2955 -0.3166091135
3043 -0.3159426371
3045 -0.3158680961
3143 -0.3152016197
3294 -0.3141926079
3396 -0.3129623177
7305 -0.3087736084
7491 -0.3085814270
11024 -0.3077971420
11108 -0.3073170220
11166 -0.3071805598
11208 -0.3067004398
11368 -0.3062857944
15922 -0.3062230758
15969 -0.3061400045
15999 -0.3053243597
16022 -0.3049927856
16069 -0.3049097143
16122 -0.3045781403
57191 -0.3045261008
57241 -0.3038300500
57242 -0.3035250605
57277 -0.3029951244
57341 -0.3022990736
57342 -0.3019940840
57408 -0.3017648342
57441 -0.3010687834
57442 -0.3007637939
57541 -0.3000677430
57557 -0.3000227765
57641 -0.2993267257
57778 -0.2989120803
57911 -0.2989036952
70237 -0.2974495060
101924 -0.3130134599
evaluations raw_y
1 -0.4543375082
504 -0.4539424015
510 -0.4530614144
515 -0.4511710120
534 -0.4505774446
540 -0.4505693957
553 -0.4492884235
575 -0.4480852279
604 -0.4447598705
610 -0.4438788833
621 -0.4435713403
628 -0.4423871889
634 -0.4413949136
640 -0.4413868647
653 -0.4401058925
704 -0.4367805350
710 -0.4358995479
721 -0.4355920049
728 -0.4344078534
734 -0.4334155781
740 -0.4334075292
804 -0.4300821718
810 -0.4292011846
821 -0.4288936416
828 -0.4277094902
834 -0.4267172149
904 -0.4233918575
910 -0.4225108703
921 -0.4222033273
928 -0.4210191758
948 -0.4204285164
1002 -0.4203416731
1004 -0.4170163157
1010 -0.4161353285
1021 -0.4158277855
1028 -0.4146436340
1048 -0.4140529747
1104 -0.4107276172
1110 -0.4098466301
1121 -0.4095390871
1128 -0.4083549356
1168 -0.4083353374
1204 -0.4050099800
1210 -0.4041289928
1221 -0.4038214498
1228 -0.4026372984
1277 -0.4026328532
1304 -0.3993074958
1310 -0.3984265087
1321 -0.3981189656
1328 -0.3969348142
1404 -0.3936094568
1410 -0.3927284696
1421 -0.3924209266
1450 -0.3913894849
1504 -0.3880641275
1510 -0.3871831403
1521 -0.3868755973
1551 -0.3865779534
1556 -0.3864886488
1557 -0.3860806089
1604 -0.3827552515
1610 -0.3818742643
1621 -0.3815667213
1651 -0.3812690775
1656 -0.3811797728
1704 -0.3778544154
1710 -0.3769734282
1721 -0.3766658852
1751 -0.3763682414
1804 -0.3730428840
1810 -0.3721618968
1821 -0.3718543538
1904 -0.3685289964
1910 -0.3676480092
2004 -0.3643226518
2019 -0.3637007019
2063 -0.3635827443
2104 -0.3602573869
2119 -0.3596354370
2187 -0.3595296632
2204 -0.3562043058
2219 -0.3555823560
2304 -0.3522569985
2366 -0.3521195973
2376 -0.3520040627
2384 -0.3518168140
2404 -0.3484914566
2438 -0.3456521523
2504 -0.3423267948
2566 -0.3421893936
2576 -0.3420738590
2604 -0.3387485016
2666 -0.3386111003
2704 -0.3352857429
2806 -0.3348056229
2809 -0.3326542125
2854 -0.3322380779
2862 -0.3314661855
2906 -0.3309860655
2909 -0.3288346552
2954 -0.3284185206
3006 -0.3279384005
3009 -0.3257869902
3035 -0.3222143618
3106 -0.3217342418
3109 -0.3195828315
3206 -0.3191027115
3224 -0.3172202106
3306 -0.3167400906
3330 -0.3162191703
3360 -0.3154172582
3398 -0.3149622807
3406 -0.3144821607
3430 -0.3139612404
3460 -0.3131593283
3506 -0.3126792083
3530 -0.3121582879
3606 -0.3116781679
3685 -0.3113801963
3706 -0.3109000763
3722 -0.3060605605
3806 -0.3055804405
7231 -0.3054196898
7307 -0.3049395698
7346 -0.3046786724
7386 -0.3046415982
7407 -0.3041614782
7446 -0.3039005808
7507 -0.3034204608
7566 -0.3032470158
7607 -0.3027668957
7724 -0.3026404903
7823 -0.2973208545
7987 -0.2972637916
16109 -0.2972260243
16200 -0.2971362603
16209 -0.2966561403
16322 -0.2963245663
100424 -0.3073059986
evaluations raw_y
1 -0.4951397855
14 -0.4945752674
91 -0.4885063202
103 -0.4880354930
109 -0.4838113927
110 -0.4811336792
114 -0.4776308482
203 -0.4771600209
209 -0.4729359206
210 -0.4702582071
249 -0.4690036422
294 -0.4671421661
303 -0.4666713388
309 -0.4624472385
310 -0.4597695250
349 -0.4585149601
403 -0.4580441329
409 -0.4538200326
410 -0.4511423191
470 -0.4507021423
480 -0.4500009377
506 -0.4498336104
509 -0.4453060101
510 -0.4426282966
570 -0.4421881198
606 -0.4420207925
609 -0.4374931923
610 -0.4348154788
706 -0.4346481514
709 -0.4340136377
713 -0.4291072495
718 -0.4282820756
725 -0.4275950323
806 -0.4274277050
809 -0.4267931913
813 -0.4218868031
818 -0.4210616292
871 -0.4209497071
906 -0.4207823797
909 -0.4201478661
913 -0.4152414779
918 -0.4144163039
1006 -0.4142489766
1009 -0.4136144629
1013 -0.4087080747
1042 -0.4078910337
1106 -0.4077237063
1109 -0.4070891927
1113 -0.4021828045
1209 -0.4013809634
1220 -0.3993610391
1228 -0.3964847654
1309 -0.3956829244
1320 -0.3936630000
1333 -0.3917113779
1336 -0.3915711960
1341 -0.3915307768
1357 -0.3911758894
1409 -0.3903740484
1420 -0.3883541241
1433 -0.3864025019
1436 -0.3862623200
1441 -0.3862219009
1481 -0.3861646656
1509 -0.3853628246
1520 -0.3833429002
1533 -0.3813912781
1536 -0.3812510962
1541 -0.3812106770
1609 -0.3804088360
1620 -0.3783889116
1633 -0.3764372895
1636 -0.3762971076
1709 -0.3754952666
1715 -0.3736565817
1720 -0.3734753423
1733 -0.3715237201
1751 -0.3714855762
1809 -0.3706837352
1815 -0.3688450503
1820 -0.3686638108
1833 -0.3667121886
1909 -0.3659103476
1915 -0.3640716627
1920 -0.3638904233
1953 -0.3637457620
1987 -0.3626591076
2009 -0.3618572666
2015 -0.3600185817
2020 -0.3598373422
2053 -0.3596926809
2093 -0.3591720500
2109 -0.3583702090
2115 -0.3565315241
2120 -0.3563502846
2153 -0.3562056233
2209 -0.3554037823
2215 -0.3535650974
2220 -0.3533838580
2258 -0.3485264312
2309 -0.3477245902
2315 -0.3458859053
2320 -0.3457046659
2409 -0.3449028248
2415 -0.3430641399
2439 -0.3320850403
2509 -0.3312831993
2515 -0.3294445143
2629 -0.3287484635
2645 -0.3287034970
2652 -0.3279705198
2668 -0.3268560305
2729 -0.3261599796
2745 -0.3261150131
2752 -0.3253820359
2779 -0.3251451350
2789 -0.3242019004
2829 -0.3235058496
2845 -0.3234608831
2852 -0.3227279059
2879 -0.3224910049
2929 -0.3217949541
2930 -0.3214899646
2952 -0.3210170104
3029 -0.3203209595
3030 -0.3200159700
3098 -0.3197764767
3129 -0.3190804259
3130 -0.3187754364
3229 -0.3180793856
3245 -0.3180344190
3285 -0.3179973448
3329 -0.3173012940
3345 -0.3172563274
3429 -0.3165602766
3563 -0.3162362383
3564 -0.3159436943
3565 -0.3159067115
3663 -0.3155826733
3664 -0.3152901293
3763 -0.3149660910
3766 -0.3148754839
3797 -0.3147202453
3863 -0.3143962071
3866 -0.3143055999
3963 -0.3139815617
4055 -0.3132192639
4186 -0.3131622011
7506 -0.3109203673
7619 -0.3093988289
7661 -0.3091174149
7719 -0.3075958765
7820 -0.3072643025
7830 -0.3068998257
7831 -0.3065948361
7853 -0.3061218819
7920 -0.3057903079
7930 -0.3054258311
7931 -0.3051208416
7991 -0.3048503736
8020 -0.3045187996
8030 -0.3041543228
8031 -0.3038493333
8095 -0.3038413618
8099 -0.3036098400
8120 -0.3032782660
8130 -0.3029137892
8131 -0.3026087996
8195 -0.3026008282
8220 -0.3022692541
8230 -0.3019047773
8231 -0.3015997878
8297 -0.3013705380
8320 -0.3010389640
8330 -0.3006744872
8331 -0.3003694976
8420 -0.3000379236
8430 -0.2996734468
8446 -0.2996284803
8520 -0.2992969062
8530 -0.2989324294
8620 -0.2986008554
8665 -0.2983158472
8720 -0.2979842731
8893 -0.2977773636
8978 -0.2920748794
9100 -0.2920664943
101124 -0.3056982717
evaluations raw_y
1 -0.5188969599
2 -0.5167492486
5 -0.5142000622
7 -0.5119756115
14 -0.5065721340
20 -0.5029978394
91 -0.4998048293
105 -0.4972556429
107 -0.4950311922
114 -0.4896277147
120 -0.4860534201
205 -0.4835042337
214 -0.4758763055
227 -0.4726224558
231 -0.4725826408
305 -0.4700334543
314 -0.4624055262
327 -0.4591516764
405 -0.4566024900
414 -0.4489745618
484 -0.4485778383
505 -0.4460286518
514 -0.4384007237
605 -0.4358515372
617 -0.4344920592
629 -0.4343175042
635 -0.4321965650
644 -0.4295215293
672 -0.4283710074
705 -0.4258218210
717 -0.4246844486
726 -0.4246069145
729 -0.4242877880
735 -0.4221668487
744 -0.4194918130
805 -0.4169426266
817 -0.4158052543
826 -0.4157277201
829 -0.4154085936
835 -0.4132876543
849 -0.4108646071
901 -0.4108583788
905 -0.4083091924
917 -0.4071718201
926 -0.4070942859
929 -0.4067751594
935 -0.4046542201
949 -0.4022311729
1005 -0.3996819865
1017 -0.3985446141
1026 -0.3984670799
1029 -0.3981479534
1035 -0.3960270142
1057 -0.3946932712
1070 -0.3944183550
1092 -0.3940588948
1105 -0.3922875158
1117 -0.3903723360
1126 -0.3902948018
1129 -0.3899756753
1135 -0.3878547361
1157 -0.3865209931
1170 -0.3862460769
1205 -0.3844746979
1217 -0.3825595181
1226 -0.3824819839
1229 -0.3821628574
1235 -0.3800419182
1257 -0.3787081752
1305 -0.3769367962
1317 -0.3750216165
1326 -0.3749440823
1329 -0.3746249558
1335 -0.3725040165
1405 -0.3707326375
1417 -0.3688174577
1426 -0.3687399236
1429 -0.3684207971
1436 -0.3675904471
1437 -0.3670758289
1446 -0.3668090974
1468 -0.3667863793
1505 -0.3650150003
1517 -0.3630998205
1526 -0.3630222863
1529 -0.3627031598
1536 -0.3618728099
1537 -0.3613581916
1546 -0.3610914602
1605 -0.3593200812
1617 -0.3574049014
1626 -0.3573273672
1636 -0.3561778908
1637 -0.3556632726
1705 -0.3538918936
1717 -0.3519767138
1726 -0.3518991796
1736 -0.3507497032
1781 -0.3502402303
1805 -0.3484688513
1817 -0.3465536715
1826 -0.3464761373
1836 -0.3453266609
1905 -0.3435552819
1915 -0.3426861350
1917 -0.3416401021
1926 -0.3415625679
1959 -0.3404818062
2005 -0.3387104272
2015 -0.3378412803
2017 -0.3367952474
2026 -0.3367177132
2082 -0.3358513241
2105 -0.3340799451
2115 -0.3332107982
2117 -0.3321647654
2126 -0.3320872312
2205 -0.3303158521
2215 -0.3294467052
2217 -0.3284006724
2305 -0.3266292934
2315 -0.3257601465
2366 -0.3249379137
2405 -0.3231665347
2415 -0.3222973878
2479 -0.3216876929
2505 -0.3199163139
2515 -0.3190471670
2605 -0.3172757879
2624 -0.3167677185
2705 -0.3149963395
2807 -0.3137373191
2811 -0.3137355435
2907 -0.3124765231
3019 -0.3121449491
3025 -0.3102714087
3055 -0.3049555494
3119 -0.3046239754
3125 -0.3027504350
3219 -0.3024188610
3229 -0.3020543842
3245 -0.3020094176
3285 -0.3019723434
3294 -0.3017414232
3319 -0.3014098491
3329 -0.3010453723
3345 -0.3010004058
3385 -0.3009633316
3396 -0.3005111330
3419 -0.3001795590
3429 -0.2998150822
3445 -0.2997701156
3485 -0.2997330414
3519 -0.2994014674
3522 -0.2944134056
3619 -0.2940818315
3629 -0.2937173548
3645 -0.2936723882
3719 -0.2933408142
3729 -0.2929763374
3819 -0.2926447634
3897 -0.2924064534
3919 -0.2920748794
4099 -0.2920664943
102025 -0.3095524015
evaluations raw_y
1 -0.5131043965
2 -0.4924581839
3 -0.4916524344
5 -0.4906868049
8 -0.4880929982
10 -0.4850855429
39 -0.4816955188
103 -0.4808897693
105 -0.4799241398
108 -0.4773303331
110 -0.4743228778
201 -0.4730620846
203 -0.4722563350
205 -0.4712907056
208 -0.4686968989
210 -0.4656894435
303 -0.4648836940
305 -0.4639180645
308 -0.4613242578
311 -0.4607579450
326 -0.4605403773
328 -0.4599914045
338 -0.4595247818
342 -0.4591641733
371 -0.4590441183
387 -0.4587482302
403 -0.4579424806
405 -0.4569768512
408 -0.4543830445
411 -0.4538167316
428 -0.4530501911
438 -0.4525835685
442 -0.4522229599
471 -0.4521029050
503 -0.4512971554
505 -0.4503315259
508 -0.4477377192
511 -0.4471714064
528 -0.4464048659
538 -0.4459382432
542 -0.4455776347
603 -0.4447718851
605 -0.4438062557
608 -0.4412124490
611 -0.4406461361
628 -0.4398795956
638 -0.4394129730
643 -0.4391620130
703 -0.4383562634
705 -0.4373906340
708 -0.4347968272
711 -0.4342305144
728 -0.4334639739
738 -0.4329973512
753 -0.4311826775
803 -0.4303769280
805 -0.4294112985
808 -0.4268174918
811 -0.4262511789
828 -0.4254846384
838 -0.4250180158
903 -0.4242122662
905 -0.4232466368
908 -0.4206528300
911 -0.4200865172
928 -0.4193199767
973 -0.4189768985
1003 -0.4181711489
1005 -0.4172055195
1008 -0.4146117128
1011 -0.4140453999
1028 -0.4132788594
1035 -0.4127727398
1103 -0.4119669902
1105 -0.4110013608
1108 -0.4084075540
1111 -0.4078412412
1128 -0.4070747007
1176 -0.4067805309
1203 -0.4059747814
1205 -0.4050091519
1208 -0.4024153452
1211 -0.4018490324
1228 -0.4010824919
1305 -0.3993111129
1308 -0.3967173061
1311 -0.3961509933
1400 -0.3956653705
1405 -0.3938939915
1408 -0.3913001848
1411 -0.3907338719
1505 -0.3889624929
1508 -0.3863686862
1521 -0.3862199843
1551 -0.3859223405
1605 -0.3841509615
1608 -0.3815571547
1621 -0.3814084529
1677 -0.3813129255
1705 -0.3795415465
1708 -0.3769477398
1721 -0.3767990379
1805 -0.3750276589
1808 -0.3724338522
1905 -0.3706624732
1917 -0.3687472934
1934 -0.3686375749
1944 -0.3685702444
2005 -0.3667988654
2017 -0.3648836856
2034 -0.3647739670
2050 -0.3630249151
2105 -0.3612535361
2117 -0.3593383563
2134 -0.3592286378
2205 -0.3574572588
2217 -0.3555420790
2255 -0.3554488907
2305 -0.3536775117
2317 -0.3517623319
2363 -0.3513836258
2405 -0.3496122468
2417 -0.3476970671
2505 -0.3459256880
2524 -0.3454176186
2561 -0.3453367369
2586 -0.3451349919
2591 -0.3441149890
2605 -0.3423436100
2624 -0.3418355406
2661 -0.3417546588
2686 -0.3415529138
2693 -0.3387557932
2705 -0.3369844142
2724 -0.3364763448
2761 -0.3363954631
2786 -0.3361937180
2805 -0.3344223390
2824 -0.3339142696
2861 -0.3338333879
2905 -0.3320620089
2924 -0.3315539395
3005 -0.3297825604
3030 -0.3292944799
3105 -0.3275231009
3141 -0.3274703397
3162 -0.3271719474
3205 -0.3254005684
3241 -0.3253478072
3305 -0.3235764282
3326 -0.3215837142
3405 -0.3198123352
3460 -0.3197807618
3505 -0.3180093828
3606 -0.3178420555
3613 -0.3170719971
3618 -0.3164878444
3706 -0.3163205171
3713 -0.3155504587
3722 -0.3152347408
3806 -0.3150674135
3813 -0.3142973551
3896 -0.3140044507
3906 -0.3138371233
3913 -0.3130670650
4004 -0.3105490851
4119 -0.3102175111
4129 -0.3098530343
4137 -0.3051208975
4219 -0.3047893234
4229 -0.3044248466
4252 -0.3036469029
4319 -0.3033153289
4329 -0.3029508521
4419 -0.3026192781
4497 -0.3023809681
4519 -0.3020493941
45022 -0.2986375537
45115 -0.2981574337
45138 -0.2979415029
45139 -0.2976365133
45169 -0.2968346013
45215 -0.2963544813
45238 -0.2961385505
45239 -0.2958335609
45307 -0.2955940677
45315 -0.2951139476
45338 -0.2948980168
45339 -0.2945930273
45415 -0.2941129073
45438 -0.2938969765
45515 -0.2934168565
45573 -0.2932803942
45615 -0.2928002742
102124 -0.3122632339
evaluations raw_y
1 -0.5316952880
3 -0.5311274124
4 -0.5309842848
12 -0.5306077252
13 -0.5304119208
14 -0.5258295525
15 -0.5247243609
20 -0.5240290621
32 -0.5201140628
91 -0.5190622478
103 -0.5141829931
104 -0.5140398655
112 -0.5136633059
113 -0.5134675015
114 -0.5088851332
115 -0.5077799417
120 -0.5070846428
132 -0.5031696436
203 -0.4982903888
204 -0.4981472613
212 -0.4977707016
213 -0.4975748972
214 -0.4929925290
215 -0.4918873374
220 -0.4911920385
236 -0.4906070669
278 -0.4893175384
303 -0.4844382836
304 -0.4842951561
312 -0.4839185964
313 -0.4837227921
314 -0.4791404238
315 -0.4780352322
320 -0.4773399333
336 -0.4767549618
403 -0.4718757070
404 -0.4717325795
412 -0.4713560198
413 -0.4711602155
414 -0.4665778472
420 -0.4647773567
503 -0.4598981020
504 -0.4597549744
512 -0.4593784148
513 -0.4591826104
514 -0.4546002421
603 -0.4497209874
604 -0.4495778598
612 -0.4492013002
613 -0.4490054958
615 -0.4485034952
631 -0.4453653548
648 -0.4448798053
672 -0.4447926316
703 -0.4399133768
704 -0.4397702493
712 -0.4393936897
713 -0.4391978853
715 -0.4386958847
731 -0.4355577443
748 -0.4350721948
803 -0.4301929400
804 -0.4300498125
812 -0.4296732528
813 -0.4294774485
815 -0.4289754478
831 -0.4258373074
903 -0.4209580527
904 -0.4208149251
912 -0.4204383655
915 -0.4197405605
955 -0.4183163337
970 -0.4180244896
975 -0.4166547764
1003 -0.4117755217
1004 -0.4116323941
1012 -0.4112558345
1055 -0.4091338027
1070 -0.4088419585
1103 -0.4039627038
1104 -0.4038195763
1112 -0.4034430166
1155 -0.4013209849
1203 -0.3964417301
1204 -0.3962986026
1212 -0.3959220429
1257 -0.3945959477
1274 -0.3943196703
1303 -0.3894404156
1304 -0.3892972880
1312 -0.3889207284
1357 -0.3867817686
1403 -0.3819025139
1404 -0.3817593863
1412 -0.3813828267
1473 -0.3807406513
1503 -0.3758613966
1504 -0.3757182691
1512 -0.3753417094
1535 -0.3745364926
1603 -0.3696572379
1604 -0.3695141103
1612 -0.3691375507
1703 -0.3642582959
1704 -0.3641151684
1803 -0.3592359136
1841 -0.3591611798
1881 -0.3591039445
1903 -0.3542246898
1941 -0.3541499560
2003 -0.3492707012
2105 -0.3474993222
2108 -0.3449055155
2133 -0.3444973137
2159 -0.3444258465
2180 -0.3407566788
2205 -0.3389852998
2208 -0.3363914930
2233 -0.3359832913
2259 -0.3359118241
2305 -0.3341404451
2308 -0.3315466384
2333 -0.3311384366
2405 -0.3293670576
2408 -0.3267732509
2482 -0.3265079545
2505 -0.3247365755
2508 -0.3221427688
2605 -0.3203713898
2609 -0.3195112384
2623 -0.3154436239
2705 -0.3136722449
2709 -0.3128120935
2747 -0.3120033347
2766 -0.3119808652
2805 -0.3102094862
2809 -0.3093493348
2847 -0.3085405760
2905 -0.3067691970
2909 -0.3059090457
2989 -0.3058864460
3005 -0.3041150670
3009 -0.3032549156
3105 -0.3014835366
3160 -0.3014519632
3205 -0.2996805842
3329 -0.2989845334
3352 -0.2982065896
3429 -0.2975105388
3494 -0.2971975778
3495 -0.2970141595
3529 -0.2963181087
3594 -0.2960051477
3629 -0.2953090968
3696 -0.2947748575
3729 -0.2940788067
3864 -0.2934622244
3865 -0.2934252416
3964 -0.2928086593
4099 -0.2928002742
103225 -0.3198609858
