evaluations raw_y
1 -0.4723745423
105 -0.4721259523
109 -0.4699802112
110 -0.4673024977
112 -0.4672464021
114 -0.4644402523
150 -0.4635293498
205 -0.4609801634
209 -0.4588344223
210 -0.4561567088
212 -0.4561006132
214 -0.4532944634
274 -0.4529331361
305 -0.4503839497
309 -0.4482382085
310 -0.4455604950
312 -0.4455043995
314 -0.4426982496
405 -0.4401490632
409 -0.4380033221
410 -0.4353256086
412 -0.4352695130
437 -0.4332138929
473 -0.4327799511
505 -0.4302307647
509 -0.4280850236
510 -0.4254073101
512 -0.4253512145
537 -0.4232955944
605 -0.4207464080
609 -0.4186006668
610 -0.4159229533
612 -0.4158668578
669 -0.4145408598
705 -0.4119916734
709 -0.4098459323
710 -0.4071682188
780 -0.4060268374
805 -0.4034776510
809 -0.4013319099
810 -0.3986541963
905 -0.3961050099
916 -0.3956612147
918 -0.3921207932
1005 -0.3895716068
1016 -0.3891278115
1021 -0.3876069056
1051 -0.3873092618
1070 -0.3871675307
1071 -0.3858327409
1085 -0.3857431499
1105 -0.3831939635
1116 -0.3827501682
1121 -0.3812292623
1151 -0.3809316185
1170 -0.3807898874
1171 -0.3794550976
1205 -0.3769059112
1216 -0.3764621159
1221 -0.3749412100
1251 -0.3746435662
1270 -0.3745018351
1291 -0.3738098189
1292 -0.3733141408
1305 -0.3715427617
1316 -0.3703211591
1321 -0.3688002531
1351 -0.3685026093
1370 -0.3683608782
1391 -0.3676688620
1402 -0.3669385990
1405 -0.3651672200
1416 -0.3639456173
1421 -0.3624247114
1451 -0.3621270675
1470 -0.3619853365
1491 -0.3612933202
1505 -0.3595219412
1516 -0.3583003385
1521 -0.3567794326
1551 -0.3564817888
1570 -0.3563400577
1605 -0.3545686787
1616 -0.3533470760
1621 -0.3518261701
1638 -0.3501753960
1705 -0.3484040170
1716 -0.3471824143
1721 -0.3456615084
1751 -0.3453638645
1805 -0.3435924855
1816 -0.3423708828
1821 -0.3408499769
1905 -0.3390785979
1916 -0.3378569952
1979 -0.3375997561
2000 -0.3370595449
2005 -0.3352881659
2016 -0.3340665632
2079 -0.3338093241
2105 -0.3320379451
2116 -0.3308163424
2188 -0.3306985349
2205 -0.3289271559
2217 -0.3285565533
2224 -0.3284190865
2246 -0.3283907844
2261 -0.3283382047
2293 -0.3253393391
2305 -0.3235679601
2317 -0.3231973575
2324 -0.3230598907
2346 -0.3230315887
2361 -0.3229790090
2405 -0.3212076300
2417 -0.3208370274
2424 -0.3206995606
2446 -0.3206712585
2505 -0.3188998795
2517 -0.3185292769
2524 -0.3183918101
2605 -0.3166204311
2617 -0.3162498285
2665 -0.3161899914
2704 -0.3155400038
2705 -0.3144186123
2717 -0.3140480097
2804 -0.3133980222
2805 -0.3122766307
2904 -0.3116266432
2909 -0.3114747897
2994 -0.3112676189
3004 -0.3106176314
3009 -0.3104657779
3096 -0.3100373287
3104 -0.3093873412
3109 -0.3092354877
3204 -0.3085855002
3313 -0.3035247183
3406 -0.3030445983
3452 -0.3020507237
3506 -0.3015706037
3564 -0.3014341415
3606 -0.3009540215
3697 -0.3008642575
3706 -0.3003841375
3863 -0.3000600993
3955 -0.2992978015
92810 -0.2974639795
92919 -0.2974069167
101937 -0.3039002660
evaluations raw_y
1 -0.4664655574
514 -0.4646597155
605 -0.4628883364
610 -0.4565602843
631 -0.4553299877
673 -0.4547414169
705 -0.4529700379
710 -0.4466419858
731 -0.4454116892
805 -0.4436403102
810 -0.4373122581
905 -0.4355408791
913 -0.4312172108
938 -0.4311475964
940 -0.4306138949
954 -0.4300297756
1005 -0.4282583966
1013 -0.4239347284
1038 -0.4238651139
1040 -0.4233314124
1105 -0.4215600334
1113 -0.4172363651
1138 -0.4171667506
1143 -0.4169157907
1205 -0.4151444117
1213 -0.4108207434
1238 -0.4107511289
1248 -0.4106270922
1253 -0.4089364552
1305 -0.4071650762
1313 -0.4028414080
1338 -0.4027717935
1348 -0.4026477568
1405 -0.4008763778
1413 -0.3965527095
1438 -0.3964830950
1471 -0.3963597045
1505 -0.3945883255
1513 -0.3902646572
1538 -0.3901950428
1605 -0.3884236637
1613 -0.3840999955
1705 -0.3823286165
1717 -0.3801913310
1721 -0.3795861079
1741 -0.3791460069
1742 -0.3789416168
1772 -0.3780906212
1805 -0.3763192422
1817 -0.3744040625
1821 -0.3735767336
1841 -0.3731366327
1893 -0.3727314255
1901 -0.3725997146
1905 -0.3708283356
1917 -0.3689131558
1921 -0.3680858270
1941 -0.3676457260
1993 -0.3672405189
2005 -0.3654691399
2017 -0.3635539601
2021 -0.3627266313
2041 -0.3622865303
2105 -0.3605151513
2117 -0.3585999715
2121 -0.3577726427
2151 -0.3574749988
2156 -0.3573856942
2205 -0.3556143152
2217 -0.3536991354
2221 -0.3528718066
2251 -0.3525741627
2305 -0.3508027837
2317 -0.3488876040
2321 -0.3480602751
2405 -0.3462888961
2417 -0.3443737164
2477 -0.3441755946
2505 -0.3424042156
2517 -0.3404890358
2600 -0.3403851626
2605 -0.3386137836
2617 -0.3366986038
2705 -0.3349272248
2733 -0.3346355709
2747 -0.3332583146
2776 -0.3331203106
2805 -0.3313489316
2847 -0.3296800214
2905 -0.3279086424
2989 -0.3270258914
3005 -0.3252545124
3098 -0.3247679615
3105 -0.3229965825
3206 -0.3225164624
3207 -0.3217375621
3211 -0.3217357864
3222 -0.3213476492
3306 -0.3208675292
3307 -0.3200886288
3311 -0.3164161506
3406 -0.3159360306
3407 -0.3151571302
3490 -0.3151446423
3506 -0.3146645223
3507 -0.3138856219
3606 -0.3134055019
3625 -0.3116805075
3655 -0.3063646482
3706 -0.3058845282
3725 -0.3041595338
3806 -0.3036794138
3829 -0.3034634830
3895 -0.3029671036
3896 -0.3029292436
3906 -0.3024491236
3929 -0.3022331928
3995 -0.3017368135
4006 -0.3012566935
4029 -0.3010407627
4106 -0.3005606426
4299 -0.3005522575
66247 -0.2958573279
66411 -0.2958002651
96341 -0.2955940670
96399 -0.2954576047
96400 -0.2954206219
96441 -0.2949405019
96499 -0.2948040397
96541 -0.2943239197
96734 -0.2943155345
100838 -0.3160134508
evaluations raw_y
1 -0.4745951189
309 -0.4738166348
312 -0.4671897392
355 -0.4670975021
380 -0.4661044534
409 -0.4653026124
412 -0.4586757168
455 -0.4585834797
509 -0.4577816387
512 -0.4511547431
609 -0.4503529021
616 -0.4481617614
621 -0.4466408555
622 -0.4443020878
636 -0.4439049341
692 -0.4437602724
709 -0.4429584314
716 -0.4407672907
721 -0.4392463848
722 -0.4369076171
736 -0.4365104634
809 -0.4357086224
815 -0.4338699375
816 -0.4335174817
821 -0.4319965758
822 -0.4296578081
909 -0.4288559671
915 -0.4270172822
916 -0.4266648264
921 -0.4251439205
942 -0.4244994294
948 -0.4233691097
1009 -0.4225672687
1015 -0.4207285837
1016 -0.4203761280
1021 -0.4188552221
1042 -0.4182107309
1072 -0.4173597354
1109 -0.4165578944
1115 -0.4147192095
1116 -0.4143667537
1121 -0.4128458478
1151 -0.4125482039
1153 -0.4124847291
1188 -0.4124450449
1209 -0.4116432039
1215 -0.4098045190
1221 -0.4079311573
1243 -0.4060294232
1309 -0.4052275822
1315 -0.4033888973
1321 -0.4015155356
1351 -0.4012178918
1353 -0.3980500878
1409 -0.3972482467
1415 -0.3954095618
1421 -0.3935362001
1451 -0.3932385563
1509 -0.3924367153
1515 -0.3905980304
1521 -0.3887246687
1582 -0.3886080742
1609 -0.3878062332
1615 -0.3859675483
1621 -0.3840941866
1709 -0.3832923456
1715 -0.3814536607
1729 -0.3800109672
1809 -0.3792091261
1815 -0.3773704412
1854 -0.3769633022
1866 -0.3765482085
1874 -0.3763413704
1884 -0.3762454252
1909 -0.3754435842
1915 -0.3736048993
1938 -0.3700807635
2009 -0.3692789225
2015 -0.3674402376
2054 -0.3670330985
2066 -0.3666180048
2074 -0.3664111667
2109 -0.3656093257
2115 -0.3637706408
2126 -0.3610203844
2209 -0.3602185434
2215 -0.3583798584
2247 -0.3575800952
2266 -0.3575576257
2276 -0.3574420911
2309 -0.3566402501
2315 -0.3548015652
2347 -0.3540018019
2366 -0.3539793324
2409 -0.3531774914
2415 -0.3513388065
2447 -0.3505390432
2509 -0.3497372022
2515 -0.3478985173
2554 -0.3474913783
2579 -0.3472888224
2609 -0.3464869814
2615 -0.3446482965
2654 -0.3442411574
2709 -0.3434393164
2715 -0.3416006315
2735 -0.3380369987
2809 -0.3372351577
2815 -0.3353964728
2889 -0.3353828687
2909 -0.3345810277
2915 -0.3327423428
3017 -0.3306003612
3061 -0.3303820126
3117 -0.3282400310
3231 -0.3279283560
3237 -0.3274117194
3260 -0.3264370786
3331 -0.3261254036
3337 -0.3256087670
3365 -0.3249951701
3431 -0.3246834951
3437 -0.3241668585
3495 -0.3238027399
3498 -0.3237546364
3531 -0.3234429615
3537 -0.3229263248
3595 -0.3225622063
3631 -0.3222505313
3637 -0.3217338947
3704 -0.3214823559
3731 -0.3214222197
3745 -0.3209928773
3785 -0.3209558031
3804 -0.3207042643
3831 -0.3206441282
3845 -0.3202147858
3904 -0.3199632470
3931 -0.3199031108
3952 -0.3197750566
3964 -0.3195982035
4004 -0.3193466647
4031 -0.3192865285
4052 -0.3191584743
4104 -0.3189069355
4131 -0.3188467993
4204 -0.3185952605
4208 -0.3144816136
4304 -0.3142300748
4313 -0.3131574099
4346 -0.3121738631
4404 -0.3119223244
4413 -0.3108496594
4504 -0.3058272771
4606 -0.3053471571
4665 -0.3051737120
4706 -0.3046935920
4899 -0.3046852069
16709 -0.3045141346
16732 -0.3042982038
16733 -0.3039932143
16809 -0.3035130943
16832 -0.3032971634
16888 -0.3032151227
16909 -0.3027350027
16932 -0.3025190719
17009 -0.3020389519
17067 -0.3019024896
17109 -0.3014223696
17200 -0.3013326057
17209 -0.3008524856
17322 -0.3005209116
17426 -0.3003945062
17525 -0.2950748703
17702 -0.2950664852
75951 -0.2928002742
103039 -0.3072861905
evaluations raw_y
1 -0.4810908913
326 -0.4804059637
369 -0.4799301438
404 -0.4738847817
426 -0.4716512292
504 -0.4656058671
540 -0.4636547962
604 -0.4576094341
643 -0.4572391745
654 -0.4563723137
704 -0.4503269516
743 -0.4499566920
778 -0.4493755516
804 -0.4433301895
843 -0.4429599299
904 -0.4369145678
948 -0.4366712314
1004 -0.4306258693
1115 -0.4279624937
1119 -0.4266785620
1121 -0.4261119817
1133 -0.4258524818
1151 -0.4258143379
1170 -0.4256726068
1192 -0.4252627198
1215 -0.4225993443
1219 -0.4213154126
1221 -0.4207488322
1233 -0.4204893323
1251 -0.4204511884
1270 -0.4203094573
1302 -0.4188871781
1315 -0.4162238025
1319 -0.4149398708
1321 -0.4143732905
1333 -0.4141137906
1351 -0.4140756466
1370 -0.4139339156
1415 -0.4112705400
1419 -0.4099866083
1421 -0.4094200280
1433 -0.4091605280
1438 -0.4077692538
1515 -0.4051058782
1519 -0.4038219465
1521 -0.4032553662
1533 -0.4029958663
1551 -0.4029577224
1615 -0.4002943468
1619 -0.3990104151
1621 -0.3984438348
1633 -0.3981843349
1715 -0.3955209593
1719 -0.3942370276
1721 -0.3936704473
1815 -0.3910070717
1819 -0.3897231400
1829 -0.3895872278
1915 -0.3869238522
1919 -0.3856399205
1987 -0.3855341467
2015 -0.3828707711
2019 -0.3815868395
2115 -0.3789234639
2147 -0.3781465503
2155 -0.3778070924
2200 -0.3777964075
2215 -0.3751330319
2247 -0.3743561183
2255 -0.3740166604
2315 -0.3713532848
2347 -0.3705763712
2363 -0.3699513955
2415 -0.3672880199
2447 -0.3665111063
2515 -0.3638477307
2553 -0.3635446797
2615 -0.3608813041
2658 -0.3558654875
2715 -0.3532021119
2809 -0.3524002709
2818 -0.3516805736
2824 -0.3508394911
2886 -0.3506400367
2889 -0.3505479819
2909 -0.3497461409
2918 -0.3490264435
2924 -0.3481853610
2986 -0.3479859067
3009 -0.3471840657
3018 -0.3464643683
3024 -0.3456232859
3109 -0.3448214448
3118 -0.3441017475
3125 -0.3434181714
3209 -0.3426163304
3218 -0.3418966330
3260 -0.3416152190
3309 -0.3408133780
3318 -0.3400936806
3409 -0.3392918396
3437 -0.3392653690
3439 -0.3392311696
3509 -0.3384293286
3520 -0.3289943771
3609 -0.3281925361
3637 -0.3281660655
3709 -0.3273642245
3831 -0.3270525496
3852 -0.3269244953
3885 -0.3265861329
3931 -0.3262744580
3952 -0.3261464037
3997 -0.3260162490
4031 -0.3257045740
4052 -0.3255765198
4131 -0.3252648448
4208 -0.3208996591
4313 -0.3195754553
4346 -0.3185919086
4413 -0.3172677049
4504 -0.3139423475
4606 -0.3134622275
4665 -0.3124113711
4706 -0.3119312511
4899 -0.3119228659
9597 -0.3115502914
9607 -0.3110701714
9665 -0.3109337091
9707 -0.3104535891
12527 -0.3098790950
12564 -0.3097982132
12622 -0.3094666392
12627 -0.3075187648
12722 -0.3071871908
12728 -0.3053136504
12822 -0.3049820763
12832 -0.3046175995
12833 -0.3043126100
12863 -0.3035106979
12922 -0.3031791239
12932 -0.3028146471
12933 -0.3025096576
12993 -0.3022391896
13022 -0.3019076156
13032 -0.3015431388
13033 -0.3012381493
13097 -0.3012301778
13101 -0.3009986560
13122 -0.3006670820
13132 -0.3003026052
13133 -0.2999976156
13197 -0.2999896441
13222 -0.2996580701
13232 -0.2992935933
13233 -0.2989886038
13299 -0.2987593540
13322 -0.2984277800
13332 -0.2980633032
13333 -0.2977583136
13422 -0.2974267396
13432 -0.2970622628
13522 -0.2967306888
13567 -0.2964456805
13622 -0.2961141065
13700 -0.2958757966
13722 -0.2955442226
52197 -0.2943239197
52319 -0.2943155345
72137 -0.2941327154
72160 -0.2939167846
72237 -0.2934366646
72295 -0.2933002023
72337 -0.2928200823
101648 -0.3040144918
evaluations raw_y
1 -0.5066946313
4 -0.4932923774
5 -0.4928215501
10 -0.4910305908
12 -0.4890860328
14 -0.4878934355
16 -0.4831152628
41 -0.4815002226
105 -0.4810293953
110 -0.4792384359
112 -0.4772938780
114 -0.4761012806
116 -0.4713231080
174 -0.4707437163
205 -0.4702728890
210 -0.4684819296
212 -0.4672641617
214 -0.4653447743
216 -0.4605666017
305 -0.4600957744
310 -0.4583048150
312 -0.4570870471
314 -0.4551676597
320 -0.4540331985
333 -0.4512368739
405 -0.4507660467
412 -0.4477573194
414 -0.4458379320
415 -0.4451418267
420 -0.4447034708
456 -0.4439543915
480 -0.4436598407
482 -0.4427228515
512 -0.4392432970
514 -0.4373239096
515 -0.4366278043
520 -0.4361894484
556 -0.4354403690
580 -0.4351458183
595 -0.4347197061
612 -0.4312401516
614 -0.4293207641
615 -0.4286246588
620 -0.4281863029
656 -0.4274372236
680 -0.4271426728
712 -0.4236631183
714 -0.4217437309
715 -0.4210476256
720 -0.4206092697
756 -0.4198601903
812 -0.4163806358
814 -0.4144612484
815 -0.4137651431
820 -0.4133267872
859 -0.4131351532
876 -0.4128588758
912 -0.4093793213
914 -0.4074599339
915 -0.4067638286
920 -0.4063254727
959 -0.4053209741
1012 -0.4018414196
1014 -0.3999220322
1015 -0.3992259269
1020 -0.3987875710
1073 -0.3986756489
1112 -0.3951960944
1114 -0.3932767069
1115 -0.3925806016
1120 -0.3921422458
1212 -0.3886626912
1214 -0.3867433038
1215 -0.3860471985
1245 -0.3857266240
1312 -0.3822470695
1314 -0.3803276821
1315 -0.3796315768
1408 -0.3791514568
1412 -0.3761520223
1414 -0.3742326348
1430 -0.3739335377
1469 -0.3738295102
1508 -0.3733493902
1512 -0.3703499557
1514 -0.3684305682
1530 -0.3681314711
1608 -0.3676513511
1612 -0.3646519166
1614 -0.3627325292
1708 -0.3622524092
1712 -0.3592529747
1719 -0.3590459704
1721 -0.3587852219
1743 -0.3577785406
1808 -0.3572984206
1812 -0.3542989861
1819 -0.3540919819
1821 -0.3538312333
1861 -0.3529336859
1908 -0.3524535659
1912 -0.3494541314
1919 -0.3492471272
1921 -0.3489863787
2008 -0.3485062587
2012 -0.3455068241
2019 -0.3452998199
2077 -0.3451077492
2108 -0.3446276291
2112 -0.3416281946
2119 -0.3414211904
2208 -0.3409410704
2212 -0.3379416359
2278 -0.3378428971
2308 -0.3373627771
2312 -0.3343633426
2408 -0.3338832226
2426 -0.3320007217
2449 -0.3309230534
2508 -0.3304429334
2526 -0.3285604325
2555 -0.3279566267
2608 -0.3274765067
2626 -0.3255940059
2660 -0.3202774346
2708 -0.3197973146
2726 -0.3179148137
2808 -0.3174346937
2832 -0.3169137734
2862 -0.3161118613
2908 -0.3156317413
2932 -0.3151108210
2997 -0.3149194312
2998 -0.3148815712
3008 -0.3144014512
3032 -0.3138805308
3097 -0.3136891410
3108 -0.3132090210
3132 -0.3126881007
3208 -0.3122079807
3257 -0.3119258029
3287 -0.3119100091
3308 -0.3114298891
3357 -0.3111477113
3408 -0.3106675913
3601 -0.3106592062
11729 -0.3105989337
11828 -0.3052792979
15422 -0.3030705179
15529 -0.3015489795
15656 -0.3008079621
15808 -0.3002380782
15910 -0.3002296931
44229 -0.2995260151
44354 -0.2988299642
44370 -0.2987849977
44454 -0.2980889469
44589 -0.2974723646
44711 -0.2974153018
44824 -0.2974069167
75863 -0.2928002742
101552 -0.3189653330
evaluations raw_y
1 -0.4440083146
431 -0.4426251930
511 -0.4413643970
512 -0.4351964564
558 -0.4349460009
574 -0.4348110139
575 -0.4334426620
611 -0.4321818660
612 -0.4260139254
658 -0.4257634699
674 -0.4256284829
711 -0.4243676869
712 -0.4181997463
758 -0.4179492908
811 -0.4166884948
812 -0.4105205541
911 -0.4092597581
913 -0.4044255069
934 -0.4038302398
992 -0.4031260834
1011 -0.4018652874
1013 -0.3970310362
1034 -0.3964357691
1111 -0.3951749731
1113 -0.3903407218
1135 -0.3902316104
1171 -0.3901477168
1211 -0.3888869208
1213 -0.3840526696
1235 -0.3839435581
1311 -0.3826827621
1313 -0.3778485108
1406 -0.3773683908
1411 -0.3765877148
1416 -0.3748555292
1421 -0.3733346232
1451 -0.3730369794
1468 -0.3721308736
1506 -0.3716507536
1511 -0.3708700776
1516 -0.3691378919
1521 -0.3676169860
1551 -0.3673193421
1606 -0.3668392221
1611 -0.3660585461
1616 -0.3643263605
1621 -0.3628054545
1706 -0.3623253345
1711 -0.3615446585
1716 -0.3598124728
1744 -0.3584534733
1806 -0.3579733533
1811 -0.3571926773
1816 -0.3554604916
1847 -0.3550131841
1862 -0.3546339159
1863 -0.3543882084
1880 -0.3541317418
1903 -0.3504102782
1962 -0.3503121844
1963 -0.3500664769
2003 -0.3463450133
2062 -0.3462469195
2103 -0.3425254559
2184 -0.3424813775
2203 -0.3387599139
2238 -0.3363167158
2303 -0.3325952522
2406 -0.3321151322
2411 -0.3313344562
2416 -0.3296022705
2428 -0.3268972131
2506 -0.3264170931
2511 -0.3256364171
2516 -0.3239042314
2547 -0.3234569239
2606 -0.3229768039
2611 -0.3221961279
2616 -0.3204639423
2679 -0.3202067031
2706 -0.3197265831
2711 -0.3189459071
2716 -0.3172137214
2806 -0.3167336014
2811 -0.3159529254
2818 -0.3156921830
2822 -0.3155647882
2860 -0.3154107690
2861 -0.3148533913
2906 -0.3143732713
2911 -0.3135925953
2918 -0.3133318529
2922 -0.3132044580
2960 -0.3130504388
3006 -0.3125703188
3011 -0.3117896428
3018 -0.3115289005
3022 -0.3114015056
3106 -0.3109213856
3111 -0.3064700070
3206 -0.3059898870
3218 -0.3049484686
3306 -0.3044683486
3345 -0.3042074513
3390 -0.3036769603
3406 -0.3031968403
3445 -0.3029359429
3495 -0.3024845302
3506 -0.3020044102
3545 -0.3017435128
3606 -0.3012633928
3664 -0.3011269306
3706 -0.3006468105
3866 -0.3002321652
7878 -0.2969135552
8000 -0.2969051701
100443 -0.3074566601
evaluations raw_y
1 -0.4859441298
210 -0.4801563520
222 -0.4777324253
306 -0.4775650980
307 -0.4768711891
309 -0.4764708691
310 -0.4696329941
327 -0.4677298762
406 -0.4675625489
407 -0.4668686400
409 -0.4664683200
410 -0.4596304451
448 -0.4580094394
474 -0.4579465271
506 -0.4577791997
507 -0.4570852908
509 -0.4566849709
510 -0.4498470959
548 -0.4482260902
606 -0.4480587629
607 -0.4473648540
609 -0.4469645340
610 -0.4401266591
675 -0.4390435592
706 -0.4388762319
707 -0.4381823230
709 -0.4377820030
710 -0.4309441281
780 -0.4305295368
806 -0.4303622095
807 -0.4296683006
809 -0.4292679806
810 -0.4224301056
906 -0.4222627783
907 -0.4215688694
911 -0.4211693096
912 -0.4170311637
925 -0.4152096592
957 -0.4148922040
969 -0.4143368196
1006 -0.4141694923
1007 -0.4134755834
1011 -0.4130760236
1017 -0.4119727323
1025 -0.4071163732
1057 -0.4067989180
1070 -0.4065240018
1106 -0.4063566744
1107 -0.4056627655
1111 -0.4052632058
1117 -0.4041599144
1125 -0.3993035553
1157 -0.3989861001
1206 -0.3988187728
1207 -0.3981248639
1211 -0.3977253041
1217 -0.3966220127
1225 -0.3917656536
1306 -0.3915983263
1311 -0.3905048576
1317 -0.3894015663
1331 -0.3890628983
1341 -0.3868116651
1371 -0.3851203284
1406 -0.3849530011
1411 -0.3838595324
1417 -0.3827562410
1431 -0.3824175731
1441 -0.3801663398
1473 -0.3790792111
1506 -0.3789118838
1511 -0.3778184151
1517 -0.3767151238
1531 -0.3763764558
1535 -0.3728750524
1606 -0.3727077251
1611 -0.3716142564
1617 -0.3705109651
1631 -0.3701722971
1641 -0.3679210638
1706 -0.3677537365
1711 -0.3666602678
1717 -0.3655569765
1731 -0.3652183085
1753 -0.3649546372
1782 -0.3632905817
1806 -0.3631232544
1811 -0.3620297857
1817 -0.3609264944
1831 -0.3605878264
1853 -0.3603241551
1887 -0.3592375007
1906 -0.3590701734
1911 -0.3579767047
1917 -0.3568734133
1931 -0.3565347453
1953 -0.3562710740
1997 -0.3562537011
2006 -0.3560863738
2011 -0.3549929051
2017 -0.3538896138
2031 -0.3535509458
2053 -0.3532872745
2106 -0.3531199472
2111 -0.3520264785
2117 -0.3509231871
2131 -0.3505845191
2158 -0.3456080824
2206 -0.3454407550
2211 -0.3443472863
2217 -0.3432439950
2231 -0.3429053270
2306 -0.3427379997
2308 -0.3385401413
2313 -0.3361628324
2408 -0.3317976467
2511 -0.3305368507
2517 -0.3294335594
2568 -0.3292091628
2611 -0.3279483668
2617 -0.3268450755
2689 -0.3265550328
2711 -0.3252942368
2717 -0.3241909455
2811 -0.3229301494
2860 -0.3223879930
2911 -0.3211271970
2979 -0.3206770975
3011 -0.3194163015
3090 -0.3194055892
3111 -0.3181447932
3219 -0.3178132192
3230 -0.3171437528
3295 -0.3169523631
3296 -0.3169145030
3319 -0.3165829290
3330 -0.3159134627
3395 -0.3157220729
3419 -0.3153904989
3430 -0.3147210325
3519 -0.3143894585
3545 -0.3139800152
3585 -0.3139429410
3619 -0.3136113669
3645 -0.3132019236
3719 -0.3128703496
3764 -0.3125853413
3819 -0.3122537673
3866 -0.3121706959
3919 -0.3118391219
4086 -0.3117820591
8309 -0.3097986509
8405 -0.3095471121
8414 -0.3078269999
8447 -0.3074909005
8505 -0.3072393617
8514 -0.3055192494
8605 -0.3004968671
8766 -0.2998433020
8900 -0.2998349169
37441 -0.2995007265
37577 -0.2988471614
37709 -0.2982772775
100740 -0.3077331211
evaluations raw_y
1 -0.5085993592
2 -0.5085820173
3 -0.4995104717
14 -0.4977643171
83 -0.4911647051
103 -0.4820931595
114 -0.4803470049
203 -0.4712754593
231 -0.4711121176
272 -0.4698126043
303 -0.4607410587
331 -0.4605777170
403 -0.4515061714
504 -0.4506852164
505 -0.4489569849
508 -0.4471409856
512 -0.4461072294
570 -0.4436933535
584 -0.4434836248
592 -0.4433338933
604 -0.4425129383
605 -0.4415625142
608 -0.4389687075
612 -0.4379349513
670 -0.4355210754
684 -0.4353113467
704 -0.4344903917
705 -0.4335399677
708 -0.4309461609
712 -0.4299124047
770 -0.4274985288
804 -0.4266775738
805 -0.4257271498
808 -0.4231333431
812 -0.4220995869
874 -0.4204972143
904 -0.4196762593
905 -0.4187258353
908 -0.4161320285
912 -0.4150982723
976 -0.4145050054
1004 -0.4136840504
1005 -0.4127336264
1008 -0.4101398197
1012 -0.4091060635
1104 -0.4082851085
1105 -0.4073346845
1108 -0.4047408777
1121 -0.4045921759
1151 -0.4042945320
1153 -0.4042310571
1156 -0.4042052274
1157 -0.4037971875
1204 -0.4029762325
1205 -0.4020258085
1208 -0.3994320018
1221 -0.3992832999
1251 -0.3989856561
1253 -0.3989221812
1256 -0.3988963514
1304 -0.3980753964
1305 -0.3971249724
1308 -0.3945311657
1321 -0.3943824638
1351 -0.3940848200
1353 -0.3940213451
1404 -0.3932003901
1405 -0.3922499661
1408 -0.3896561593
1421 -0.3895074575
1451 -0.3892098136
1504 -0.3883888586
1505 -0.3874384346
1508 -0.3848446279
1521 -0.3846959260
1604 -0.3838749710
1605 -0.3829245470
1608 -0.3803307403
1704 -0.3795097853
1705 -0.3785593613
1710 -0.3768511858
1723 -0.3736315954
1804 -0.3728106404
1805 -0.3718602164
1810 -0.3701520409
1855 -0.3698518484
1887 -0.3695785144
1904 -0.3687575594
1905 -0.3678071353
1910 -0.3660989598
1955 -0.3657987673
2004 -0.3649778123
2005 -0.3640273883
2010 -0.3623192128
2063 -0.3617335024
2104 -0.3609125474
2105 -0.3599621234
2110 -0.3582539479
2193 -0.3582464448
2204 -0.3574254898
2205 -0.3564750658
2210 -0.3547668903
2304 -0.3539459353
2305 -0.3529955113
2309 -0.3521353600
2347 -0.3513266011
2404 -0.3505056461
2405 -0.3495552221
2409 -0.3486950708
2479 -0.3480763803
2504 -0.3472554253
2505 -0.3463050013
2509 -0.3454448499
2604 -0.3446238950
2605 -0.3436734709
2624 -0.3431654015
2661 -0.3430845198
2668 -0.3428563661
2704 -0.3420354111
2705 -0.3410849870
2724 -0.3405769177
2761 -0.3404960359
2789 -0.3402022360
2804 -0.3393812810
2805 -0.3384308570
2824 -0.3379227876
2861 -0.3378419059
2904 -0.3370209509
2905 -0.3360705269
2924 -0.3355624575
3004 -0.3347415025
3005 -0.3337910785
3060 -0.3337595050
3062 -0.3334399249
3104 -0.3309219451
3205 -0.3291505661
3237 -0.3254937575
3305 -0.3237223785
3360 -0.3236908050
3405 -0.3219194260
3506 -0.3214393060
3518 -0.3203978876
3606 -0.3199177676
3629 -0.3197018368
3639 -0.3195353766
3652 -0.3189238931
3706 -0.3184437731
3729 -0.3182278423
3739 -0.3180613821
3806 -0.3175812621
3820 -0.3078245896
3906 -0.3073444696
3929 -0.3071285388
4006 -0.3066484187
4043 -0.3064620624
4106 -0.3059819423
4164 -0.3058454801
4194 -0.3054530505
4206 -0.3049729305
4264 -0.3048364682
4296 -0.3042227603
4306 -0.3037426403
4364 -0.3036061781
4406 -0.3031260581
4497 -0.3030362941
4506 -0.3025561741
4619 -0.3022246001
4666 -0.3021415287
4719 -0.3018099547
4899 -0.3018015696
12531 -0.3014641583
12547 -0.3014191917
12631 -0.3007231409
12766 -0.3001065586
12888 -0.3000494958
12899 -0.2995366747
12988 -0.2994796119
38027 -0.2989322188
38033 -0.2981743088
38115 -0.2976941888
38127 -0.2966527704
38215 -0.2961726504
38307 -0.2954122368
38315 -0.2949321168
38373 -0.2947956545
38415 -0.2943155345
72743 -0.2928284674
72920 -0.2928200823
103735 -0.3145156705
evaluations raw_y
1 -0.4999882602
2 -0.4893736713
3 -0.4856522077
4 -0.4839528403
20 -0.4773960663
27 -0.4759427069
31 -0.4735118116
103 -0.4697903480
104 -0.4680909806
120 -0.4615342065
127 -0.4600808472
203 -0.4563593836
204 -0.4546600162
220 -0.4481032422
236 -0.4475182706
303 -0.4437968070
304 -0.4420974396
320 -0.4355406656
403 -0.4318192020
404 -0.4301198345
453 -0.4275613301
469 -0.4274473795
472 -0.4255109493
503 -0.4217894857
504 -0.4200901183
553 -0.4175316139
578 -0.4170449086
603 -0.4133234450
604 -0.4116240776
653 -0.4090655731
703 -0.4053441095
704 -0.4036447421
754 -0.4017830907
803 -0.3980616271
804 -0.3963622596
868 -0.3960654534
903 -0.3923439898
904 -0.3906446224
991 -0.3904201746
1003 -0.3866987110
1004 -0.3849993436
1103 -0.3812778800
1112 -0.3796004017
1203 -0.3758789381
1233 -0.3748270141
1270 -0.3746471392
1293 -0.3742412059
1303 -0.3705197423
1333 -0.3694678184
1370 -0.3692879434
1403 -0.3655664798
1433 -0.3645145559
1438 -0.3631232817
1503 -0.3594018181
1533 -0.3583498942
1603 -0.3546284306
1655 -0.3545701471
1703 -0.3508486835
1763 -0.3505048822
1803 -0.3467834186
1905 -0.3450120396
1917 -0.3446414370
1925 -0.3445783042
1928 -0.3410853796
2005 -0.3393140005
2017 -0.3389433979
2025 -0.3388802651
2061 -0.3387250494
2066 -0.3376226209
2074 -0.3374157828
2105 -0.3356444038
2117 -0.3352738012
2125 -0.3352106684
2147 -0.3339754936
2166 -0.3339530241
2205 -0.3321816451
2217 -0.3318110425
2225 -0.3317479097
2247 -0.3305127349
2305 -0.3287413559
2317 -0.3283707533
2325 -0.3283076205
2361 -0.3281524048
2386 -0.3279506597
2405 -0.3261792807
2417 -0.3258086781
2425 -0.3257455453
2461 -0.3255903296
2505 -0.3238189506
2517 -0.3234483479
2525 -0.3233852151
2605 -0.3216138361
2617 -0.3212432335
2705 -0.3194718545
2741 -0.3194190933
2805 -0.3176477143
2826 -0.3156550004
2905 -0.3138836214
2960 -0.3138520479
3005 -0.3120806689
3111 -0.3108198729
3190 -0.3108091606
3211 -0.3095483646
3319 -0.3092167906
3364 -0.3089317824
3385 -0.3087702730
3394 -0.3085393528
3395 -0.3083559345
3419 -0.3080243605
3464 -0.3077393522
3485 -0.3075778429
3494 -0.3073469226
3519 -0.3070153486
3564 -0.3067303404
3585 -0.3065688311
3596 -0.3061166325
3619 -0.3057850584
3664 -0.3055000502
3685 -0.3053385409
3719 -0.3050069669
3722 -0.3000189051
3819 -0.2996873310
3864 -0.2994023228
3919 -0.2990707488
3997 -0.2988324388
4019 -0.2985008648
4199 -0.2984924797
35130 -0.2977430232
35275 -0.2970894582
35396 -0.2970323954
35509 -0.2970240102
75201 -0.2948122247
75310 -0.2947551619
102639 -0.3106959903
evaluations raw_y
1 -0.5118710386
2 -0.4946931474
3 -0.4896951069
10 -0.4873205063
37 -0.4852087906
39 -0.4810735218
103 -0.4760754814
110 -0.4737008807
137 -0.4715891650
203 -0.4665911246
210 -0.4642165240
280 -0.4630751426
303 -0.4622693931
305 -0.4605259562
310 -0.4557025015
403 -0.4548967520
405 -0.4531533151
421 -0.4511886139
428 -0.4500044625
440 -0.4490041383
454 -0.4484200191
503 -0.4476142695
505 -0.4458708326
521 -0.4439061315
528 -0.4427219800
540 -0.4417216558
587 -0.4414788057
603 -0.4406730562
605 -0.4389296193
621 -0.4369649181
628 -0.4357807667
640 -0.4347804425
703 -0.4339746929
705 -0.4322312561
721 -0.4302665549
728 -0.4290824034
742 -0.4282551722
803 -0.4274494227
805 -0.4257059858
821 -0.4237412846
828 -0.4225571332
848 -0.4219664738
874 -0.4218035409
903 -0.4209977913
905 -0.4192543544
921 -0.4172896532
928 -0.4161055018
948 -0.4155148424
984 -0.4154867074
1003 -0.4146809578
1005 -0.4129375209
1021 -0.4109728197
1028 -0.4097886683
1038 -0.4093220456
1048 -0.4091980089
1103 -0.4083922593
1105 -0.4066488225
1121 -0.4046841213
1128 -0.4034999698
1138 -0.4030333472
1203 -0.4022275976
1205 -0.4004841608
1221 -0.3985194596
1228 -0.3973353081
1250 -0.3969031448
1303 -0.3960973953
1305 -0.3943539584
1321 -0.3923892572
1328 -0.3912051058
1344 -0.3880239504
1405 -0.3854747640
1421 -0.3835100628
1428 -0.3823259114
1505 -0.3797767250
1521 -0.3778120238
1551 -0.3775143799
1559 -0.3774810567
1601 -0.3768350047
1605 -0.3742858183
1621 -0.3723211171
1651 -0.3720234733
1659 -0.3719901501
1705 -0.3694409637
1721 -0.3674762625
1751 -0.3671786186
1805 -0.3646294322
1821 -0.3626647310
1905 -0.3601155446
1926 -0.3589006381
2005 -0.3563514516
2076 -0.3553223448
2105 -0.3527731584
2189 -0.3526682148
2190 -0.3519876358
2205 -0.3494384494
2289 -0.3493335058
2305 -0.3467843194
2406 -0.3466169921
2411 -0.3455235234
2460 -0.3449813670
2462 -0.3446617869
2504 -0.3444102481
2511 -0.3434009908
2560 -0.3428588344
2604 -0.3426072956
2611 -0.3415980384
2704 -0.3413464996
2731 -0.3412863635
2732 -0.3409086217
2745 -0.3408570211
2785 -0.3408199468
2795 -0.3404056083
2796 -0.3403677483
2804 -0.3401162095
2831 -0.3400560733
2832 -0.3396783316
2845 -0.3396267309
2885 -0.3395896567
2895 -0.3391753181
2904 -0.3389237793
2931 -0.3388636432
2932 -0.3384859014
2945 -0.3384343008
2985 -0.3383972265
3004 -0.3381456878
3031 -0.3380855516
3032 -0.3377078098
3045 -0.3376562092
3104 -0.3374046704
3131 -0.3373445342
3132 -0.3369667925
3204 -0.3367152537
3218 -0.3304333893
3304 -0.3301818505
3331 -0.3301217144
3363 -0.3301093511
3404 -0.3298578123
3431 -0.3297976761
3455 -0.3293470533
3504 -0.3290955145
3531 -0.3290353783
3604 -0.3287838396
3608 -0.3246701926
3704 -0.3244186538
3713 -0.3226985415
3746 -0.3223624422
3804 -0.3221109034
3813 -0.3203907911
3904 -0.3153684088
4065 -0.3138374324
4199 -0.3138290473
8291 -0.3137411199
8298 -0.3133634174
8391 -0.3131712360
8500 -0.3131628508
11707 -0.3124122430
11762 -0.3123806696
11807 -0.3106092906
11911 -0.3098074496
11920 -0.3090877522
12011 -0.3082859112
12121 -0.3079543371
12131 -0.3075898603
12187 -0.3075078196
12221 -0.3071762456
12231 -0.3068117688
12321 -0.3064801947
12366 -0.3061951865
12421 -0.3058636125
12525 -0.3057372070
12624 -0.3004175712
16380 -0.2949453081
16489 -0.2948882453
16602 -0.2948798601
20969 -0.2947635470
21104 -0.2947551619
103640 -0.3041505027
