evaluations raw_y
1 -1653.0000000000
2 -961.0000000000
4 -932.0000000000
9 -922.0000000000
104 -893.0000000000
110 -883.0000000000
204 -854.0000000000
217 -844.0000000000
304 -815.0000000000
319 -805.0000000000
404 -776.0000000000
425 -766.0000000000
504 -737.0000000000
526 -727.0000000000
604 -698.0000000000
628 -688.0000000000
704 -659.0000000000
735 -649.0000000000
804 -620.0000000000
847 -610.0000000000
904 -581.0000000000
955 -571.0000000000
1004 -542.0000000000
1058 -532.0000000000
1104 -503.0000000000
1160 -493.0000000000
1204 -464.0000000000
1264 -454.0000000000
1304 -425.0000000000
1366 -415.0000000000
1404 -386.0000000000
1471 -376.0000000000
1504 -347.0000000000
1580 -337.0000000000
1604 -308.0000000000
1690 -298.0000000000
1704 -269.0000000000
1812 -250.0000000000
1820 -240.0000000000
1912 -221.0000000000
1922 -211.0000000000
2012 -192.0000000000
2033 -182.0000000000
2112 -163.0000000000
2141 -153.0000000000
2212 -134.0000000000
2243 -124.0000000000
2312 -105.0000000000
2393 -95.0000000000
2412 -86.0000000000
2432 -76.0000000000
2512 -67.0000000000
2544 -57.0000000000
2612 -48.0000000000
2673 -38.0000000000
2712 -29.0000000000
2872 -20.0000000000
2996 -11.0000000000
3006 -10.0000000000
3097 -2.0000000000
3106 -1.0000000000
3198 7.0000000000
3206 8.0000000000
11706 9.0000000000
85176 10.0000000000
100922 -21.0000000000
evaluations raw_y
1 -1595.0000000000
2 -1244.0000000000
3 -1215.0000000000
7 -1205.0000000000
103 -1176.0000000000
109 -1166.0000000000
203 -1137.0000000000
215 -1127.0000000000
303 -1098.0000000000
318 -1088.0000000000
403 -1059.0000000000
419 -1049.0000000000
503 -1020.0000000000
524 -1010.0000000000
603 -981.0000000000
625 -971.0000000000
703 -942.0000000000
726 -932.0000000000
803 -903.0000000000
828 -893.0000000000
903 -864.0000000000
929 -854.0000000000
1003 -825.0000000000
1030 -815.0000000000
1103 -786.0000000000
1137 -776.0000000000
1203 -747.0000000000
1244 -737.0000000000
1303 -708.0000000000
1347 -698.0000000000
1403 -669.0000000000
1448 -659.0000000000
1503 -630.0000000000
1551 -620.0000000000
1603 -591.0000000000
1655 -581.0000000000
1703 -552.0000000000
1767 -542.0000000000
1803 -513.0000000000
1868 -503.0000000000
1903 -474.0000000000
1969 -464.0000000000
2003 -435.0000000000
2082 -425.0000000000
2103 -396.0000000000
2205 -377.0000000000
2212 -367.0000000000
2305 -358.0000000000
2320 -338.0000000000
2405 -329.0000000000
2431 -319.0000000000
2433 -309.0000000000
2505 -300.0000000000
2531 -290.0000000000
2534 -280.0000000000
2605 -271.0000000000
2631 -261.0000000000
2653 -251.0000000000
2705 -242.0000000000
2731 -232.0000000000
2772 -222.0000000000
2805 -213.0000000000
2831 -203.0000000000
2876 -193.0000000000
2905 -184.0000000000
2941 -174.0000000000
2989 -164.0000000000
3005 -155.0000000000
3041 -145.0000000000
3091 -135.0000000000
3105 -126.0000000000
3141 -116.0000000000
3195 -106.0000000000
3205 -97.0000000000
3241 -87.0000000000
3305 -78.0000000000
3383 -68.0000000000
3405 -59.0000000000
3488 -49.0000000000
3505 -40.0000000000
3592 -30.0000000000
3605 -21.0000000000
3702 -11.0000000000
3705 -2.0000000000
3808 -1.0000000000
3893 7.0000000000
3903 8.0000000000
4038 9.0000000000
103723 -21.0000000000
evaluations raw_y
1 -1518.0000000000
2 -1390.0000000000
3 -1361.0000000000
10 -1351.0000000000
103 -1322.0000000000
111 -1312.0000000000
203 -1283.0000000000
216 -1273.0000000000
303 -1244.0000000000
319 -1234.0000000000
403 -1205.0000000000
426 -1195.0000000000
503 -1166.0000000000
527 -1156.0000000000
603 -1127.0000000000
636 -1117.0000000000
703 -1088.0000000000
737 -1078.0000000000
803 -1049.0000000000
839 -1039.0000000000
903 -1010.0000000000
940 -1000.0000000000
1003 -971.0000000000
1048 -961.0000000000
1103 -932.0000000000
1150 -922.0000000000
1203 -893.0000000000
1251 -883.0000000000
1303 -854.0000000000
1354 -844.0000000000
1403 -815.0000000000
1456 -805.0000000000
1503 -776.0000000000
1557 -766.0000000000
1603 -737.0000000000
1658 -727.0000000000
1703 -698.0000000000
1759 -688.0000000000
1803 -659.0000000000
1861 -649.0000000000
1903 -620.0000000000
1965 -610.0000000000
2003 -581.0000000000
2070 -571.0000000000
2103 -542.0000000000
2175 -532.0000000000
2203 -503.0000000000
2276 -493.0000000000
2303 -464.0000000000
2381 -454.0000000000
2403 -425.0000000000
2485 -415.0000000000
2503 -386.0000000000
2586 -376.0000000000
2603 -347.0000000000
2697 -337.0000000000
2703 -308.0000000000
2804 -279.0000000000
2912 -260.0000000000
2921 -250.0000000000
3012 -241.0000000000
3015 -231.0000000000
3022 -221.0000000000
3112 -212.0000000000
3115 -202.0000000000
3138 -192.0000000000
3212 -183.0000000000
3215 -173.0000000000
3263 -163.0000000000
3312 -154.0000000000
3315 -144.0000000000
3379 -134.0000000000
3412 -125.0000000000
3415 -115.0000000000
3492 -105.0000000000
3512 -96.0000000000
3520 -86.0000000000
3602 -76.0000000000
3612 -67.0000000000
3620 -57.0000000000
3712 -48.0000000000
3773 -38.0000000000
3812 -29.0000000000
3894 -19.0000000000
3912 -10.0000000000
4010 -9.0000000000
4052 -1.0000000000
4110 0.0000000000
4196 8.0000000000
4210 9.0000000000
32944 10.0000000000
102122 -21.0000000000
evaluations raw_y
1 -1634.0000000000
2 -1234.0000000000
3 -1205.0000000000
7 -1195.0000000000
103 -1166.0000000000
108 -1156.0000000000
203 -1127.0000000000
209 -1117.0000000000
303 -1088.0000000000
325 -1078.0000000000
403 -1049.0000000000
426 -1039.0000000000
503 -1010.0000000000
528 -1000.0000000000
603 -971.0000000000
631 -961.0000000000
703 -932.0000000000
734 -922.0000000000
803 -893.0000000000
837 -883.0000000000
903 -854.0000000000
938 -844.0000000000
1003 -815.0000000000
1045 -805.0000000000
1103 -776.0000000000
1147 -766.0000000000
1203 -737.0000000000
1248 -727.0000000000
1303 -698.0000000000
1349 -688.0000000000
1403 -659.0000000000
1452 -649.0000000000
1503 -620.0000000000
1554 -610.0000000000
1603 -581.0000000000
1659 -571.0000000000
1703 -542.0000000000
1765 -532.0000000000
1803 -503.0000000000
1872 -493.0000000000
1903 -464.0000000000
1974 -454.0000000000
2003 -425.0000000000
2076 -415.0000000000
2103 -386.0000000000
2187 -376.0000000000
2203 -347.0000000000
2289 -337.0000000000
2303 -308.0000000000
2406 -289.0000000000
2413 -279.0000000000
2506 -260.0000000000
2523 -250.0000000000
2606 -231.0000000000
2651 -221.0000000000
2706 -202.0000000000
2761 -192.0000000000
2806 -183.0000000000
2820 -173.0000000000
2883 -163.0000000000
2906 -154.0000000000
2922 -144.0000000000
3006 -135.0000000000
3032 -125.0000000000
3106 -116.0000000000
3141 -106.0000000000
3206 -97.0000000000
3243 -87.0000000000
3306 -78.0000000000
3344 -68.0000000000
3406 -59.0000000000
3463 -49.0000000000
3506 -40.0000000000
3591 -30.0000000000
3606 -21.0000000000
3754 -20.0000000000
3793 -12.0000000000
3803 -11.0000000000
3895 -3.0000000000
3903 -2.0000000000
3997 6.0000000000
4003 7.0000000000
4154 8.0000000000
20642 9.0000000000
100622 -21.0000000000
evaluations raw_y
1 -1381.0000000000
2 -1089.0000000000
3 -1060.0000000000
7 -1050.0000000000
103 -1021.0000000000
116 -1011.0000000000
203 -982.0000000000
217 -972.0000000000
303 -943.0000000000
318 -933.0000000000
403 -904.0000000000
426 -894.0000000000
503 -865.0000000000
528 -855.0000000000
603 -826.0000000000
636 -816.0000000000
703 -787.0000000000
739 -777.0000000000
803 -748.0000000000
844 -738.0000000000
903 -709.0000000000
945 -699.0000000000
1003 -670.0000000000
1048 -660.0000000000
1103 -631.0000000000
1153 -621.0000000000
1203 -592.0000000000
1255 -582.0000000000
1303 -553.0000000000
1358 -543.0000000000
1403 -514.0000000000
1467 -504.0000000000
1503 -475.0000000000
1573 -465.0000000000
1603 -436.0000000000
1675 -426.0000000000
1703 -397.0000000000
1782 -387.0000000000
1803 -358.0000000000
1899 -348.0000000000
1903 -319.0000000000
2010 -300.0000000000
2034 -290.0000000000
2110 -271.0000000000
2163 -261.0000000000
2210 -242.0000000000
2278 -232.0000000000
2310 -213.0000000000
2380 -203.0000000000
2410 -184.0000000000
2481 -174.0000000000
2510 -155.0000000000
2585 -145.0000000000
2610 -126.0000000000
2687 -116.0000000000
2710 -97.0000000000
2800 -87.0000000000
2810 -68.0000000000
2923 -59.0000000000
2983 -49.0000000000
3051 -40.0000000000
3096 -30.0000000000
3151 -21.0000000000
3197 -11.0000000000
3251 -2.0000000000
3311 -1.0000000000
3372 7.0000000000
3406 8.0000000000
22061 9.0000000000
30352 10.0000000000
102323 -11.0000000000
evaluations raw_y
1 -1546.0000000000
2 -1078.0000000000
3 -1049.0000000000
4 -1039.0000000000
103 -1010.0000000000
110 -1000.0000000000
203 -971.0000000000
217 -961.0000000000
303 -932.0000000000
318 -922.0000000000
403 -893.0000000000
424 -883.0000000000
503 -854.0000000000
544 -844.0000000000
603 -815.0000000000
648 -805.0000000000
703 -776.0000000000
749 -766.0000000000
803 -737.0000000000
850 -727.0000000000
903 -698.0000000000
956 -688.0000000000
1003 -659.0000000000
1061 -649.0000000000
1103 -620.0000000000
1163 -610.0000000000
1203 -581.0000000000
1268 -571.0000000000
1303 -542.0000000000
1369 -532.0000000000
1403 -503.0000000000
1476 -493.0000000000
1503 -464.0000000000
1578 -454.0000000000
1603 -425.0000000000
1680 -415.0000000000
1703 -386.0000000000
1781 -376.0000000000
1803 -347.0000000000
1884 -337.0000000000
1903 -308.0000000000
2007 -279.0000000000
2109 -260.0000000000
2112 -250.0000000000
2209 -231.0000000000
2241 -221.0000000000
2309 -202.0000000000
2386 -192.0000000000
2409 -173.0000000000
2489 -163.0000000000
2509 -154.0000000000
2511 -144.0000000000
2595 -134.0000000000
2609 -125.0000000000
2611 -115.0000000000
2702 -105.0000000000
2709 -96.0000000000
2711 -86.0000000000
2813 -67.0000000000
2932 -58.0000000000
2933 -48.0000000000
3032 -39.0000000000
3070 -29.0000000000
3132 -20.0000000000
3193 -10.0000000000
3232 -1.0000000000
3330 0.0000000000
3372 8.0000000000
3430 9.0000000000
85264 10.0000000000
103524 -11.0000000000
evaluations raw_y
1 -1702.0000000000
2 -1556.0000000000
4 -1517.0000000000
105 -1488.0000000000
108 -1478.0000000000
205 -1449.0000000000
209 -1439.0000000000
305 -1410.0000000000
311 -1400.0000000000
405 -1371.0000000000
415 -1361.0000000000
505 -1332.0000000000
517 -1322.0000000000
605 -1293.0000000000
625 -1283.0000000000
705 -1254.0000000000
727 -1244.0000000000
805 -1215.0000000000
829 -1205.0000000000
905 -1176.0000000000
936 -1166.0000000000
1005 -1137.0000000000
1038 -1127.0000000000
1105 -1098.0000000000
1139 -1088.0000000000
1205 -1059.0000000000
1245 -1049.0000000000
1305 -1020.0000000000
1347 -1010.0000000000
1405 -981.0000000000
1448 -971.0000000000
1505 -942.0000000000
1549 -932.0000000000
1605 -903.0000000000
1650 -893.0000000000
1705 -864.0000000000
1755 -854.0000000000
1805 -825.0000000000
1856 -815.0000000000
1905 -786.0000000000
1957 -776.0000000000
2005 -747.0000000000
2065 -737.0000000000
2105 -708.0000000000
2166 -698.0000000000
2205 -669.0000000000
2269 -659.0000000000
2305 -630.0000000000
2371 -620.0000000000
2405 -591.0000000000
2473 -581.0000000000
2505 -552.0000000000
2575 -542.0000000000
2605 -523.0000000000
2612 -513.0000000000
2683 -503.0000000000
2705 -484.0000000000
2712 -474.0000000000
2790 -464.0000000000
2805 -445.0000000000
2812 -435.0000000000
2899 -425.0000000000
2905 -406.0000000000
2912 -396.0000000000
3005 -377.0000000000
3013 -367.0000000000
3105 -348.0000000000
3130 -338.0000000000
3205 -319.0000000000
3240 -309.0000000000
3305 -290.0000000000
3342 -280.0000000000
3405 -261.0000000000
3443 -251.0000000000
3505 -232.0000000000
3553 -222.0000000000
3605 -203.0000000000
3654 -193.0000000000
3705 -174.0000000000
3780 -164.0000000000
3805 -145.0000000000
3882 -135.0000000000
3905 -126.0000000000
3922 -116.0000000000
3989 -106.0000000000
4005 -97.0000000000
4022 -87.0000000000
4094 -77.0000000000
4105 -68.0000000000
4184 -58.0000000000
4205 -49.0000000000
4286 -39.0000000000
4305 -30.0000000000
4398 -20.0000000000
4405 -11.0000000000
4522 -2.0000000000
4616 -1.0000000000
4652 7.0000000000
4716 8.0000000000
4845 9.0000000000
9267 10.0000000000
102523 -10.0000000000
evaluations raw_y
1 -1381.0000000000
2 -1215.0000000000
3 -1186.0000000000
5 -1176.0000000000
103 -1147.0000000000
116 -1137.0000000000
203 -1108.0000000000
226 -1098.0000000000
303 -1069.0000000000
329 -1059.0000000000
403 -1030.0000000000
431 -1020.0000000000
503 -991.0000000000
536 -981.0000000000
603 -952.0000000000
639 -942.0000000000
703 -913.0000000000
740 -903.0000000000
803 -874.0000000000
845 -864.0000000000
903 -835.0000000000
946 -825.0000000000
1003 -796.0000000000
1048 -786.0000000000
1103 -757.0000000000
1150 -747.0000000000
1203 -718.0000000000
1253 -708.0000000000
1303 -679.0000000000
1356 -669.0000000000
1403 -640.0000000000
1457 -630.0000000000
1503 -601.0000000000
1558 -591.0000000000
1603 -562.0000000000
1664 -552.0000000000
1703 -523.0000000000
1771 -513.0000000000
1803 -484.0000000000
1873 -474.0000000000
1903 -445.0000000000
1974 -435.0000000000
2003 -406.0000000000
2076 -396.0000000000
2103 -367.0000000000
2185 -357.0000000000
2203 -328.0000000000
2298 -318.0000000000
2303 -289.0000000000
2404 -260.0000000000
2506 -231.0000000000
2617 -212.0000000000
2643 -202.0000000000
2717 -183.0000000000
2762 -173.0000000000
2817 -154.0000000000
2872 -144.0000000000
2917 -135.0000000000
2942 -125.0000000000
2997 -115.0000000000
3042 -96.0000000000
3102 -86.0000000000
3142 -67.0000000000
3252 -58.0000000000
3254 -48.0000000000
3352 -39.0000000000
3359 -29.0000000000
3452 -20.0000000000
3482 -10.0000000000
3584 -1.0000000000
3594 9.0000000000
27658 10.0000000000
100423 -10.0000000000
evaluations raw_y
1 -1371.0000000000
2 -1283.0000000000
4 -1254.0000000000
5 -1244.0000000000
104 -1215.0000000000
109 -1205.0000000000
204 -1176.0000000000
210 -1166.0000000000
304 -1137.0000000000
311 -1127.0000000000
404 -1098.0000000000
418 -1088.0000000000
504 -1059.0000000000
519 -1049.0000000000
604 -1020.0000000000
628 -1010.0000000000
704 -981.0000000000
735 -971.0000000000
804 -942.0000000000
837 -932.0000000000
904 -903.0000000000
940 -893.0000000000
1004 -864.0000000000
1042 -854.0000000000
1104 -825.0000000000
1144 -815.0000000000
1204 -786.0000000000
1247 -776.0000000000
1304 -747.0000000000
1355 -737.0000000000
1404 -708.0000000000
1456 -698.0000000000
1504 -669.0000000000
1559 -659.0000000000
1604 -630.0000000000
1662 -620.0000000000
1704 -591.0000000000
1766 -581.0000000000
1804 -552.0000000000
1871 -542.0000000000
1904 -513.0000000000
1977 -503.0000000000
2004 -474.0000000000
2079 -464.0000000000
2104 -435.0000000000
2181 -425.0000000000
2204 -396.0000000000
2292 -386.0000000000
2304 -367.0000000000
2312 -357.0000000000
2394 -347.0000000000
2404 -328.0000000000
2412 -318.0000000000
2504 -309.0000000000
2514 -289.0000000000
2604 -280.0000000000
2621 -270.0000000000
2622 -260.0000000000
2704 -251.0000000000
2731 -241.0000000000
2752 -231.0000000000
2804 -222.0000000000
2831 -212.0000000000
2872 -202.0000000000
2904 -193.0000000000
2931 -183.0000000000
2973 -173.0000000000
3004 -164.0000000000
3031 -154.0000000000
3076 -144.0000000000
3104 -135.0000000000
3134 -125.0000000000
3200 -115.0000000000
3204 -106.0000000000
3253 -96.0000000000
3304 -87.0000000000
3401 -77.0000000000
3404 -68.0000000000
3502 -58.0000000000
3504 -49.0000000000
3606 -48.0000000000
3621 -40.0000000000
3706 -39.0000000000
3731 -31.0000000000
3806 -30.0000000000
3863 -22.0000000000
3906 -21.0000000000
3995 -13.0000000000
4006 -12.0000000000
4097 -4.0000000000
4106 -3.0000000000
4198 5.0000000000
4206 6.0000000000
4330 7.0000000000
4458 8.0000000000
14678 9.0000000000
102923 -20.0000000000
evaluations raw_y
1 -1459.0000000000
903 -1439.0000000000
925 -1429.0000000000
1003 -1400.0000000000
1026 -1390.0000000000
1103 -1361.0000000000
1127 -1351.0000000000
1203 -1322.0000000000
1229 -1312.0000000000
1303 -1283.0000000000
1335 -1273.0000000000
1403 -1244.0000000000
1439 -1234.0000000000
1503 -1205.0000000000
1540 -1195.0000000000
1603 -1166.0000000000
1644 -1156.0000000000
1703 -1127.0000000000
1747 -1117.0000000000
1803 -1088.0000000000
1848 -1078.0000000000
1903 -1049.0000000000
1949 -1039.0000000000
2003 -1010.0000000000
2055 -1000.0000000000
2103 -971.0000000000
2158 -961.0000000000
2203 -932.0000000000
2259 -922.0000000000
2303 -893.0000000000
2360 -883.0000000000
2403 -854.0000000000
2461 -844.0000000000
2503 -815.0000000000
2564 -805.0000000000
2603 -776.0000000000
2666 -766.0000000000
2703 -737.0000000000
2768 -727.0000000000
2803 -698.0000000000
2869 -688.0000000000
2903 -659.0000000000
2975 -649.0000000000
3003 -620.0000000000
3077 -610.0000000000
3103 -581.0000000000
3180 -571.0000000000
3203 -542.0000000000
3290 -532.0000000000
3303 -503.0000000000
3391 -493.0000000000
3403 -474.0000000000
3413 -464.0000000000
3492 -454.0000000000
3503 -435.0000000000
3513 -425.0000000000
3603 -406.0000000000
3634 -396.0000000000
3703 -377.0000000000
3741 -367.0000000000
3803 -348.0000000000
3842 -338.0000000000
3903 -319.0000000000
3953 -309.0000000000
4003 -290.0000000000
4065 -280.0000000000
4103 -261.0000000000
4171 -251.0000000000
4203 -232.0000000000
4284 -222.0000000000
4303 -203.0000000000
4389 -193.0000000000
4403 -174.0000000000
4494 -164.0000000000
4503 -145.0000000000
4600 -135.0000000000
4603 -116.0000000000
4722 -97.0000000000
4823 -88.0000000000
4881 -78.0000000000
4923 -69.0000000000
4986 -59.0000000000
5016 -58.0000000000
5023 -50.0000000000
5093 -40.0000000000
5116 -39.0000000000
5123 -31.0000000000
5198 -21.0000000000
5216 -20.0000000000
5223 -12.0000000000
5301 -2.0000000000
5316 -1.0000000000
5323 7.0000000000
5416 8.0000000000
13943 9.0000000000
35063 10.0000000000
102924 -9.0000000000
