evaluations raw_y
1 0.0000000000
2 1.0000000000
4 3.0000000000
106 5.0000000000
208 11.0000000000
314 14.0000000000
417 15.0000000000
518 16.0000000000
619 17.0000000000
720 18.0000000000
821 19.0000000000
922 21.0000000000
1024 23.0000000000
1126 26.0000000000
1229 28.0000000000
1331 29.0000000000
1432 34.0000000000
1537 35.0000000000
1638 36.0000000000
1739 38.0000000000
1841 44.0000000000
1947 45.0000000000
2048 47.0000000000
2150 49.0000000000
2252 50.0000000000
2353 53.0000000000
2456 57.0000000000
2560 59.0000000000
2662 61.0000000000
2764 62.0000000000
2865 67.0000000000
2970 69.0000000000
3072 70.0000000000
3173 71.0000000000
3274 73.0000000000
3376 74.0000000000
3477 76.0000000000
3579 78.0000000000
3681 80.0000000000
3783 81.0000000000
3884 82.0000000000
3985 84.0000000000
4087 85.0000000000
4188 86.0000000000
4289 87.0000000000
4390 88.0000000000
4491 89.0000000000
4592 90.0000000000
4693 92.0000000000
4795 93.0000000000
4896 94.0000000000
4997 95.0000000000
5098 100.0000000000
100000 53.0000000000
evaluations raw_y
1 0.0000000000
2 2.0000000000
5 3.0000000000
106 8.0000000000
211 12.0000000000
315 13.0000000000
416 15.0000000000
518 16.0000000000
619 19.0000000000
722 20.0000000000
823 21.0000000000
924 22.0000000000
1025 25.0000000000
1128 27.0000000000
1230 28.0000000000
1331 30.0000000000
1433 33.0000000000
1536 36.0000000000
1639 39.0000000000
1742 40.0000000000
1843 41.0000000000
1944 46.0000000000
2049 47.0000000000
2150 48.0000000000
2251 49.0000000000
2352 50.0000000000
2453 53.0000000000
2556 54.0000000000
2657 58.0000000000
2761 62.0000000000
2865 64.0000000000
2967 65.0000000000
3068 67.0000000000
3170 68.0000000000
3271 69.0000000000
3372 70.0000000000
3473 72.0000000000
3575 78.0000000000
3681 83.0000000000
3786 84.0000000000
3887 88.0000000000
3991 93.0000000000
4096 94.0000000000
4197 96.0000000000
4299 97.0000000000
4400 99.0000000000
4502 100.0000000000
100000 69.0000000000
evaluations raw_y
1 3.0000000000
105 5.0000000000
208 6.0000000000
309 7.0000000000
410 8.0000000000
511 9.0000000000
612 10.0000000000
713 11.0000000000
814 12.0000000000
915 13.0000000000
1016 14.0000000000
1117 15.0000000000
1218 17.0000000000
1320 18.0000000000
1421 19.0000000000
1522 22.0000000000
1625 23.0000000000
1726 27.0000000000
1830 29.0000000000
1932 37.0000000000
2040 38.0000000000
2141 39.0000000000
2242 43.0000000000
2346 44.0000000000
2447 48.0000000000
2551 50.0000000000
2653 51.0000000000
2754 52.0000000000
2855 53.0000000000
2956 57.0000000000
3060 58.0000000000
3161 59.0000000000
3262 62.0000000000
3365 63.0000000000
3466 64.0000000000
3567 66.0000000000
3669 67.0000000000
3770 74.0000000000
3877 76.0000000000
3979 78.0000000000
4081 79.0000000000
4182 81.0000000000
4284 82.0000000000
4385 83.0000000000
4486 86.0000000000
4589 88.0000000000
4691 92.0000000000
4795 93.0000000000
4896 94.0000000000
4997 95.0000000000
5098 96.0000000000
5199 97.0000000000
5300 100.0000000000
100000 43.0000000000
evaluations raw_y
1 1.0000000000
104 2.0000000000
205 5.0000000000
308 7.0000000000
410 8.0000000000
511 9.0000000000
612 11.0000000000
714 14.0000000000
817 18.0000000000
921 19.0000000000
1022 20.0000000000
1123 21.0000000000
1224 22.0000000000
1325 24.0000000000
1427 26.0000000000
1529 28.0000000000
1631 29.0000000000
1732 33.0000000000
1836 34.0000000000
1937 38.0000000000
2041 44.0000000000
2147 47.0000000000
2250 48.0000000000
2351 52.0000000000
2455 57.0000000000
2560 58.0000000000
2661 59.0000000000
2762 60.0000000000
2863 62.0000000000
2965 63.0000000000
3066 64.0000000000
3167 66.0000000000
3269 67.0000000000
3370 70.0000000000
3473 76.0000000000
3579 78.0000000000
3681 79.0000000000
3782 80.0000000000
3883 84.0000000000
3987 88.0000000000
4091 91.0000000000
4194 93.0000000000
4296 94.0000000000
4397 95.0000000000
4498 97.0000000000
4600 98.0000000000
4701 99.0000000000
4802 100.0000000000
100000 51.0000000000
evaluations raw_y
1 0.0000000000
3 1.0000000000
104 4.0000000000
207 9.0000000000
312 11.0000000000
414 13.0000000000
516 14.0000000000
617 15.0000000000
718 16.0000000000
819 17.0000000000
920 18.0000000000
1021 20.0000000000
1123 23.0000000000
1226 24.0000000000
1327 27.0000000000
1430 29.0000000000
1532 34.0000000000
1637 35.0000000000
1738 37.0000000000
1840 40.0000000000
1943 41.0000000000
2044 42.0000000000
2145 43.0000000000
2246 44.0000000000
2347 45.0000000000
2448 46.0000000000
2549 47.0000000000
2650 49.0000000000
2752 54.0000000000
2857 57.0000000000
2960 58.0000000000
3061 59.0000000000
3162 60.0000000000
3263 62.0000000000
3365 64.0000000000
3467 66.0000000000
3569 68.0000000000
3671 70.0000000000
3773 72.0000000000
3875 74.0000000000
3977 75.0000000000
4078 76.0000000000
4179 78.0000000000
4281 80.0000000000
4383 82.0000000000
4485 83.0000000000
4586 84.0000000000
4687 88.0000000000
4791 90.0000000000
4893 91.0000000000
4994 95.0000000000
5098 99.0000000000
5202 100.0000000000
100000 40.0000000000
evaluations raw_y
1 6.0000000000
9 12.0000000000
115 13.0000000000
216 14.0000000000
317 17.0000000000
420 19.0000000000
522 20.0000000000
623 23.0000000000
726 24.0000000000
827 25.0000000000
928 28.0000000000
1031 30.0000000000
1133 31.0000000000
1234 37.0000000000
1340 41.0000000000
1444 43.0000000000
1546 46.0000000000
1649 47.0000000000
1750 48.0000000000
1851 53.0000000000
1956 55.0000000000
2058 57.0000000000
2160 58.0000000000
2261 59.0000000000
2362 67.0000000000
2470 68.0000000000
2571 69.0000000000
2672 81.0000000000
2784 83.0000000000
2886 84.0000000000
2987 85.0000000000
3088 93.0000000000
3196 94.0000000000
3297 96.0000000000
3399 98.0000000000
3501 100.0000000000
100000 24.0000000000
evaluations raw_y
1 0.0000000000
2 1.0000000000
4 2.0000000000
105 3.0000000000
206 6.0000000000
309 10.0000000000
413 12.0000000000
515 16.0000000000
619 17.0000000000
720 18.0000000000
821 20.0000000000
923 21.0000000000
1024 22.0000000000
1125 23.0000000000
1226 24.0000000000
1327 25.0000000000
1428 26.0000000000
1529 30.0000000000
1633 31.0000000000
1734 32.0000000000
1835 33.0000000000
1936 34.0000000000
2037 36.0000000000
2139 37.0000000000
2240 39.0000000000
2342 43.0000000000
2446 44.0000000000
2547 46.0000000000
2649 47.0000000000
2750 49.0000000000
2852 52.0000000000
2955 53.0000000000
3056 54.0000000000
3157 55.0000000000
3258 59.0000000000
3362 64.0000000000
3467 65.0000000000
3568 66.0000000000
3669 70.0000000000
3773 71.0000000000
3874 72.0000000000
3975 73.0000000000
4076 74.0000000000
4177 75.0000000000
4278 76.0000000000
4379 78.0000000000
4481 79.0000000000
4582 80.0000000000
4683 83.0000000000
4786 84.0000000000
4887 85.0000000000
4988 91.0000000000
5094 92.0000000000
5195 94.0000000000
5297 100.0000000000
100000 14.0000000000
evaluations raw_y
1 10.0000000000
713 11.0000000000
814 12.0000000000
915 13.0000000000
1016 15.0000000000
1118 16.0000000000
1219 17.0000000000
1320 18.0000000000
1421 20.0000000000
1523 22.0000000000
1625 23.0000000000
1726 24.0000000000
1827 25.0000000000
1928 33.0000000000
2036 39.0000000000
2142 40.0000000000
2243 42.0000000000
2345 43.0000000000
2446 46.0000000000
2549 47.0000000000
2650 48.0000000000
2751 51.0000000000
2854 52.0000000000
2955 55.0000000000
3058 56.0000000000
3159 58.0000000000
3261 61.0000000000
3364 63.0000000000
3466 66.0000000000
3569 67.0000000000
3670 68.0000000000
3771 69.0000000000
3872 70.0000000000
3973 71.0000000000
4074 72.0000000000
4175 73.0000000000
4276 76.0000000000
4379 79.0000000000
4482 81.0000000000
4584 82.0000000000
4685 86.0000000000
4789 88.0000000000
4891 89.0000000000
4992 91.0000000000
5094 93.0000000000
5196 94.0000000000
5297 99.0000000000
5402 100.0000000000
100000 38.0000000000
evaluations raw_y
1 5.0000000000
106 7.0000000000
210 9.0000000000
312 10.0000000000
413 12.0000000000
515 13.0000000000
616 14.0000000000
717 15.0000000000
818 16.0000000000
919 18.0000000000
1021 19.0000000000
1122 21.0000000000
1224 26.0000000000
1329 35.0000000000
1438 38.0000000000
1541 39.0000000000
1642 41.0000000000
1744 43.0000000000
1846 44.0000000000
1947 45.0000000000
2048 46.0000000000
2149 48.0000000000
2251 49.0000000000
2352 50.0000000000
2453 51.0000000000
2554 53.0000000000
2656 54.0000000000
2757 58.0000000000
2861 59.0000000000
2962 61.0000000000
3064 65.0000000000
3168 72.0000000000
3275 75.0000000000
3378 76.0000000000
3479 78.0000000000
3581 79.0000000000
3682 80.0000000000
3783 81.0000000000
3884 83.0000000000
3986 84.0000000000
4087 85.0000000000
4188 87.0000000000
4290 89.0000000000
4392 90.0000000000
4493 91.0000000000
4594 93.0000000000
4696 96.0000000000
4799 97.0000000000
4900 100.0000000000
100000 40.0000000000
evaluations raw_y
1 0.0000000000
2 1.0000000000
4 2.0000000000
105 4.0000000000
207 7.0000000000
310 8.0000000000
411 10.0000000000
513 12.0000000000
615 14.0000000000
717 16.0000000000
819 17.0000000000
920 18.0000000000
1021 19.0000000000
1122 33.0000000000
1236 37.0000000000
1340 39.0000000000
1442 41.0000000000
1544 45.0000000000
1648 48.0000000000
1751 50.0000000000
1853 51.0000000000
1954 53.0000000000
2056 55.0000000000
2158 58.0000000000
2261 60.0000000000
2363 61.0000000000
2464 63.0000000000
2566 64.0000000000
2667 65.0000000000
2768 66.0000000000
2869 67.0000000000
2970 70.0000000000
3073 71.0000000000
3174 72.0000000000
3275 75.0000000000
3378 76.0000000000
3479 82.0000000000
3585 83.0000000000
3686 85.0000000000
3788 86.0000000000
3889 88.0000000000
3991 93.0000000000
4096 95.0000000000
4198 98.0000000000
4301 99.0000000000
4402 100.0000000000
100000 78.0000000000
