"function evaluation" "current f(x)" "best-so-far f(x)" "current af(x)+b" "best af(x)+b"
1 -1410.0000000000 -1410.0000000000 -1410.0000000000 -1410.0000000000
3 -1381.0000000000 -1381.0000000000 -1381.0000000000 -1381.0000000000
5 -1342.0000000000 -1342.0000000000 -1342.0000000000 -1342.0000000000
6 -1303.0000000000 -1303.0000000000 -1303.0000000000 -1303.0000000000
14 -1264.0000000000 -1264.0000000000 -1264.0000000000 -1264.0000000000
16 -1225.0000000000 -1225.0000000000 -1225.0000000000 -1225.0000000000
18 -1186.0000000000 -1186.0000000000 -1186.0000000000 -1186.0000000000
22 -1147.0000000000 -1147.0000000000 -1147.0000000000 -1147.0000000000
25 -1108.0000000000 -1108.0000000000 -1108.0000000000 -1108.0000000000
27 -1079.0000000000 -1079.0000000000 -1079.0000000000 -1079.0000000000
28 -1040.0000000000 -1040.0000000000 -1040.0000000000 -1040.0000000000
29 -1001.0000000000 -1001.0000000000 -1001.0000000000 -1001.0000000000
30 -962.0000000000 -962.0000000000 -962.0000000000 -962.0000000000
33 -923.0000000000 -923.0000000000 -923.0000000000 -923.0000000000
40 -884.0000000000 -884.0000000000 -884.0000000000 -884.0000000000
45 -845.0000000000 -845.0000000000 -845.0000000000 -845.0000000000
48 -806.0000000000 -806.0000000000 -806.0000000000 -806.0000000000
49 -777.0000000000 -777.0000000000 -777.0000000000 -777.0000000000
54 -738.0000000000 -738.0000000000 -738.0000000000 -738.0000000000
56 -699.0000000000 -699.0000000000 -699.0000000000 -699.0000000000
64 -660.0000000000 -660.0000000000 -660.0000000000 -660.0000000000
70 -631.0000000000 -631.0000000000 -631.0000000000 -631.0000000000
75 -602.0000000000 -602.0000000000 -602.0000000000 -602.0000000000
84 -573.0000000000 -573.0000000000 -573.0000000000 -573.0000000000
90 -534.0000000000 -534.0000000000 -534.0000000000 -534.0000000000
98 -505.0000000000 -505.0000000000 -505.0000000000 -505.0000000000
102 -466.0000000000 -466.0000000000 -466.0000000000 -466.0000000000
105 -437.0000000000 -437.0000000000 -437.0000000000 -437.0000000000
110 -408.0000000000 -408.0000000000 -408.0000000000 -408.0000000000
111 -389.0000000000 -389.0000000000 -389.0000000000 -389.0000000000
129 -360.0000000000 -360.0000000000 -360.0000000000 -360.0000000000
132 -321.0000000000 -321.0000000000 -321.0000000000 -321.0000000000
133 -292.0000000000 -292.0000000000 -292.0000000000 -292.0000000000
134 -253.0000000000 -253.0000000000 -253.0000000000 -253.0000000000
137 -224.0000000000 -224.0000000000 -224.0000000000 -224.0000000000
139 -215.0000000000 -215.0000000000 -215.0000000000 -215.0000000000
140 -186.0000000000 -186.0000000000 -186.0000000000 -186.0000000000
144 -157.0000000000 -157.0000000000 -157.0000000000 -157.0000000000
163 -138.0000000000 -138.0000000000 -138.0000000000 -138.0000000000
164 -109.0000000000 -109.0000000000 -109.0000000000 -109.0000000000
169 -90.0000000000 -90.0000000000 -90.0000000000 -90.0000000000
171 -51.0000000000 -51.0000000000 -51.0000000000 -51.0000000000
175 -42.0000000000 -42.0000000000 -42.0000000000 -42.0000000000
185 -33.0000000000 -33.0000000000 -33.0000000000 -33.0000000000
216 -32.0000000000 -32.0000000000 -32.0000000000 -32.0000000000
230 -23.0000000000 -23.0000000000 -23.0000000000 -23.0000000000
238 -14.0000000000 -14.0000000000 -14.0000000000 -14.0000000000
245 -5.0000000000 -5.0000000000 -5.0000000000 -5.0000000000
246 -4.0000000000 -4.0000000000 -4.0000000000 -4.0000000000
257 -3.0000000000 -3.0000000000 -3.0000000000 -3.0000000000
288 -2.0000000000 -2.0000000000 -2.0000000000 -2.0000000000
296 7.0000000000 7.0000000000 7.0000000000 7.0000000000
319 8.0000000000 8.0000000000 8.0000000000 8.0000000000
569 9.0000000000 9.0000000000 9.0000000000 9.0000000000
100001 -10.0000000000 9.0000000000 -10.0000000000 9.0000000000
"function evaluation" "current f(x)" "best-so-far f(x)" "current af(x)+b" "best af(x)+b"
1 -1653.0000000000 -1653.0000000000 -1653.0000000000 -1653.0000000000
3 -1614.0000000000 -1614.0000000000 -1614.0000000000 -1614.0000000000
5 -1575.0000000000 -1575.0000000000 -1575.0000000000 -1575.0000000000
7 -1536.0000000000 -1536.0000000000 -1536.0000000000 -1536.0000000000
9 -1497.0000000000 -1497.0000000000 -1497.0000000000 -1497.0000000000
10 -1458.0000000000 -1458.0000000000 -1458.0000000000 -1458.0000000000
12 -1429.0000000000 -1429.0000000000 -1429.0000000000 -1429.0000000000
16 -1390.0000000000 -1390.0000000000 -1390.0000000000 -1390.0000000000
21 -1351.0000000000 -1351.0000000000 -1351.0000000000 -1351.0000000000
23 -1312.0000000000 -1312.0000000000 -1312.0000000000 -1312.0000000000
24 -1273.0000000000 -1273.0000000000 -1273.0000000000 -1273.0000000000
26 -1234.0000000000 -1234.0000000000 -1234.0000000000 -1234.0000000000
29 -1195.0000000000 -1195.0000000000 -1195.0000000000 -1195.0000000000
30 -1156.0000000000 -1156.0000000000 -1156.0000000000 -1156.0000000000
32 -1117.0000000000 -1117.0000000000 -1117.0000000000 -1117.0000000000
35 -1078.0000000000 -1078.0000000000 -1078.0000000000 -1078.0000000000
37 -1039.0000000000 -1039.0000000000 -1039.0000000000 -1039.0000000000
44 -1010.0000000000 -1010.0000000000 -1010.0000000000 -1010.0000000000
45 -971.0000000000 -971.0000000000 -971.0000000000 -971.0000000000
46 -932.0000000000 -932.0000000000 -932.0000000000 -932.0000000000
51 -893.0000000000 -893.0000000000 -893.0000000000 -893.0000000000
54 -854.0000000000 -854.0000000000 -854.0000000000 -854.0000000000
55 -825.0000000000 -825.0000000000 -825.0000000000 -825.0000000000
57 -796.0000000000 -796.0000000000 -796.0000000000 -796.0000000000
60 -757.0000000000 -757.0000000000 -757.0000000000 -757.0000000000
63 -728.0000000000 -728.0000000000 -728.0000000000 -728.0000000000
64 -689.0000000000 -689.0000000000 -689.0000000000 -689.0000000000
66 -650.0000000000 -650.0000000000 -650.0000000000 -650.0000000000
68 -611.0000000000 -611.0000000000 -611.0000000000 -611.0000000000
69 -572.0000000000 -572.0000000000 -572.0000000000 -572.0000000000
70 -533.0000000000 -533.0000000000 -533.0000000000 -533.0000000000
71 -494.0000000000 -494.0000000000 -494.0000000000 -494.0000000000
73 -465.0000000000 -465.0000000000 -465.0000000000 -465.0000000000
77 -446.0000000000 -446.0000000000 -446.0000000000 -446.0000000000
82 -427.0000000000 -427.0000000000 -427.0000000000 -427.0000000000
89 -408.0000000000 -408.0000000000 -408.0000000000 -408.0000000000
90 -379.0000000000 -379.0000000000 -379.0000000000 -379.0000000000
91 -360.0000000000 -360.0000000000 -360.0000000000 -360.0000000000
97 -331.0000000000 -331.0000000000 -331.0000000000 -331.0000000000
101 -302.0000000000 -302.0000000000 -302.0000000000 -302.0000000000
147 -273.0000000000 -273.0000000000 -273.0000000000 -273.0000000000
150 -254.0000000000 -254.0000000000 -254.0000000000 -254.0000000000
154 -225.0000000000 -225.0000000000 -225.0000000000 -225.0000000000
159 -206.0000000000 -206.0000000000 -206.0000000000 -206.0000000000
162 -177.0000000000 -177.0000000000 -177.0000000000 -177.0000000000
165 -168.0000000000 -168.0000000000 -168.0000000000 -168.0000000000
169 -139.0000000000 -139.0000000000 -139.0000000000 -139.0000000000
183 -110.0000000000 -110.0000000000 -110.0000000000 -110.0000000000
186 -109.0000000000 -109.0000000000 -109.0000000000 -109.0000000000
187 -80.0000000000 -80.0000000000 -80.0000000000 -80.0000000000
191 -71.0000000000 -71.0000000000 -71.0000000000 -71.0000000000
192 -52.0000000000 -52.0000000000 -52.0000000000 -52.0000000000
193 -33.0000000000 -33.0000000000 -33.0000000000 -33.0000000000
204 -24.0000000000 -24.0000000000 -24.0000000000 -24.0000000000
210 -23.0000000000 -23.0000000000 -23.0000000000 -23.0000000000
213 -22.0000000000 -22.0000000000 -22.0000000000 -22.0000000000
215 -13.0000000000 -13.0000000000 -13.0000000000 -13.0000000000
263 6.0000000000 6.0000000000 6.0000000000 6.0000000000
270 7.0000000000 7.0000000000 7.0000000000 7.0000000000
285 8.0000000000 8.0000000000 8.0000000000 8.0000000000
100001 -11.0000000000 8.0000000000 -11.0000000000 8.0000000000
"function evaluation" "current f(x)" "best-so-far f(x)" "current af(x)+b" "best af(x)+b"
1 -1303.0000000000 -1303.0000000000 -1303.0000000000 -1303.0000000000
2 -1264.0000000000 -1264.0000000000 -1264.0000000000 -1264.0000000000
7 -1225.0000000000 -1225.0000000000 -1225.0000000000 -1225.0000000000
8 -1186.0000000000 -1186.0000000000 -1186.0000000000 -1186.0000000000
10 -1147.0000000000 -1147.0000000000 -1147.0000000000 -1147.0000000000
14 -1118.0000000000 -1118.0000000000 -1118.0000000000 -1118.0000000000
16 -1079.0000000000 -1079.0000000000 -1079.0000000000 -1079.0000000000
18 -1040.0000000000 -1040.0000000000 -1040.0000000000 -1040.0000000000
20 -1011.0000000000 -1011.0000000000 -1011.0000000000 -1011.0000000000
22 -972.0000000000 -972.0000000000 -972.0000000000 -972.0000000000
24 -943.0000000000 -943.0000000000 -943.0000000000 -943.0000000000
25 -904.0000000000 -904.0000000000 -904.0000000000 -904.0000000000
33 -875.0000000000 -875.0000000000 -875.0000000000 -875.0000000000
35 -836.0000000000 -836.0000000000 -836.0000000000 -836.0000000000
40 -817.0000000000 -817.0000000000 -817.0000000000 -817.0000000000
44 -778.0000000000 -778.0000000000 -778.0000000000 -778.0000000000
49 -739.0000000000 -739.0000000000 -739.0000000000 -739.0000000000
51 -710.0000000000 -710.0000000000 -710.0000000000 -710.0000000000
55 -671.0000000000 -671.0000000000 -671.0000000000 -671.0000000000
58 -632.0000000000 -632.0000000000 -632.0000000000 -632.0000000000
65 -593.0000000000 -593.0000000000 -593.0000000000 -593.0000000000
77 -554.0000000000 -554.0000000000 -554.0000000000 -554.0000000000
87 -525.0000000000 -525.0000000000 -525.0000000000 -525.0000000000
92 -486.0000000000 -486.0000000000 -486.0000000000 -486.0000000000
93 -457.0000000000 -457.0000000000 -457.0000000000 -457.0000000000
98 -428.0000000000 -428.0000000000 -428.0000000000 -428.0000000000
105 -389.0000000000 -389.0000000000 -389.0000000000 -389.0000000000
108 -350.0000000000 -350.0000000000 -350.0000000000 -350.0000000000
113 -321.0000000000 -321.0000000000 -321.0000000000 -321.0000000000
128 -282.0000000000 -282.0000000000 -282.0000000000 -282.0000000000
130 -263.0000000000 -263.0000000000 -263.0000000000 -263.0000000000
135 -234.0000000000 -234.0000000000 -234.0000000000 -234.0000000000
136 -195.0000000000 -195.0000000000 -195.0000000000 -195.0000000000
155 -156.0000000000 -156.0000000000 -156.0000000000 -156.0000000000
167 -127.0000000000 -127.0000000000 -127.0000000000 -127.0000000000
174 -108.0000000000 -108.0000000000 -108.0000000000 -108.0000000000
175 -79.0000000000 -79.0000000000 -79.0000000000 -79.0000000000
177 -60.0000000000 -60.0000000000 -60.0000000000 -60.0000000000
217 -51.0000000000 -51.0000000000 -51.0000000000 -51.0000000000
231 -32.0000000000 -32.0000000000 -32.0000000000 -32.0000000000
239 -31.0000000000 -31.0000000000 -31.0000000000 -31.0000000000
240 -22.0000000000 -22.0000000000 -22.0000000000 -22.0000000000
255 -13.0000000000 -13.0000000000 -13.0000000000 -13.0000000000
257 6.0000000000 6.0000000000 6.0000000000 6.0000000000
269 7.0000000000 7.0000000000 7.0000000000 7.0000000000
280 8.0000000000 8.0000000000 8.0000000000 8.0000000000
374 9.0000000000 9.0000000000 9.0000000000 9.0000000000
100001 -20.0000000000 9.0000000000 -20.0000000000 9.0000000000
"function evaluation" "current f(x)" "best-so-far f(x)" "current af(x)+b" "best af(x)+b"
1 -1371.0000000000 -1371.0000000000 -1371.0000000000 -1371.0000000000
6 -1342.0000000000 -1342.0000000000 -1342.0000000000 -1342.0000000000
9 -1313.0000000000 -1313.0000000000 -1313.0000000000 -1313.0000000000
10 -1284.0000000000 -1284.0000000000 -1284.0000000000 -1284.0000000000
12 -1245.0000000000 -1245.0000000000 -1245.0000000000 -1245.0000000000
13 -1206.0000000000 -1206.0000000000 -1206.0000000000 -1206.0000000000
14 -1167.0000000000 -1167.0000000000 -1167.0000000000 -1167.0000000000
15 -1138.0000000000 -1138.0000000000 -1138.0000000000 -1138.0000000000
17 -1099.0000000000 -1099.0000000000 -1099.0000000000 -1099.0000000000
19 -1060.0000000000 -1060.0000000000 -1060.0000000000 -1060.0000000000
22 -1031.0000000000 -1031.0000000000 -1031.0000000000 -1031.0000000000
24 -992.0000000000 -992.0000000000 -992.0000000000 -992.0000000000
28 -963.0000000000 -963.0000000000 -963.0000000000 -963.0000000000
29 -924.0000000000 -924.0000000000 -924.0000000000 -924.0000000000
34 -885.0000000000 -885.0000000000 -885.0000000000 -885.0000000000
36 -846.0000000000 -846.0000000000 -846.0000000000 -846.0000000000
38 -817.0000000000 -817.0000000000 -817.0000000000 -817.0000000000
47 -778.0000000000 -778.0000000000 -778.0000000000 -778.0000000000
48 -739.0000000000 -739.0000000000 -739.0000000000 -739.0000000000
52 -700.0000000000 -700.0000000000 -700.0000000000 -700.0000000000
63 -671.0000000000 -671.0000000000 -671.0000000000 -671.0000000000
67 -632.0000000000 -632.0000000000 -632.0000000000 -632.0000000000
68 -603.0000000000 -603.0000000000 -603.0000000000 -603.0000000000
85 -574.0000000000 -574.0000000000 -574.0000000000 -574.0000000000
87 -535.0000000000 -535.0000000000 -535.0000000000 -535.0000000000
92 -496.0000000000 -496.0000000000 -496.0000000000 -496.0000000000
93 -457.0000000000 -457.0000000000 -457.0000000000 -457.0000000000
98 -428.0000000000 -428.0000000000 -428.0000000000 -428.0000000000
101 -399.0000000000 -399.0000000000 -399.0000000000 -399.0000000000
102 -370.0000000000 -370.0000000000 -370.0000000000 -370.0000000000
103 -351.0000000000 -351.0000000000 -351.0000000000 -351.0000000000
105 -322.0000000000 -322.0000000000 -322.0000000000 -322.0000000000
116 -293.0000000000 -293.0000000000 -293.0000000000 -293.0000000000
141 -254.0000000000 -254.0000000000 -254.0000000000 -254.0000000000
146 -235.0000000000 -235.0000000000 -235.0000000000 -235.0000000000
160 -206.0000000000 -206.0000000000 -206.0000000000 -206.0000000000
162 -187.0000000000 -187.0000000000 -187.0000000000 -187.0000000000
167 -158.0000000000 -158.0000000000 -158.0000000000 -158.0000000000
181 -129.0000000000 -129.0000000000 -129.0000000000 -129.0000000000
185 -110.0000000000 -110.0000000000 -110.0000000000 -110.0000000000
199 -91.0000000000 -91.0000000000 -91.0000000000 -91.0000000000
212 -82.0000000000 -82.0000000000 -82.0000000000 -82.0000000000
220 -81.0000000000 -81.0000000000 -81.0000000000 -81.0000000000
223 -52.0000000000 -52.0000000000 -52.0000000000 -52.0000000000
231 -51.0000000000 -51.0000000000 -51.0000000000 -51.0000000000
247 -42.0000000000 -42.0000000000 -42.0000000000 -42.0000000000
250 -23.0000000000 -23.0000000000 -23.0000000000 -23.0000000000
260 -14.0000000000 -14.0000000000 -14.0000000000 -14.0000000000
261 -13.0000000000 -13.0000000000 -13.0000000000 -13.0000000000
262 -12.0000000000 -12.0000000000 -12.0000000000 -12.0000000000
269 7.0000000000 7.0000000000 7.0000000000 7.0000000000
334 8.0000000000 8.0000000000 8.0000000000 8.0000000000
100001 -31.0000000000 8.0000000000 -31.0000000000 8.0000000000
"function evaluation" "current f(x)" "best-so-far f(x)" "current af(x)+b" "best af(x)+b"
1 -1566.0000000000 -1566.0000000000 -1566.0000000000 -1566.0000000000
2 -1527.0000000000 -1527.0000000000 -1527.0000000000 -1527.0000000000
8 -1488.0000000000 -1488.0000000000 -1488.0000000000 -1488.0000000000
9 -1449.0000000000 -1449.0000000000 -1449.0000000000 -1449.0000000000
10 -1410.0000000000 -1410.0000000000 -1410.0000000000 -1410.0000000000
17 -1381.0000000000 -1381.0000000000 -1381.0000000000 -1381.0000000000
18 -1352.0000000000 -1352.0000000000 -1352.0000000000 -1352.0000000000
19 -1313.0000000000 -1313.0000000000 -1313.0000000000 -1313.0000000000
21 -1274.0000000000 -1274.0000000000 -1274.0000000000 -1274.0000000000
22 -1235.0000000000 -1235.0000000000 -1235.0000000000 -1235.0000000000
23 -1196.0000000000 -1196.0000000000 -1196.0000000000 -1196.0000000000
24 -1157.0000000000 -1157.0000000000 -1157.0000000000 -1157.0000000000
25 -1118.0000000000 -1118.0000000000 -1118.0000000000 -1118.0000000000
26 -1079.0000000000 -1079.0000000000 -1079.0000000000 -1079.0000000000
30 -1050.0000000000 -1050.0000000000 -1050.0000000000 -1050.0000000000
32 -1021.0000000000 -1021.0000000000 -1021.0000000000 -1021.0000000000
44 -982.0000000000 -982.0000000000 -982.0000000000 -982.0000000000
45 -953.0000000000 -953.0000000000 -953.0000000000 -953.0000000000
46 -914.0000000000 -914.0000000000 -914.0000000000 -914.0000000000
47 -875.0000000000 -875.0000000000 -875.0000000000 -875.0000000000
50 -836.0000000000 -836.0000000000 -836.0000000000 -836.0000000000
51 -797.0000000000 -797.0000000000 -797.0000000000 -797.0000000000
52 -758.0000000000 -758.0000000000 -758.0000000000 -758.0000000000
54 -719.0000000000 -719.0000000000 -719.0000000000 -719.0000000000
56 -680.0000000000 -680.0000000000 -680.0000000000 -680.0000000000
57 -651.0000000000 -651.0000000000 -651.0000000000 -651.0000000000
63 -622.0000000000 -622.0000000000 -622.0000000000 -622.0000000000
66 -593.0000000000 -593.0000000000 -593.0000000000 -593.0000000000
77 -564.0000000000 -564.0000000000 -564.0000000000 -564.0000000000
78 -535.0000000000 -535.0000000000 -535.0000000000 -535.0000000000
81 -516.0000000000 -516.0000000000 -516.0000000000 -516.0000000000
83 -477.0000000000 -477.0000000000 -477.0000000000 -477.0000000000
87 -438.0000000000 -438.0000000000 -438.0000000000 -438.0000000000
89 -399.0000000000 -399.0000000000 -399.0000000000 -399.0000000000
92 -360.0000000000 -360.0000000000 -360.0000000000 -360.0000000000
93 -331.0000000000 -331.0000000000 -331.0000000000 -331.0000000000
99 -312.0000000000 -312.0000000000 -312.0000000000 -312.0000000000
109 -293.0000000000 -293.0000000000 -293.0000000000 -293.0000000000
110 -254.0000000000 -254.0000000000 -254.0000000000 -254.0000000000
121 -235.0000000000 -235.0000000000 -235.0000000000 -235.0000000000
131 -206.0000000000 -206.0000000000 -206.0000000000 -206.0000000000
134 -177.0000000000 -177.0000000000 -177.0000000000 -177.0000000000
138 -158.0000000000 -158.0000000000 -158.0000000000 -158.0000000000
141 -139.0000000000 -139.0000000000 -139.0000000000 -139.0000000000
142 -120.0000000000 -120.0000000000 -120.0000000000 -120.0000000000
159 -119.0000000000 -119.0000000000 -119.0000000000 -119.0000000000
167 -100.0000000000 -100.0000000000 -100.0000000000 -100.0000000000
169 -71.0000000000 -71.0000000000 -71.0000000000 -71.0000000000
190 -42.0000000000 -42.0000000000 -42.0000000000 -42.0000000000
198 -41.0000000000 -41.0000000000 -41.0000000000 -41.0000000000
212 -32.0000000000 -32.0000000000 -32.0000000000 -32.0000000000
215 -23.0000000000 -23.0000000000 -23.0000000000 -23.0000000000
286 -22.0000000000 -22.0000000000 -22.0000000000 -22.0000000000
307 -13.0000000000 -13.0000000000 -13.0000000000 -13.0000000000
308 -12.0000000000 -12.0000000000 -12.0000000000 -12.0000000000
326 -3.0000000000 -3.0000000000 -3.0000000000 -3.0000000000
334 6.0000000000 6.0000000000 6.0000000000 6.0000000000
348 7.0000000000 7.0000000000 7.0000000000 7.0000000000
465 8.0000000000 8.0000000000 8.0000000000 8.0000000000
512 9.0000000000 9.0000000000 9.0000000000 9.0000000000
100001 -20.0000000000 9.0000000000 -20.0000000000 9.0000000000
"function evaluation" "current f(x)" "best-so-far f(x)" "current af(x)+b" "best af(x)+b"
1 -1498.0000000000 -1498.0000000000 -1498.0000000000 -1498.0000000000
2 -1459.0000000000 -1459.0000000000 -1459.0000000000 -1459.0000000000
4 -1420.0000000000 -1420.0000000000 -1420.0000000000 -1420.0000000000
5 -1381.0000000000 -1381.0000000000 -1381.0000000000 -1381.0000000000
8 -1352.0000000000 -1352.0000000000 -1352.0000000000 -1352.0000000000
9 -1313.0000000000 -1313.0000000000 -1313.0000000000 -1313.0000000000
10 -1274.0000000000 -1274.0000000000 -1274.0000000000 -1274.0000000000
11 -1235.0000000000 -1235.0000000000 -1235.0000000000 -1235.0000000000
12 -1196.0000000000 -1196.0000000000 -1196.0000000000 -1196.0000000000
17 -1157.0000000000 -1157.0000000000 -1157.0000000000 -1157.0000000000
19 -1118.0000000000 -1118.0000000000 -1118.0000000000 -1118.0000000000
20 -1079.0000000000 -1079.0000000000 -1079.0000000000 -1079.0000000000
28 -1050.0000000000 -1050.0000000000 -1050.0000000000 -1050.0000000000
31 -1011.0000000000 -1011.0000000000 -1011.0000000000 -1011.0000000000
32 -982.0000000000 -982.0000000000 -982.0000000000 -982.0000000000
33 -943.0000000000 -943.0000000000 -943.0000000000 -943.0000000000
37 -914.0000000000 -914.0000000000 -914.0000000000 -914.0000000000
41 -875.0000000000 -875.0000000000 -875.0000000000 -875.0000000000
43 -836.0000000000 -836.0000000000 -836.0000000000 -836.0000000000
44 -797.0000000000 -797.0000000000 -797.0000000000 -797.0000000000
54 -758.0000000000 -758.0000000000 -758.0000000000 -758.0000000000
58 -719.0000000000 -719.0000000000 -719.0000000000 -719.0000000000
59 -680.0000000000 -680.0000000000 -680.0000000000 -680.0000000000
63 -651.0000000000 -651.0000000000 -651.0000000000 -651.0000000000
65 -612.0000000000 -612.0000000000 -612.0000000000 -612.0000000000
72 -573.0000000000 -573.0000000000 -573.0000000000 -573.0000000000
80 -534.0000000000 -534.0000000000 -534.0000000000 -534.0000000000
81 -495.0000000000 -495.0000000000 -495.0000000000 -495.0000000000
85 -466.0000000000 -466.0000000000 -466.0000000000 -466.0000000000
95 -447.0000000000 -447.0000000000 -447.0000000000 -447.0000000000
107 -428.0000000000 -428.0000000000 -428.0000000000 -428.0000000000
109 -399.0000000000 -399.0000000000 -399.0000000000 -399.0000000000
114 -380.0000000000 -380.0000000000 -380.0000000000 -380.0000000000
119 -351.0000000000 -351.0000000000 -351.0000000000 -351.0000000000
121 -312.0000000000 -312.0000000000 -312.0000000000 -312.0000000000
125 -283.0000000000 -283.0000000000 -283.0000000000 -283.0000000000
128 -264.0000000000 -264.0000000000 -264.0000000000 -264.0000000000
130 -235.0000000000 -235.0000000000 -235.0000000000 -235.0000000000
133 -206.0000000000 -206.0000000000 -206.0000000000 -206.0000000000
137 -205.0000000000 -205.0000000000 -205.0000000000 -205.0000000000
139 -196.0000000000 -196.0000000000 -196.0000000000 -196.0000000000
140 -177.0000000000 -177.0000000000 -177.0000000000 -177.0000000000
163 -148.0000000000 -148.0000000000 -148.0000000000 -148.0000000000
166 -129.0000000000 -129.0000000000 -129.0000000000 -129.0000000000
167 -100.0000000000 -100.0000000000 -100.0000000000 -100.0000000000
187 -71.0000000000 -71.0000000000 -71.0000000000 -71.0000000000
207 -32.0000000000 -32.0000000000 -32.0000000000 -32.0000000000
218 -23.0000000000 -23.0000000000 -23.0000000000 -23.0000000000
230 -14.0000000000 -14.0000000000 -14.0000000000 -14.0000000000
252 5.0000000000 5.0000000000 5.0000000000 5.0000000000
266 6.0000000000 6.0000000000 6.0000000000 6.0000000000
289 7.0000000000 7.0000000000 7.0000000000 7.0000000000
302 8.0000000000 8.0000000000 8.0000000000 8.0000000000
100001 -31.0000000000 8.0000000000 -31.0000000000 8.0000000000
"function evaluation" "current f(x)" "best-so-far f(x)" "current af(x)+b" "best af(x)+b"
1 -1527.0000000000 -1527.0000000000 -1527.0000000000 -1527.0000000000
3 -1488.0000000000 -1488.0000000000 -1488.0000000000 -1488.0000000000
4 -1449.0000000000 -1449.0000000000 -1449.0000000000 -1449.0000000000
5 -1410.0000000000 -1410.0000000000 -1410.0000000000 -1410.0000000000
7 -1371.0000000000 -1371.0000000000 -1371.0000000000 -1371.0000000000
9 -1332.0000000000 -1332.0000000000 -1332.0000000000 -1332.0000000000
13 -1293.0000000000 -1293.0000000000 -1293.0000000000 -1293.0000000000
14 -1254.0000000000 -1254.0000000000 -1254.0000000000 -1254.0000000000
17 -1215.0000000000 -1215.0000000000 -1215.0000000000 -1215.0000000000
26 -1186.0000000000 -1186.0000000000 -1186.0000000000 -1186.0000000000
27 -1147.0000000000 -1147.0000000000 -1147.0000000000 -1147.0000000000
32 -1108.0000000000 -1108.0000000000 -1108.0000000000 -1108.0000000000
36 -1069.0000000000 -1069.0000000000 -1069.0000000000 -1069.0000000000
37 -1030.0000000000 -1030.0000000000 -1030.0000000000 -1030.0000000000
41 -991.0000000000 -991.0000000000 -991.0000000000 -991.0000000000
43 -952.0000000000 -952.0000000000 -952.0000000000 -952.0000000000
45 -923.0000000000 -923.0000000000 -923.0000000000 -923.0000000000
47 -884.0000000000 -884.0000000000 -884.0000000000 -884.0000000000
50 -845.0000000000 -845.0000000000 -845.0000000000 -845.0000000000
51 -806.0000000000 -806.0000000000 -806.0000000000 -806.0000000000
53 -777.0000000000 -777.0000000000 -777.0000000000 -777.0000000000
54 -738.0000000000 -738.0000000000 -738.0000000000 -738.0000000000
59 -709.0000000000 -709.0000000000 -709.0000000000 -709.0000000000
66 -670.0000000000 -670.0000000000 -670.0000000000 -670.0000000000
67 -641.0000000000 -641.0000000000 -641.0000000000 -641.0000000000
68 -612.0000000000 -612.0000000000 -612.0000000000 -612.0000000000
70 -573.0000000000 -573.0000000000 -573.0000000000 -573.0000000000
72 -564.0000000000 -564.0000000000 -564.0000000000 -564.0000000000
74 -525.0000000000 -525.0000000000 -525.0000000000 -525.0000000000
78 -496.0000000000 -496.0000000000 -496.0000000000 -496.0000000000
79 -467.0000000000 -467.0000000000 -467.0000000000 -467.0000000000
81 -428.0000000000 -428.0000000000 -428.0000000000 -428.0000000000
86 -399.0000000000 -399.0000000000 -399.0000000000 -399.0000000000
89 -390.0000000000 -390.0000000000 -390.0000000000 -390.0000000000
90 -351.0000000000 -351.0000000000 -351.0000000000 -351.0000000000
95 -322.0000000000 -322.0000000000 -322.0000000000 -322.0000000000
97 -283.0000000000 -283.0000000000 -283.0000000000 -283.0000000000
99 -254.0000000000 -254.0000000000 -254.0000000000 -254.0000000000
101 -215.0000000000 -215.0000000000 -215.0000000000 -215.0000000000
105 -196.0000000000 -196.0000000000 -196.0000000000 -196.0000000000
110 -167.0000000000 -167.0000000000 -167.0000000000 -167.0000000000
118 -138.0000000000 -138.0000000000 -138.0000000000 -138.0000000000
122 -129.0000000000 -129.0000000000 -129.0000000000 -129.0000000000
142 -128.0000000000 -128.0000000000 -128.0000000000 -128.0000000000
145 -119.0000000000 -119.0000000000 -119.0000000000 -119.0000000000
152 -100.0000000000 -100.0000000000 -100.0000000000 -100.0000000000
159 -81.0000000000 -81.0000000000 -81.0000000000 -81.0000000000
163 -62.0000000000 -62.0000000000 -62.0000000000 -62.0000000000
174 -61.0000000000 -61.0000000000 -61.0000000000 -61.0000000000
224 -52.0000000000 -52.0000000000 -52.0000000000 -52.0000000000
230 -51.0000000000 -51.0000000000 -51.0000000000 -51.0000000000
234 -32.0000000000 -32.0000000000 -32.0000000000 -32.0000000000
240 -13.0000000000 -13.0000000000 -13.0000000000 -13.0000000000
246 -4.0000000000 -4.0000000000 -4.0000000000 -4.0000000000
257 -3.0000000000 -3.0000000000 -3.0000000000 -3.0000000000
258 -2.0000000000 -2.0000000000 -2.0000000000 -2.0000000000
302 -1.0000000000 -1.0000000000 -1.0000000000 -1.0000000000
328 8.0000000000 8.0000000000 8.0000000000 8.0000000000
534 9.0000000000 9.0000000000 9.0000000000 9.0000000000
100001 -20.0000000000 9.0000000000 -20.0000000000 9.0000000000
"function evaluation" "current f(x)" "best-so-far f(x)" "current af(x)+b" "best af(x)+b"
1 -1284.0000000000 -1284.0000000000 -1284.0000000000 -1284.0000000000
2 -1255.0000000000 -1255.0000000000 -1255.0000000000 -1255.0000000000
3 -1216.0000000000 -1216.0000000000 -1216.0000000000 -1216.0000000000
4 -1177.0000000000 -1177.0000000000 -1177.0000000000 -1177.0000000000
9 -1138.0000000000 -1138.0000000000 -1138.0000000000 -1138.0000000000
11 -1099.0000000000 -1099.0000000000 -1099.0000000000 -1099.0000000000
13 -1060.0000000000 -1060.0000000000 -1060.0000000000 -1060.0000000000
14 -1041.0000000000 -1041.0000000000 -1041.0000000000 -1041.0000000000
17 -1002.0000000000 -1002.0000000000 -1002.0000000000 -1002.0000000000
18 -963.0000000000 -963.0000000000 -963.0000000000 -963.0000000000
19 -934.0000000000 -934.0000000000 -934.0000000000 -934.0000000000
27 -895.0000000000 -895.0000000000 -895.0000000000 -895.0000000000
28 -856.0000000000 -856.0000000000 -856.0000000000 -856.0000000000
31 -817.0000000000 -817.0000000000 -817.0000000000 -817.0000000000
35 -778.0000000000 -778.0000000000 -778.0000000000 -778.0000000000
36 -739.0000000000 -739.0000000000 -739.0000000000 -739.0000000000
39 -700.0000000000 -700.0000000000 -700.0000000000 -700.0000000000
49 -671.0000000000 -671.0000000000 -671.0000000000 -671.0000000000
52 -632.0000000000 -632.0000000000 -632.0000000000 -632.0000000000
53 -593.0000000000 -593.0000000000 -593.0000000000 -593.0000000000
55 -554.0000000000 -554.0000000000 -554.0000000000 -554.0000000000
57 -515.0000000000 -515.0000000000 -515.0000000000 -515.0000000000
58 -496.0000000000 -496.0000000000 -496.0000000000 -496.0000000000
63 -457.0000000000 -457.0000000000 -457.0000000000 -457.0000000000
64 -428.0000000000 -428.0000000000 -428.0000000000 -428.0000000000
69 -389.0000000000 -389.0000000000 -389.0000000000 -389.0000000000
74 -350.0000000000 -350.0000000000 -350.0000000000 -350.0000000000
75 -321.0000000000 -321.0000000000 -321.0000000000 -321.0000000000
81 -282.0000000000 -282.0000000000 -282.0000000000 -282.0000000000
82 -243.0000000000 -243.0000000000 -243.0000000000 -243.0000000000
84 -214.0000000000 -214.0000000000 -214.0000000000 -214.0000000000
85 -195.0000000000 -195.0000000000 -195.0000000000 -195.0000000000
90 -176.0000000000 -176.0000000000 -176.0000000000 -176.0000000000
95 -157.0000000000 -157.0000000000 -157.0000000000 -157.0000000000
99 -128.0000000000 -128.0000000000 -128.0000000000 -128.0000000000
102 -109.0000000000 -109.0000000000 -109.0000000000 -109.0000000000
106 -90.0000000000 -90.0000000000 -90.0000000000 -90.0000000000
113 -81.0000000000 -81.0000000000 -81.0000000000 -81.0000000000
123 -62.0000000000 -62.0000000000 -62.0000000000 -62.0000000000
162 -43.0000000000 -43.0000000000 -43.0000000000 -43.0000000000
174 -42.0000000000 -42.0000000000 -42.0000000000 -42.0000000000
177 -23.0000000000 -23.0000000000 -23.0000000000 -23.0000000000
193 -22.0000000000 -22.0000000000 -22.0000000000 -22.0000000000
194 -3.0000000000 -3.0000000000 -3.0000000000 -3.0000000000
212 6.0000000000 6.0000000000 6.0000000000 6.0000000000
217 7.0000000000 7.0000000000 7.0000000000 7.0000000000
100001 -12.0000000000 7.0000000000 -12.0000000000 7.0000000000
"function evaluation" "current f(x)" "best-so-far f(x)" "current af(x)+b" "best af(x)+b"
1 -1293.0000000000 -1293.0000000000 -1293.0000000000 -1293.0000000000
5 -1254.0000000000 -1254.0000000000 -1254.0000000000 -1254.0000000000
7 -1215.0000000000 -1215.0000000000 -1215.0000000000 -1215.0000000000
8 -1176.0000000000 -1176.0000000000 -1176.0000000000 -1176.0000000000
12 -1137.0000000000 -1137.0000000000 -1137.0000000000 -1137.0000000000
14 -1098.0000000000 -1098.0000000000 -1098.0000000000 -1098.0000000000
17 -1059.0000000000 -1059.0000000000 -1059.0000000000 -1059.0000000000
18 -1030.0000000000 -1030.0000000000 -1030.0000000000 -1030.0000000000
19 -991.0000000000 -991.0000000000 -991.0000000000 -991.0000000000
25 -952.0000000000 -952.0000000000 -952.0000000000 -952.0000000000
26 -913.0000000000 -913.0000000000 -913.0000000000 -913.0000000000
27 -874.0000000000 -874.0000000000 -874.0000000000 -874.0000000000
29 -835.0000000000 -835.0000000000 -835.0000000000 -835.0000000000
31 -796.0000000000 -796.0000000000 -796.0000000000 -796.0000000000
33 -757.0000000000 -757.0000000000 -757.0000000000 -757.0000000000
36 -718.0000000000 -718.0000000000 -718.0000000000 -718.0000000000
40 -679.0000000000 -679.0000000000 -679.0000000000 -679.0000000000
43 -640.0000000000 -640.0000000000 -640.0000000000 -640.0000000000
47 -601.0000000000 -601.0000000000 -601.0000000000 -601.0000000000
60 -572.0000000000 -572.0000000000 -572.0000000000 -572.0000000000
64 -533.0000000000 -533.0000000000 -533.0000000000 -533.0000000000
66 -504.0000000000 -504.0000000000 -504.0000000000 -504.0000000000
70 -465.0000000000 -465.0000000000 -465.0000000000 -465.0000000000
72 -436.0000000000 -436.0000000000 -436.0000000000 -436.0000000000
76 -397.0000000000 -397.0000000000 -397.0000000000 -397.0000000000
81 -378.0000000000 -378.0000000000 -378.0000000000 -378.0000000000
87 -349.0000000000 -349.0000000000 -349.0000000000 -349.0000000000
90 -330.0000000000 -330.0000000000 -330.0000000000 -330.0000000000
92 -301.0000000000 -301.0000000000 -301.0000000000 -301.0000000000
101 -282.0000000000 -282.0000000000 -282.0000000000 -282.0000000000
108 -253.0000000000 -253.0000000000 -253.0000000000 -253.0000000000
117 -234.0000000000 -234.0000000000 -234.0000000000 -234.0000000000
119 -205.0000000000 -205.0000000000 -205.0000000000 -205.0000000000
121 -176.0000000000 -176.0000000000 -176.0000000000 -176.0000000000
128 -137.0000000000 -137.0000000000 -137.0000000000 -137.0000000000
155 -118.0000000000 -118.0000000000 -118.0000000000 -118.0000000000
180 -89.0000000000 -89.0000000000 -89.0000000000 -89.0000000000
183 -80.0000000000 -80.0000000000 -80.0000000000 -80.0000000000
184 -61.0000000000 -61.0000000000 -61.0000000000 -61.0000000000
185 -42.0000000000 -42.0000000000 -42.0000000000 -42.0000000000
213 -33.0000000000 -33.0000000000 -33.0000000000 -33.0000000000
214 -24.0000000000 -24.0000000000 -24.0000000000 -24.0000000000
219 -23.0000000000 -23.0000000000 -23.0000000000 -23.0000000000
225 -14.0000000000 -14.0000000000 -14.0000000000 -14.0000000000
228 -13.0000000000 -13.0000000000 -13.0000000000 -13.0000000000
241 -12.0000000000 -12.0000000000 -12.0000000000 -12.0000000000
245 7.0000000000 7.0000000000 7.0000000000 7.0000000000
269 8.0000000000 8.0000000000 8.0000000000 8.0000000000
284 9.0000000000 9.0000000000 9.0000000000 9.0000000000
100001 -20.0000000000 9.0000000000 -20.0000000000 9.0000000000
"function evaluation" "current f(x)" "best-so-far f(x)" "current af(x)+b" "best af(x)+b"
1 -1585.0000000000 -1585.0000000000 -1585.0000000000 -1585.0000000000
2 -1556.0000000000 -1556.0000000000 -1556.0000000000 -1556.0000000000
6 -1517.0000000000 -1517.0000000000 -1517.0000000000 -1517.0000000000
8 -1478.0000000000 -1478.0000000000 -1478.0000000000 -1478.0000000000
15 -1439.0000000000 -1439.0000000000 -1439.0000000000 -1439.0000000000
16 -1400.0000000000 -1400.0000000000 -1400.0000000000 -1400.0000000000
18 -1371.0000000000 -1371.0000000000 -1371.0000000000 -1371.0000000000
21 -1332.0000000000 -1332.0000000000 -1332.0000000000 -1332.0000000000
24 -1293.0000000000 -1293.0000000000 -1293.0000000000 -1293.0000000000
25 -1254.0000000000 -1254.0000000000 -1254.0000000000 -1254.0000000000
26 -1215.0000000000 -1215.0000000000 -1215.0000000000 -1215.0000000000
32 -1176.0000000000 -1176.0000000000 -1176.0000000000 -1176.0000000000
36 -1137.0000000000 -1137.0000000000 -1137.0000000000 -1137.0000000000
40 -1098.0000000000 -1098.0000000000 -1098.0000000000 -1098.0000000000
41 -1059.0000000000 -1059.0000000000 -1059.0000000000 -1059.0000000000
42 -1030.0000000000 -1030.0000000000 -1030.0000000000 -1030.0000000000
43 -991.0000000000 -991.0000000000 -991.0000000000 -991.0000000000
45 -952.0000000000 -952.0000000000 -952.0000000000 -952.0000000000
46 -923.0000000000 -923.0000000000 -923.0000000000 -923.0000000000
47 -894.0000000000 -894.0000000000 -894.0000000000 -894.0000000000
48 -855.0000000000 -855.0000000000 -855.0000000000 -855.0000000000
52 -826.0000000000 -826.0000000000 -826.0000000000 -826.0000000000
62 -787.0000000000 -787.0000000000 -787.0000000000 -787.0000000000
66 -758.0000000000 -758.0000000000 -758.0000000000 -758.0000000000
68 -719.0000000000 -719.0000000000 -719.0000000000 -719.0000000000
73 -690.0000000000 -690.0000000000 -690.0000000000 -690.0000000000
77 -651.0000000000 -651.0000000000 -651.0000000000 -651.0000000000
78 -612.0000000000 -612.0000000000 -612.0000000000 -612.0000000000
83 -573.0000000000 -573.0000000000 -573.0000000000 -573.0000000000
84 -534.0000000000 -534.0000000000 -534.0000000000 -534.0000000000
93 -505.0000000000 -505.0000000000 -505.0000000000 -505.0000000000
95 -466.0000000000 -466.0000000000 -466.0000000000 -466.0000000000
104 -437.0000000000 -437.0000000000 -437.0000000000 -437.0000000000
105 -418.0000000000 -418.0000000000 -418.0000000000 -418.0000000000
115 -379.0000000000 -379.0000000000 -379.0000000000 -379.0000000000
117 -350.0000000000 -350.0000000000 -350.0000000000 -350.0000000000
121 -311.0000000000 -311.0000000000 -311.0000000000 -311.0000000000
123 -292.0000000000 -292.0000000000 -292.0000000000 -292.0000000000
131 -263.0000000000 -263.0000000000 -263.0000000000 -263.0000000000
153 -234.0000000000 -234.0000000000 -234.0000000000 -234.0000000000
156 -205.0000000000 -205.0000000000 -205.0000000000 -205.0000000000
158 -186.0000000000 -186.0000000000 -186.0000000000 -186.0000000000
162 -157.0000000000 -157.0000000000 -157.0000000000 -157.0000000000
167 -128.0000000000 -128.0000000000 -128.0000000000 -128.0000000000
194 -119.0000000000 -119.0000000000 -119.0000000000 -119.0000000000
204 -110.0000000000 -110.0000000000 -110.0000000000 -110.0000000000
205 -109.0000000000 -109.0000000000 -109.0000000000 -109.0000000000
208 -80.0000000000 -80.0000000000 -80.0000000000 -80.0000000000
226 -61.0000000000 -61.0000000000 -61.0000000000 -61.0000000000
236 -52.0000000000 -52.0000000000 -52.0000000000 -52.0000000000
241 -33.0000000000 -33.0000000000 -33.0000000000 -33.0000000000
245 -24.0000000000 -24.0000000000 -24.0000000000 -24.0000000000
251 -23.0000000000 -23.0000000000 -23.0000000000 -23.0000000000
252 -14.0000000000 -14.0000000000 -14.0000000000 -14.0000000000
255 -13.0000000000 -13.0000000000 -13.0000000000 -13.0000000000
267 -12.0000000000 -12.0000000000 -12.0000000000 -12.0000000000
268 7.0000000000 7.0000000000 7.0000000000 7.0000000000
432 8.0000000000 8.0000000000 8.0000000000 8.0000000000
100001 -21.0000000000 8.0000000000 -21.0000000000 8.0000000000
