evaluations raw_y
1 -1634.0000000000
2 -1556.0000000000
9 -1498.0000000000
16 -1459.0000000000
20 -1420.0000000000
21 -1381.0000000000
27 -1342.0000000000
29 -1313.0000000000
30 -1274.0000000000
33 -1245.0000000000
34 -1206.0000000000
37 -1128.0000000000
39 -1089.0000000000
43 -1050.0000000000
47 -1040.0000000000
52 -1001.0000000000
53 -972.0000000000
58 -933.0000000000
65 -923.0000000000
71 -884.0000000000
73 -845.0000000000
75 -777.0000000000
82 -738.0000000000
91 -699.0000000000
97 -660.0000000000
98 -621.0000000000
102 -582.0000000000
105 -543.0000000000
129 -534.0000000000
130 -515.0000000000
133 -495.0000000000
140 -456.0000000000
144 -446.0000000000
160 -417.0000000000
171 -378.0000000000
178 -349.0000000000
192 -330.0000000000
197 -263.0000000000
206 -234.0000000000
210 -225.0000000000
217 -196.0000000000
220 -177.0000000000
232 -148.0000000000
238 -119.0000000000
249 -81.0000000000
254 -72.0000000000
256 -62.0000000000
259 -33.0000000000
326 -32.0000000000
371 -13.0000000000
421 -12.0000000000
466 7.0000000000
515 8.0000000000
9121 9.0000000000
100000 -30.0000000000
evaluations raw_y
1 -1371.0000000000
3 -1361.0000000000
8 -1322.0000000000
14 -1283.0000000000
18 -1244.0000000000
26 -1176.0000000000
27 -1137.0000000000
29 -1098.0000000000
32 -1059.0000000000
34 -1020.0000000000
37 -981.0000000000
48 -952.0000000000
49 -923.0000000000
54 -884.0000000000
61 -874.0000000000
62 -835.0000000000
67 -796.0000000000
70 -757.0000000000
72 -728.0000000000
73 -660.0000000000
80 -621.0000000000
81 -582.0000000000
87 -543.0000000000
88 -514.0000000000
89 -475.0000000000
120 -436.0000000000
129 -407.0000000000
130 -388.0000000000
148 -349.0000000000
173 -320.0000000000
186 -291.0000000000
189 -262.0000000000
192 -223.0000000000
203 -204.0000000000
223 -165.0000000000
224 -146.0000000000
225 -127.0000000000
226 -118.0000000000
252 -98.0000000000
274 -89.0000000000
305 -70.0000000000
309 -60.0000000000
333 -41.0000000000
341 -32.0000000000
345 -23.0000000000
358 -14.0000000000
367 -13.0000000000
370 6.0000000000
404 7.0000000000
535 8.0000000000
579 9.0000000000
100000 -30.0000000000
evaluations raw_y
1 -1390.0000000000
4 -1351.0000000000
5 -1312.0000000000
11 -1273.0000000000
15 -1244.0000000000
19 -1205.0000000000
23 -1127.0000000000
32 -1049.0000000000
44 -1010.0000000000
50 -971.0000000000
53 -942.0000000000
56 -903.0000000000
60 -796.0000000000
72 -757.0000000000
74 -718.0000000000
76 -679.0000000000
83 -650.0000000000
89 -602.0000000000
90 -573.0000000000
99 -544.0000000000
101 -515.0000000000
102 -476.0000000000
103 -447.0000000000
118 -379.0000000000
123 -321.0000000000
132 -292.0000000000
134 -263.0000000000
136 -234.0000000000
143 -195.0000000000
146 -176.0000000000
147 -166.0000000000
151 -147.0000000000
171 -118.0000000000
185 -99.0000000000
203 -61.0000000000
229 -51.0000000000
249 -32.0000000000
296 -23.0000000000
312 -14.0000000000
325 -13.0000000000
342 -4.0000000000
408 -3.0000000000
518 6.0000000000
520 7.0000000000
531 8.0000000000
579 9.0000000000
100000 -10.0000000000
evaluations raw_y
1 -1595.0000000000
5 -1556.0000000000
8 -1517.0000000000
11 -1410.0000000000
13 -1371.0000000000
18 -1332.0000000000
30 -1254.0000000000
34 -1215.0000000000
53 -1176.0000000000
54 -1098.0000000000
55 -1059.0000000000
59 -1020.0000000000
61 -991.0000000000
66 -952.0000000000
68 -923.0000000000
73 -884.0000000000
77 -845.0000000000
88 -767.0000000000
93 -728.0000000000
96 -689.0000000000
107 -660.0000000000
113 -631.0000000000
120 -592.0000000000
123 -553.0000000000
124 -543.0000000000
145 -524.0000000000
160 -485.0000000000
185 -417.0000000000
192 -378.0000000000
199 -349.0000000000
220 -291.0000000000
236 -243.0000000000
283 -234.0000000000
294 -225.0000000000
320 -205.0000000000
336 -157.0000000000
355 -147.0000000000
397 -137.0000000000
437 -109.0000000000
448 -108.0000000000
452 -89.0000000000
462 -70.0000000000
468 -51.0000000000
511 -42.0000000000
535 -23.0000000000
548 -22.0000000000
592 -12.0000000000
612 -3.0000000000
647 -2.0000000000
705 -1.0000000000
1001 8.0000000000
1260 9.0000000000
27405 10.0000000000
100000 10.0000000000
evaluations raw_y
1 -1430.0000000000
5 -1391.0000000000
9 -1274.0000000000
12 -1235.0000000000
15 -1196.0000000000
22 -1128.0000000000
35 -1089.0000000000
38 -1050.0000000000
39 -972.0000000000
48 -904.0000000000
54 -865.0000000000
62 -836.0000000000
65 -807.0000000000
70 -768.0000000000
85 -758.0000000000
88 -729.0000000000
91 -719.0000000000
98 -680.0000000000
111 -641.0000000000
116 -602.0000000000
131 -563.0000000000
139 -524.0000000000
154 -514.0000000000
157 -475.0000000000
183 -446.0000000000
193 -408.0000000000
207 -369.0000000000
208 -340.0000000000
223 -311.0000000000
255 -282.0000000000
259 -253.0000000000
285 -205.0000000000
294 -186.0000000000
295 -177.0000000000
299 -167.0000000000
308 -138.0000000000
320 -118.0000000000
338 -70.0000000000
375 -41.0000000000
386 -22.0000000000
400 -21.0000000000
408 -12.0000000000
467 -3.0000000000
481 -2.0000000000
500 -1.0000000000
526 0.0000000000
757 9.0000000000
100000 9.0000000000
evaluations raw_y
1 -1167.0000000000
4 -1128.0000000000
7 -1089.0000000000
17 -1050.0000000000
20 -1011.0000000000
27 -972.0000000000
32 -943.0000000000
42 -904.0000000000
45 -865.0000000000
47 -836.0000000000
52 -768.0000000000
59 -739.0000000000
65 -671.0000000000
71 -632.0000000000
76 -603.0000000000
80 -593.0000000000
88 -554.0000000000
102 -515.0000000000
103 -486.0000000000
111 -476.0000000000
130 -466.0000000000
137 -427.0000000000
146 -388.0000000000
148 -349.0000000000
164 -320.0000000000
179 -311.0000000000
182 -302.0000000000
215 -282.0000000000
218 -243.0000000000
224 -214.0000000000
240 -204.0000000000
244 -165.0000000000
247 -146.0000000000
279 -107.0000000000
287 -79.0000000000
384 -70.0000000000
406 -59.0000000000
415 -30.0000000000
430 -21.0000000000
525 -12.0000000000
757 -4.0000000000
827 -3.0000000000
928 -2.0000000000
1018 7.0000000000
1065 8.0000000000
2930 9.0000000000
2999 10.0000000000
100000 10.0000000000
evaluations raw_y
1 -1556.0000000000
3 -1517.0000000000
10 -1478.0000000000
14 -1400.0000000000
17 -1361.0000000000
22 -1322.0000000000
32 -1283.0000000000
41 -1244.0000000000
43 -1205.0000000000
46 -1166.0000000000
48 -1127.0000000000
55 -1049.0000000000
57 -1010.0000000000
58 -932.0000000000
62 -893.0000000000
82 -825.0000000000
84 -796.0000000000
86 -757.0000000000
91 -728.0000000000
92 -689.0000000000
120 -621.0000000000
127 -582.0000000000
146 -553.0000000000
154 -514.0000000000
168 -485.0000000000
171 -437.0000000000
180 -408.0000000000
184 -369.0000000000
191 -359.0000000000
192 -340.0000000000
214 -301.0000000000
219 -272.0000000000
228 -233.0000000000
256 -224.0000000000
257 -205.0000000000
277 -196.0000000000
283 -177.0000000000
292 -119.0000000000
299 -118.0000000000
300 -99.0000000000
314 -98.0000000000
317 -89.0000000000
331 -80.0000000000
346 -71.0000000000
385 -70.0000000000
439 -60.0000000000
462 -51.0000000000
487 -32.0000000000
509 -23.0000000000
540 -13.0000000000
574 6.0000000000
653 7.0000000000
659 8.0000000000
820 9.0000000000
100000 -20.0000000000
evaluations raw_y
1 -1517.0000000000
4 -1478.0000000000
6 -1439.0000000000
8 -1410.0000000000
10 -1332.0000000000
13 -1303.0000000000
16 -1274.0000000000
24 -1264.0000000000
27 -1186.0000000000
31 -1176.0000000000
32 -1166.0000000000
33 -1137.0000000000
36 -1098.0000000000
37 -1059.0000000000
44 -1020.0000000000
50 -981.0000000000
54 -952.0000000000
60 -923.0000000000
61 -884.0000000000
65 -855.0000000000
75 -845.0000000000
88 -816.0000000000
97 -777.0000000000
99 -738.0000000000
106 -709.0000000000
109 -670.0000000000
112 -641.0000000000
115 -583.0000000000
118 -515.0000000000
122 -486.0000000000
125 -457.0000000000
138 -438.0000000000
139 -409.0000000000
143 -370.0000000000
146 -351.0000000000
172 -322.0000000000
204 -312.0000000000
205 -292.0000000000
214 -283.0000000000
219 -254.0000000000
233 -215.0000000000
331 -176.0000000000
343 -166.0000000000
386 -137.0000000000
389 -118.0000000000
406 -89.0000000000
410 -60.0000000000
428 -51.0000000000
429 -50.0000000000
504 -41.0000000000
538 -32.0000000000
551 -22.0000000000
562 -13.0000000000
586 -4.0000000000
590 -3.0000000000
622 6.0000000000
660 7.0000000000
801 8.0000000000
806 9.0000000000
100000 8.0000000000
evaluations raw_y
1 -1381.0000000000
5 -1303.0000000000
6 -1274.0000000000
11 -1235.0000000000
13 -1196.0000000000
20 -1157.0000000000
23 -1118.0000000000
34 -1050.0000000000
36 -1011.0000000000
37 -991.0000000000
45 -952.0000000000
46 -874.0000000000
64 -806.0000000000
68 -738.0000000000
72 -709.0000000000
78 -670.0000000000
82 -641.0000000000
83 -631.0000000000
84 -592.0000000000
94 -563.0000000000
104 -553.0000000000
115 -534.0000000000
127 -505.0000000000
130 -437.0000000000
141 -388.0000000000
163 -359.0000000000
165 -330.0000000000
171 -301.0000000000
176 -253.0000000000
185 -224.0000000000
186 -205.0000000000
187 -147.0000000000
189 -108.0000000000
194 -79.0000000000
199 -70.0000000000
241 -60.0000000000
256 -51.0000000000
259 -50.0000000000
333 -41.0000000000
402 -12.0000000000
407 -11.0000000000
497 -2.0000000000
605 7.0000000000
614 8.0000000000
14636 9.0000000000
41970 10.0000000000
100000 10.0000000000
evaluations raw_y
1 -1576.0000000000
5 -1537.0000000000
8 -1527.0000000000
10 -1498.0000000000
12 -1488.0000000000
19 -1410.0000000000
20 -1371.0000000000
21 -1332.0000000000
23 -1293.0000000000
24 -1215.0000000000
27 -1186.0000000000
29 -1157.0000000000
30 -1079.0000000000
35 -1069.0000000000
37 -1030.0000000000
40 -991.0000000000
41 -923.0000000000
47 -884.0000000000
52 -806.0000000000
62 -777.0000000000
65 -748.0000000000
66 -690.0000000000
83 -651.0000000000
84 -622.0000000000
87 -583.0000000000
92 -554.0000000000
93 -525.0000000000
100 -515.0000000000
104 -505.0000000000
110 -495.0000000000
116 -466.0000000000
119 -447.0000000000
135 -418.0000000000
136 -389.0000000000
140 -350.0000000000
168 -331.0000000000
183 -302.0000000000
190 -273.0000000000
206 -244.0000000000
207 -225.0000000000
208 -215.0000000000
235 -186.0000000000
266 -157.0000000000
269 -119.0000000000
282 -100.0000000000
318 -90.0000000000
321 -61.0000000000
353 -32.0000000000
510 -13.0000000000
591 -4.0000000000
610 -3.0000000000
627 6.0000000000
650 7.0000000000
667 8.0000000000
929 9.0000000000
2047 10.0000000000
100000 -30.0000000000
