evaluations raw_y
1 57.0000000000
819 58.0000000000
920 59.0000000000
1022 60.0000000000
1124 61.0000000000
1226 62.0000000000
1327 63.0000000000
1428 64.0000000000
1529 65.0000000000
1632 66.0000000000
1733 67.0000000000
1835 68.0000000000
1937 69.0000000000
2040 70.0000000000
2146 71.0000000000
2247 72.0000000000
2349 73.0000000000
2451 74.0000000000
2552 75.0000000000
2654 76.0000000000
2755 77.0000000000
2857 78.0000000000
2959 79.0000000000
3063 80.0000000000
3164 81.0000000000
3267 82.0000000000
3368 83.0000000000
3469 84.0000000000
3571 85.0000000000
3672 86.0000000000
3775 87.0000000000
3876 88.0000000000
3977 89.0000000000
4078 90.0000000000
4179 91.0000000000
4281 92.0000000000
4383 93.0000000000
4487 94.0000000000
4593 95.0000000000
4694 96.0000000000
4796 97.0000000000
4899 98.0000000000
5001 99.0000000000
5102 100.0000000000
100000 61.0000000000
evaluations raw_y
1 45.0000000000
411 46.0000000000
515 47.0000000000
616 48.0000000000
718 49.0000000000
819 50.0000000000
920 51.0000000000
1025 52.0000000000
1126 53.0000000000
1227 54.0000000000
1330 55.0000000000
1433 56.0000000000
1534 57.0000000000
1636 58.0000000000
1738 59.0000000000
1842 60.0000000000
1946 61.0000000000
2047 62.0000000000
2148 63.0000000000
2249 64.0000000000
2350 65.0000000000
2452 66.0000000000
2555 67.0000000000
2656 68.0000000000
2757 69.0000000000
2858 70.0000000000
2959 71.0000000000
3061 72.0000000000
3163 73.0000000000
3264 74.0000000000
3365 75.0000000000
3467 76.0000000000
3568 77.0000000000
3669 78.0000000000
3770 79.0000000000
3871 80.0000000000
3972 81.0000000000
4075 82.0000000000
4176 83.0000000000
4277 84.0000000000
4379 85.0000000000
4480 86.0000000000
4581 87.0000000000
4682 88.0000000000
4784 89.0000000000
4885 90.0000000000
4986 91.0000000000
5087 92.0000000000
5188 93.0000000000
5289 94.0000000000
5390 95.0000000000
5493 96.0000000000
5594 97.0000000000
5695 98.0000000000
5799 99.0000000000
5900 100.0000000000
100000 73.0000000000
evaluations raw_y
1 54.0000000000
716 55.0000000000
817 56.0000000000
920 57.0000000000
1021 58.0000000000
1122 59.0000000000
1223 60.0000000000
1324 61.0000000000
1425 62.0000000000
1527 63.0000000000
1629 64.0000000000
1731 65.0000000000
1839 66.0000000000
1940 67.0000000000
2041 68.0000000000
2142 69.0000000000
2244 70.0000000000
2349 71.0000000000
2450 72.0000000000
2551 73.0000000000
2652 74.0000000000
2753 75.0000000000
2854 76.0000000000
2955 77.0000000000
3056 78.0000000000
3161 79.0000000000
3262 80.0000000000
3363 81.0000000000
3464 82.0000000000
3565 83.0000000000
3666 84.0000000000
3767 85.0000000000
3869 86.0000000000
3974 87.0000000000
4075 88.0000000000
4177 89.0000000000
4278 90.0000000000
4381 91.0000000000
4484 92.0000000000
4585 93.0000000000
4686 94.0000000000
4787 95.0000000000
4894 96.0000000000
4998 97.0000000000
5099 98.0000000000
5201 99.0000000000
5302 100.0000000000
100000 98.0000000000
evaluations raw_y
1 52.0000000000
1017 53.0000000000
1119 54.0000000000
1221 55.0000000000
1322 56.0000000000
1424 57.0000000000
1525 58.0000000000
1627 59.0000000000
1728 60.0000000000
1829 61.0000000000
1931 62.0000000000
2034 63.0000000000
2138 64.0000000000
2239 65.0000000000
2341 66.0000000000
2444 67.0000000000
2545 68.0000000000
2646 69.0000000000
2747 70.0000000000
2848 71.0000000000
2949 72.0000000000
3051 73.0000000000
3153 74.0000000000
3254 75.0000000000
3356 76.0000000000
3459 77.0000000000
3561 78.0000000000
3665 79.0000000000
3766 80.0000000000
3867 81.0000000000
3970 82.0000000000
4071 83.0000000000
4173 84.0000000000
4275 85.0000000000
4376 86.0000000000
4478 87.0000000000
4579 88.0000000000
4680 89.0000000000
4781 90.0000000000
4884 91.0000000000
4988 92.0000000000
5091 93.0000000000
5194 94.0000000000
5296 95.0000000000
5397 96.0000000000
5498 97.0000000000
5600 98.0000000000
5701 99.0000000000
5802 100.0000000000
100000 90.0000000000
evaluations raw_y
1 56.0000000000
820 57.0000000000
921 58.0000000000
1022 59.0000000000
1123 60.0000000000
1224 61.0000000000
1325 62.0000000000
1427 63.0000000000
1529 64.0000000000
1630 65.0000000000
1731 66.0000000000
1832 67.0000000000
1934 68.0000000000
2040 69.0000000000
2143 70.0000000000
2245 71.0000000000
2346 72.0000000000
2453 73.0000000000
2554 74.0000000000
2655 75.0000000000
2757 76.0000000000
2859 77.0000000000
2960 78.0000000000
3061 79.0000000000
3162 80.0000000000
3263 81.0000000000
3368 82.0000000000
3469 83.0000000000
3570 84.0000000000
3673 85.0000000000
3775 86.0000000000
3877 87.0000000000
3978 88.0000000000
4079 89.0000000000
4182 90.0000000000
4287 91.0000000000
4388 92.0000000000
4490 93.0000000000
4591 94.0000000000
4692 95.0000000000
4793 96.0000000000
4895 97.0000000000
4999 98.0000000000
5101 99.0000000000
5202 100.0000000000
100000 94.0000000000
evaluations raw_y
1 45.0000000000
109 46.0000000000
211 47.0000000000
313 48.0000000000
414 49.0000000000
515 50.0000000000
616 51.0000000000
718 52.0000000000
819 53.0000000000
921 54.0000000000
1022 55.0000000000
1123 56.0000000000
1224 57.0000000000
1325 58.0000000000
1426 59.0000000000
1527 60.0000000000
1628 61.0000000000
1732 62.0000000000
1837 63.0000000000
1938 64.0000000000
2041 65.0000000000
2142 66.0000000000
2243 67.0000000000
2344 68.0000000000
2445 69.0000000000
2547 70.0000000000
2649 71.0000000000
2753 72.0000000000
2854 73.0000000000
2955 74.0000000000
3056 75.0000000000
3160 76.0000000000
3261 77.0000000000
3362 78.0000000000
3463 79.0000000000
3564 80.0000000000
3666 81.0000000000
3767 82.0000000000
3869 83.0000000000
3970 84.0000000000
4075 85.0000000000
4176 86.0000000000
4278 87.0000000000
4379 88.0000000000
4480 89.0000000000
4581 90.0000000000
4683 91.0000000000
4787 92.0000000000
4888 93.0000000000
4992 94.0000000000
5094 95.0000000000
5196 96.0000000000
5297 97.0000000000
5399 98.0000000000
5501 99.0000000000
5602 100.0000000000
100000 64.0000000000
evaluations raw_y
1 45.0000000000
511 46.0000000000
612 47.0000000000
713 48.0000000000
816 49.0000000000
917 50.0000000000
1021 51.0000000000
1122 52.0000000000
1226 53.0000000000
1328 54.0000000000
1430 55.0000000000
1531 56.0000000000
1633 57.0000000000
1734 58.0000000000
1835 59.0000000000
1936 60.0000000000
2037 61.0000000000
2138 62.0000000000
2240 63.0000000000
2342 64.0000000000
2443 65.0000000000
2544 66.0000000000
2649 67.0000000000
2750 68.0000000000
2852 69.0000000000
2954 70.0000000000
3055 71.0000000000
3160 72.0000000000
3261 73.0000000000
3363 74.0000000000
3464 75.0000000000
3565 76.0000000000
3666 77.0000000000
3767 78.0000000000
3869 79.0000000000
3970 80.0000000000
4072 81.0000000000
4173 82.0000000000
4274 83.0000000000
4376 84.0000000000
4480 85.0000000000
4581 86.0000000000
4682 87.0000000000
4783 88.0000000000
4884 89.0000000000
4985 90.0000000000
5086 91.0000000000
5187 92.0000000000
5288 93.0000000000
5389 94.0000000000
5492 95.0000000000
5593 96.0000000000
5698 97.0000000000
5799 98.0000000000
5900 99.0000000000
6001 100.0000000000
100000 60.0000000000
evaluations raw_y
1 59.0000000000
1017 60.0000000000
1118 61.0000000000
1219 62.0000000000
1320 63.0000000000
1422 64.0000000000
1524 65.0000000000
1625 66.0000000000
1727 67.0000000000
1829 68.0000000000
1930 69.0000000000
2031 70.0000000000
2132 71.0000000000
2235 72.0000000000
2336 73.0000000000
2437 74.0000000000
2539 75.0000000000
2641 76.0000000000
2742 77.0000000000
2843 78.0000000000
2944 79.0000000000
3047 80.0000000000
3148 81.0000000000
3250 82.0000000000
3352 83.0000000000
3459 84.0000000000
3561 85.0000000000
3667 86.0000000000
3768 87.0000000000
3873 88.0000000000
3974 89.0000000000
4081 90.0000000000
4182 91.0000000000
4284 92.0000000000
4385 93.0000000000
4488 94.0000000000
4589 95.0000000000
4692 96.0000000000
4796 97.0000000000
4898 98.0000000000
4999 99.0000000000
5100 100.0000000000
100000 58.0000000000
evaluations raw_y
1 49.0000000000
2 53.0000000000
3 54.0000000000
104 55.0000000000
205 56.0000000000
310 57.0000000000
411 58.0000000000
513 59.0000000000
616 60.0000000000
720 61.0000000000
822 62.0000000000
925 63.0000000000
1027 64.0000000000
1129 65.0000000000
1231 66.0000000000
1332 67.0000000000
1433 68.0000000000
1534 69.0000000000
1636 70.0000000000
1737 71.0000000000
1838 72.0000000000
1940 73.0000000000
2042 74.0000000000
2147 75.0000000000
2250 76.0000000000
2352 77.0000000000
2454 78.0000000000
2555 79.0000000000
2657 80.0000000000
2759 81.0000000000
2861 82.0000000000
2963 83.0000000000
3065 84.0000000000
3166 85.0000000000
3269 86.0000000000
3370 87.0000000000
3477 88.0000000000
3580 89.0000000000
3681 90.0000000000
3782 91.0000000000
3884 92.0000000000
3985 93.0000000000
4086 94.0000000000
4191 95.0000000000
4292 96.0000000000
4395 97.0000000000
4496 98.0000000000
4598 99.0000000000
4702 100.0000000000
100000 88.0000000000
evaluations raw_y
1 49.0000000000
2 52.0000000000
5 53.0000000000
106 54.0000000000
210 55.0000000000
312 56.0000000000
413 57.0000000000
514 58.0000000000
616 59.0000000000
718 60.0000000000
820 61.0000000000
921 62.0000000000
1022 63.0000000000
1124 64.0000000000
1225 65.0000000000
1327 66.0000000000
1428 67.0000000000
1530 68.0000000000
1633 69.0000000000
1735 70.0000000000
1836 71.0000000000
1937 72.0000000000
2038 73.0000000000
2140 74.0000000000
2241 75.0000000000
2342 76.0000000000
2444 77.0000000000
2547 78.0000000000
2658 79.0000000000
2761 80.0000000000
2862 81.0000000000
2963 82.0000000000
3064 83.0000000000
3165 84.0000000000
3268 85.0000000000
3371 86.0000000000
3472 87.0000000000
3573 88.0000000000
3674 89.0000000000
3775 90.0000000000
3877 91.0000000000
3978 92.0000000000
4085 93.0000000000
4186 94.0000000000
4289 95.0000000000
4390 96.0000000000
4495 97.0000000000
4596 98.0000000000
4697 99.0000000000
4802 100.0000000000
100000 85.0000000000
