evaluations raw_y
1 54.0000000000
1527 55.0000000000
1629 56.0000000000
1730 57.0000000000
1831 58.0000000000
1932 59.0000000000
2033 60.0000000000
2136 61.0000000000
2237 62.0000000000
2338 63.0000000000
2439 64.0000000000
2540 65.0000000000
2641 66.0000000000
2742 67.0000000000
2843 68.0000000000
2944 69.0000000000
3046 70.0000000000
3147 71.0000000000
3250 72.0000000000
3351 73.0000000000
3452 74.0000000000
3553 75.0000000000
3657 76.0000000000
3759 77.0000000000
3860 78.0000000000
3962 79.0000000000
4063 80.0000000000
4164 81.0000000000
4265 82.0000000000
4366 83.0000000000
4467 84.0000000000
4570 85.0000000000
4671 86.0000000000
4772 87.0000000000
4873 88.0000000000
4976 89.0000000000
5080 90.0000000000
5181 91.0000000000
5282 92.0000000000
5384 93.0000000000
5486 94.0000000000
5589 95.0000000000
5690 96.0000000000
5795 97.0000000000
5896 98.0000000000
5997 99.0000000000
6102 100.0000000000
100020 99.0000000000
evaluations raw_y
1 49.0000000000
2 51.0000000000
3 52.0000000000
107 53.0000000000
208 54.0000000000
309 55.0000000000
410 56.0000000000
511 57.0000000000
612 58.0000000000
715 59.0000000000
816 60.0000000000
920 61.0000000000
1021 62.0000000000
1122 63.0000000000
1225 64.0000000000
1328 65.0000000000
1429 66.0000000000
1530 67.0000000000
1634 68.0000000000
1735 69.0000000000
1836 70.0000000000
1937 71.0000000000
2041 72.0000000000
2142 73.0000000000
2245 74.0000000000
2347 75.0000000000
2450 76.0000000000
2551 77.0000000000
2654 78.0000000000
2756 79.0000000000
2860 80.0000000000
2964 81.0000000000
3066 82.0000000000
3167 83.0000000000
3269 84.0000000000
3372 85.0000000000
3474 86.0000000000
3578 87.0000000000
3681 88.0000000000
3782 89.0000000000
3883 90.0000000000
3985 91.0000000000
4086 92.0000000000
4187 93.0000000000
4288 94.0000000000
4389 95.0000000000
4490 96.0000000000
4592 97.0000000000
4695 98.0000000000
4796 99.0000000000
4898 100.0000000000
103821 99.0000000000
evaluations raw_y
1 48.0000000000
2 53.0000000000
5 54.0000000000
107 55.0000000000
208 56.0000000000
310 57.0000000000
411 58.0000000000
514 59.0000000000
616 60.0000000000
720 61.0000000000
821 62.0000000000
923 63.0000000000
1024 64.0000000000
1125 65.0000000000
1228 66.0000000000
1331 67.0000000000
1434 68.0000000000
1536 69.0000000000
1637 70.0000000000
1738 71.0000000000
1839 72.0000000000
1940 73.0000000000
2041 74.0000000000
2144 75.0000000000
2246 76.0000000000
2349 77.0000000000
2450 78.0000000000
2551 79.0000000000
2652 80.0000000000
2756 81.0000000000
2859 82.0000000000
2965 83.0000000000
3070 84.0000000000
3171 85.0000000000
3272 86.0000000000
3375 87.0000000000
3476 88.0000000000
3578 89.0000000000
3679 90.0000000000
3783 91.0000000000
3884 92.0000000000
3985 93.0000000000
4091 94.0000000000
4192 95.0000000000
4295 96.0000000000
4397 97.0000000000
4498 98.0000000000
4600 99.0000000000
4701 100.0000000000
103921 99.0000000000
evaluations raw_y
1 53.0000000000
409 54.0000000000
511 55.0000000000
614 56.0000000000
718 57.0000000000
820 58.0000000000
921 59.0000000000
1023 60.0000000000
1125 61.0000000000
1226 62.0000000000
1327 63.0000000000
1428 64.0000000000
1529 65.0000000000
1630 66.0000000000
1733 67.0000000000
1836 68.0000000000
1939 69.0000000000
2041 70.0000000000
2145 71.0000000000
2247 72.0000000000
2350 73.0000000000
2454 74.0000000000
2555 75.0000000000
2657 76.0000000000
2758 77.0000000000
2859 78.0000000000
2964 79.0000000000
3065 80.0000000000
3166 81.0000000000
3267 82.0000000000
3368 83.0000000000
3469 84.0000000000
3570 85.0000000000
3672 86.0000000000
3774 87.0000000000
3876 88.0000000000
3977 89.0000000000
4078 90.0000000000
4179 91.0000000000
4288 92.0000000000
4389 93.0000000000
4491 94.0000000000
4594 95.0000000000
4695 96.0000000000
4797 97.0000000000
4898 98.0000000000
5000 99.0000000000
5101 100.0000000000
102521 99.0000000000
evaluations raw_y
1 42.0000000000
2 53.0000000000
3 54.0000000000
107 55.0000000000
213 56.0000000000
315 57.0000000000
416 58.0000000000
517 59.0000000000
622 60.0000000000
723 61.0000000000
828 62.0000000000
929 63.0000000000
1031 64.0000000000
1133 65.0000000000
1234 66.0000000000
1335 67.0000000000
1437 68.0000000000
1538 69.0000000000
1641 70.0000000000
1743 71.0000000000
1845 72.0000000000
1946 73.0000000000
2048 74.0000000000
2150 75.0000000000
2253 76.0000000000
2355 77.0000000000
2456 78.0000000000
2557 79.0000000000
2658 80.0000000000
2760 81.0000000000
2861 82.0000000000
2964 83.0000000000
3065 84.0000000000
3166 85.0000000000
3273 86.0000000000
3375 87.0000000000
3476 88.0000000000
3579 89.0000000000
3680 90.0000000000
3783 91.0000000000
3884 92.0000000000
3986 93.0000000000
4087 94.0000000000
4189 95.0000000000
4290 96.0000000000
4394 97.0000000000
4497 98.0000000000
4598 99.0000000000
4701 100.0000000000
103321 99.0000000000
evaluations raw_y
1 50.0000000000
2 57.0000000000
3 58.0000000000
105 59.0000000000
207 60.0000000000
311 61.0000000000
412 62.0000000000
517 63.0000000000
623 64.0000000000
724 65.0000000000
826 66.0000000000
928 67.0000000000
1030 68.0000000000
1132 69.0000000000
1233 70.0000000000
1338 71.0000000000
1439 72.0000000000
1543 73.0000000000
1644 74.0000000000
1749 75.0000000000
1850 76.0000000000
1951 77.0000000000
2055 78.0000000000
2160 79.0000000000
2261 80.0000000000
2362 81.0000000000
2464 82.0000000000
2567 83.0000000000
2670 84.0000000000
2772 85.0000000000
2875 86.0000000000
2979 87.0000000000
3085 88.0000000000
3186 89.0000000000
3287 90.0000000000
3390 91.0000000000
3492 92.0000000000
3593 93.0000000000
3694 94.0000000000
3796 95.0000000000
3897 96.0000000000
3999 97.0000000000
4100 98.0000000000
4201 99.0000000000
4302 100.0000000000
101822 99.0000000000
evaluations raw_y
1 51.0000000000
2 54.0000000000
4 55.0000000000
108 56.0000000000
211 57.0000000000
315 58.0000000000
417 59.0000000000
518 60.0000000000
623 61.0000000000
724 62.0000000000
825 63.0000000000
929 64.0000000000
1030 65.0000000000
1131 66.0000000000
1233 67.0000000000
1335 68.0000000000
1436 69.0000000000
1541 70.0000000000
1642 71.0000000000
1744 72.0000000000
1847 73.0000000000
1948 74.0000000000
2053 75.0000000000
2154 76.0000000000
2255 77.0000000000
2357 78.0000000000
2460 79.0000000000
2561 80.0000000000
2662 81.0000000000
2763 82.0000000000
2864 83.0000000000
2965 84.0000000000
3069 85.0000000000
3170 86.0000000000
3271 87.0000000000
3374 88.0000000000
3477 89.0000000000
3578 90.0000000000
3682 91.0000000000
3783 92.0000000000
3884 93.0000000000
3985 94.0000000000
4088 95.0000000000
4191 96.0000000000
4295 97.0000000000
4397 98.0000000000
4499 99.0000000000
4602 100.0000000000
100320 99.0000000000
evaluations raw_y
1 52.0000000000
2 53.0000000000
9 54.0000000000
111 55.0000000000
212 56.0000000000
320 57.0000000000
421 58.0000000000
525 59.0000000000
626 60.0000000000
728 61.0000000000
829 62.0000000000
930 63.0000000000
1033 64.0000000000
1134 65.0000000000
1235 66.0000000000
1336 67.0000000000
1439 68.0000000000
1540 69.0000000000
1641 70.0000000000
1742 71.0000000000
1846 72.0000000000
1953 73.0000000000
2055 74.0000000000
2157 75.0000000000
2258 76.0000000000
2360 77.0000000000
2461 78.0000000000
2563 79.0000000000
2669 80.0000000000
2771 81.0000000000
2872 82.0000000000
2974 83.0000000000
3075 84.0000000000
3176 85.0000000000
3277 86.0000000000
3378 87.0000000000
3479 88.0000000000
3580 89.0000000000
3683 90.0000000000
3784 91.0000000000
3890 92.0000000000
3993 93.0000000000
4094 94.0000000000
4195 95.0000000000
4296 96.0000000000
4397 97.0000000000
4498 98.0000000000
4599 99.0000000000
4701 100.0000000000
100621 99.0000000000
evaluations raw_y
1 45.0000000000
2 48.0000000000
3 49.0000000000
104 50.0000000000
206 51.0000000000
308 52.0000000000
409 53.0000000000
510 54.0000000000
611 55.0000000000
712 56.0000000000
814 57.0000000000
917 58.0000000000
1019 59.0000000000
1121 60.0000000000
1227 61.0000000000
1328 62.0000000000
1429 63.0000000000
1530 64.0000000000
1632 65.0000000000
1733 66.0000000000
1834 67.0000000000
1938 68.0000000000
2039 69.0000000000
2140 70.0000000000
2241 71.0000000000
2342 72.0000000000
2446 73.0000000000
2547 74.0000000000
2648 75.0000000000
2750 76.0000000000
2852 77.0000000000
2953 78.0000000000
3058 79.0000000000
3159 80.0000000000
3261 81.0000000000
3362 82.0000000000
3464 83.0000000000
3566 84.0000000000
3667 85.0000000000
3769 86.0000000000
3870 87.0000000000
3976 88.0000000000
4078 89.0000000000
4180 90.0000000000
4282 91.0000000000
4384 92.0000000000
4485 93.0000000000
4591 94.0000000000
4692 95.0000000000
4793 96.0000000000
4894 97.0000000000
4999 98.0000000000
5101 99.0000000000
5202 100.0000000000
102821 99.0000000000
evaluations raw_y
1 48.0000000000
3 49.0000000000
104 50.0000000000
205 51.0000000000
306 52.0000000000
407 53.0000000000
509 54.0000000000
612 55.0000000000
713 56.0000000000
814 57.0000000000
915 58.0000000000
1016 59.0000000000
1117 60.0000000000
1218 61.0000000000
1320 62.0000000000
1428 63.0000000000
1529 64.0000000000
1630 65.0000000000
1732 66.0000000000
1833 67.0000000000
1934 68.0000000000
2036 69.0000000000
2139 70.0000000000
2240 71.0000000000
2342 72.0000000000
2443 73.0000000000
2546 74.0000000000
2647 75.0000000000
2748 76.0000000000
2849 77.0000000000
2950 78.0000000000
3053 79.0000000000
3155 80.0000000000
3256 81.0000000000
3357 82.0000000000
3458 83.0000000000
3562 84.0000000000
3663 85.0000000000
3764 86.0000000000
3865 87.0000000000
3968 88.0000000000
4069 89.0000000000
4170 90.0000000000
4271 91.0000000000
4373 92.0000000000
4475 93.0000000000
4577 94.0000000000
4681 95.0000000000
4783 96.0000000000
4887 97.0000000000
4995 98.0000000000
5098 99.0000000000
5200 100.0000000000
101921 99.0000000000
