evaluations raw_y
1 1.0552975939
3 1.2201073694
16 1.3123359580
91 1.3491635186
103 1.4784151390
116 1.6903313049
203 1.7593244194
217 1.9275250578
303 1.9857029388
329 2.0712510356
353 2.1349274125
408 2.1682567216
420 2.2301516503
429 2.3041474654
439 2.3299161230
508 2.3518344309
520 2.4630541872
529 2.5641025641
609 2.5799793602
636 2.6567481403
677 2.6795284030
709 2.7085590466
731 2.7685492802
736 2.8058361392
809 2.8901734104
831 2.9036004646
895 3.0012004802
974 3.0525030525
975 3.1133250311
981 3.1289111389
3870 3.2425421530
3997 3.3557046980
4020 3.5161744023
6341 3.5460992908
6410 3.7936267071
7574 3.8051750381
7660 3.9123630673
7673 3.9872408293
9467 4.0783034258
9586 4.2881646655
18659 4.4247787611
18740 4.6382189239
100371 3.2765399738
evaluations raw_y
1 0.6715014773
2 1.0133765707
3 1.0360547037
5 1.1155734047
6 1.2297097885
103 1.2632642749
105 1.3027618551
109 1.3248542660
116 1.3304949441
117 1.3774104683
165 1.4310246136
185 1.4645577036
205 1.5654351910
213 1.5812776724
217 1.6223231668
303 1.6633399867
305 1.6949152542
319 1.7667844523
370 1.8024513338
413 1.8155410312
414 1.8698578908
421 1.9275250578
445 1.9394879752
455 2.0145044319
510 2.0712510356
511 2.1570319241
521 2.2914757104
602 2.3969319271
610 2.4108003857
616 2.5176233635
621 2.5693730730
667 2.5906735751
677 2.6232948583
709 2.6968716289
721 2.8702640643
809 3.0012004802
2149 3.0450669915
2174 3.1055900621
2202 3.3025099075
2241 3.5561877667
2385 3.6284470247
2476 3.7037037037
4041 3.7481259370
4134 4.1322314050
20180 4.1459369818
20235 4.1597337770
63867 4.2158516020
63885 4.3029259897
100073 2.7563395810
evaluations raw_y
1 1.3491635186
2 1.3743815283
8 1.5422578655
47 1.6567263088
103 1.6589250166
108 1.8076644975
122 1.8234865062
181 1.8559762435
208 2.0080321285
264 2.0408163265
270 2.1168501270
303 2.1422450728
305 2.1496130696
316 2.2261798753
322 2.2665457842
364 2.2831050228
387 2.3430178069
422 2.3562676720
435 2.4201355276
472 2.6567481403
505 2.6737967914
525 2.7203482046
605 2.7502750275
612 2.8121484814
705 2.8441410694
839 2.9036004646
848 2.9868578256
851 3.0156815440
913 3.1133250311
949 3.1446540881
1048 3.2175032175
1121 3.3112582781
1139 3.3288948069
1284 3.3738191633
1349 3.4965034965
5229 3.5161744023
6016 3.5971223022
6106 3.7707390649
6116 3.8284839204
6137 3.9001560062
6174 4.0257648953
21236 4.0783034258
27467 4.1876046901
27547 4.2301184433
27697 4.4247787611
42268 4.5372050817
42423 4.7984644914
101173 3.2341526520
evaluations raw_y
1 0.7776049767
2 0.8570449092
3 0.9589566552
13 0.9815469179
28 0.9972078181
37 1.0133765707
47 1.0526315789
103 1.1899095669
128 1.2224938875
137 1.2493753123
148 1.2879958784
203 1.4645577036
237 1.5105740181
303 1.6181229773
326 1.6655562958
353 1.7349063151
403 1.8076644975
417 1.8234865062
424 1.8782870023
428 1.9485580670
490 1.9984012790
503 2.0016012810
508 2.0145044319
524 2.1385799829
562 2.1533161068
573 2.3299161230
608 2.3696682464
610 2.4342745862
659 2.5025025025
710 2.5588536336
726 2.6014568158
798 2.6343519494
810 2.7085590466
885 2.8312570781
918 3.0303030303
988 3.1847133758
1906 3.3025099075
2008 3.3647375505
2032 3.4387895461
2172 3.5460992908
2209 3.6818851252
5258 3.7481259370
5318 3.7821482602
5377 3.8284839204
5423 3.8402457757
5449 3.8639876352
8200 4.1186161450
17434 4.3029259897
20063 4.3177892919
33955 4.6210720887
100472 2.7995520717
evaluations raw_y
1 1.1420740064
17 1.1515430677
24 1.1865211201
50 1.2212994626
105 1.3262599469
119 1.3290802764
120 1.3579576317
132 1.4132278123
180 1.4293882218
205 1.5518311608
217 1.5595757954
253 1.6118633140
293 1.6286644951
305 1.7253278123
317 1.7543859649
320 1.7692852088
367 1.8050541516
385 1.8102824041
386 1.8208302986
405 1.8953752843
420 1.9425019425
440 1.9920318725
483 2.0177562550
506 2.0341741253
517 2.0885547201
523 2.0955574183
540 2.1682567216
605 2.2502250225
615 2.2747952684
617 2.3169601483
647 2.4154589372
706 2.4679170780
715 2.6014568158
765 2.6232948583
806 2.6399155227
814 2.7322404372
827 2.8835063437
868 2.9103608847
914 3.0012004802
927 3.1055900621
1029 3.1605562579
1104 3.2175032175
1115 3.2509752926
1120 3.3200531208
1204 3.3647375505
1244 3.4387895461
1277 3.4578146611
1344 3.5063113604
1395 3.5663338088
1436 3.6179450072
5463 3.6284470247
5601 3.7481259370
5666 3.7821482602
5729 3.8167938931
7209 3.8520801233
17582 3.9246467818
17669 4.0650406504
21137 4.1186161450
22898 4.6904315197
56306 4.8169556840
100072 3.6179450072
evaluations raw_y
1 1.2987012987
20 1.4889815366
104 1.5654351910
110 1.5693659761
128 1.6139444803
156 1.6350555919
174 1.7692852088
204 1.9069412662
210 1.9245573518
296 1.9607843137
304 2.0408163265
325 2.1312872975
405 2.2104332449
410 2.2999080037
429 2.3430178069
438 2.3696682464
505 2.3741690408
528 2.4015369837
564 2.5278058645
627 2.6737967914
721 2.6910656620
728 2.8768699655
805 3.0084235860
913 3.0156815440
937 3.2679738562
1041 3.3647375505
1099 3.4770514604
1107 3.5063113604
4965 3.5360678925
4974 3.6179450072
5015 3.7147102526
5102 3.7821482602
5115 3.7936267071
5127 3.8402457757
5300 3.8759689922
5352 3.9123630673
9085 4.1736227045
9188 4.3630017452
9307 4.3782837128
9342 4.6904315197
9505 4.7080979284
101275 2.6852846402
evaluations raw_y
1 1.1899095669
2 1.1944577162
3 1.3082155939
4 1.3390465988
17 1.4052838673
48 1.4245014245
61 1.4475969890
103 1.6223231668
117 1.7349063151
148 1.7692852088
203 1.8559762435
214 1.8670649739
217 1.8726591760
243 1.9984012790
303 2.0746887967
306 2.1097046414
314 2.1240441801
355 2.1385799829
370 2.1910604733
382 2.2381378693
403 2.2831050228
417 2.3607176582
470 2.3786869648
483 2.4533856722
495 2.4925224327
504 2.5380710660
525 2.7027027027
603 2.7203482046
655 2.8058361392
692 2.8184892897
731 2.9726516052
865 3.0084235860
940 3.0902348578
1019 3.1766200762
1067 3.3647375505
1201 3.3738191633
1260 3.5971223022
1337 3.7369207773
1464 4.0916530278
43697 4.1050903120
43748 4.1459369818
56354 4.4722719141
100876 3.3112582781
evaluations raw_y
1 1.0725010725
2 1.2048192771
4 1.2569130216
7 1.3095861708
8 1.3206550449
20 1.3319126265
37 1.4132278123
70 1.4425851125
104 1.5290519878
125 1.5518311608
137 1.6677785190
192 1.6722408027
203 1.6972165648
204 1.7642907551
209 1.7793594306
227 1.8698578908
237 1.9215987702
240 1.9275250578
303 1.9984012790
325 2.0990764064
337 2.1872265967
403 2.2222222222
471 2.2301516503
474 2.2381378693
481 2.3386342376
489 2.4295432459
503 2.5227043391
506 2.5853154085
588 2.6511134677
603 2.7624309392
618 2.7746947836
703 2.8441410694
760 2.8702640643
809 3.0156815440
814 3.0450669915
903 3.0674846626
909 3.2092426187
981 3.2258064516
1021 3.4293552812
1103 3.6603221083
1206 3.7369207773
1376 3.7936267071
1388 3.8880248834
1425 4.1876046901
5399 4.3478260870
80339 4.4404973357
100971 3.0229746070
evaluations raw_y
1 1.1235955056
2 1.1910433540
3 1.2201073694
6 1.2722646310
10 1.3206550449
39 1.3404825737
60 1.4164305949
106 1.4925373134
110 1.5441630636
118 1.5673981191
138 1.6244314490
210 1.7111567420
218 1.8532246108
306 2.0112630732
336 2.0441537204
406 2.4390243902
510 2.5025025025
547 2.7685492802
610 3.2010243278
716 3.3829499323
826 3.3921302578
957 3.4199726402
1027 3.5868005739
1128 3.5971223022
1181 3.6603221083
1228 3.7147102526
1274 3.9001560062
2400 3.9123630673
2442 3.9494470774
2503 3.9745627981
5827 4.0518638574
5980 4.1186161450
6057 4.2444821732
9430 4.3177892919
36149 4.4563279857
36319 4.4722719141
65992 4.8732943470
100071 2.5588536336
evaluations raw_y
1 0.8151287903
2 1.4997000600
3 1.6015374760
4 1.6181229773
30 1.6307893020
43 1.6436554898
60 1.7397355602
103 1.8559762435
104 1.8615040953
185 1.8782870023
196 2.1496130696
203 2.1682567216
204 2.1987686895
220 2.2461814915
274 2.2624434389
285 2.4390243902
304 2.4437927664
353 2.5125628141
394 2.5432349949
405 2.5484199796
407 2.5799793602
447 2.6014568158
461 2.6232948583
495 2.6795284030
507 2.7322404372
566 2.7685492802
590 2.8702640643
607 3.0156815440
710 3.1928480204
861 3.3557046980
3453 3.5161744023
3514 3.6075036075
3609 3.6179450072
3613 3.7936267071
3742 3.8284839204
3814 3.8880248834
3940 3.9494470774
3943 4.0518638574
3954 4.0783034258
4055 4.1186161450
4143 4.3327556326
44574 4.6040515654
44720 4.6904315197
101173 2.8506271380
