evaluations raw_y
1 0.0000000000
2 1.0000000000
4 4.0000000000
107 9.0000000000
212 11.0000000000
314 15.0000000000
418 16.0000000000
519 20.0000000000
623 21.0000000000
724 22.0000000000
825 23.0000000000
926 24.0000000000
1027 27.0000000000
1130 29.0000000000
1232 33.0000000000
1336 37.0000000000
1440 38.0000000000
1541 39.0000000000
1642 40.0000000000
1743 41.0000000000
1844 42.0000000000
1945 43.0000000000
2046 47.0000000000
2150 49.0000000000
2252 50.0000000000
2353 52.0000000000
2455 53.0000000000
2556 54.0000000000
2657 57.0000000000
2760 59.0000000000
2862 61.0000000000
2964 64.0000000000
3067 65.0000000000
3168 68.0000000000
3271 75.0000000000
3378 78.0000000000
3481 80.0000000000
3583 82.0000000000
3685 83.0000000000
3786 84.0000000000
3887 85.0000000000
3988 86.0000000000
4089 87.0000000000
4190 88.0000000000
4291 91.0000000000
4394 92.0000000000
4495 93.0000000000
4596 94.0000000000
4697 95.0000000000
4798 100.0000000000
100000 22.0000000000
evaluations raw_y
1 0.0000000000
2 2.0000000000
5 4.0000000000
107 6.0000000000
209 8.0000000000
311 9.0000000000
412 10.0000000000
513 12.0000000000
615 13.0000000000
716 14.0000000000
817 16.0000000000
919 18.0000000000
1021 21.0000000000
1124 22.0000000000
1225 24.0000000000
1327 26.0000000000
1429 28.0000000000
1531 29.0000000000
1632 30.0000000000
1733 31.0000000000
1834 37.0000000000
1940 38.0000000000
2041 39.0000000000
2142 42.0000000000
2245 43.0000000000
2346 47.0000000000
2450 50.0000000000
2553 51.0000000000
2654 52.0000000000
2755 55.0000000000
2858 61.0000000000
2964 63.0000000000
3066 64.0000000000
3167 65.0000000000
3268 67.0000000000
3370 68.0000000000
3471 69.0000000000
3572 71.0000000000
3674 72.0000000000
3775 73.0000000000
3876 75.0000000000
3978 77.0000000000
4080 78.0000000000
4181 79.0000000000
4282 81.0000000000
4384 83.0000000000
4486 86.0000000000
4589 87.0000000000
4690 88.0000000000
4791 90.0000000000
4893 92.0000000000
4995 94.0000000000
5097 95.0000000000
5198 97.0000000000
5300 98.0000000000
5401 99.0000000000
5502 100.0000000000
100000 65.0000000000
evaluations raw_y
1 1.0000000000
3 2.0000000000
105 3.0000000000
206 4.0000000000
307 8.0000000000
411 9.0000000000
512 10.0000000000
613 12.0000000000
715 13.0000000000
816 15.0000000000
918 16.0000000000
1019 17.0000000000
1120 18.0000000000
1221 19.0000000000
1322 20.0000000000
1423 21.0000000000
1524 26.0000000000
1629 27.0000000000
1730 28.0000000000
1831 29.0000000000
1932 30.0000000000
2033 31.0000000000
2134 33.0000000000
2236 35.0000000000
2338 37.0000000000
2440 38.0000000000
2541 40.0000000000
2643 41.0000000000
2744 42.0000000000
2845 43.0000000000
2946 44.0000000000
3047 47.0000000000
3150 48.0000000000
3251 49.0000000000
3352 50.0000000000
3453 51.0000000000
3554 63.0000000000
3666 67.0000000000
3770 72.0000000000
3875 73.0000000000
3976 77.0000000000
4080 79.0000000000
4182 80.0000000000
4283 82.0000000000
4385 84.0000000000
4487 85.0000000000
4588 88.0000000000
4691 91.0000000000
4794 92.0000000000
4895 93.0000000000
4996 95.0000000000
5098 97.0000000000
5200 98.0000000000
5301 100.0000000000
100000 3.0000000000
evaluations raw_y
1 0.0000000000
2 2.0000000000
5 3.0000000000
106 5.0000000000
208 7.0000000000
310 8.0000000000
411 11.0000000000
514 12.0000000000
615 14.0000000000
717 16.0000000000
819 17.0000000000
920 20.0000000000
1023 21.0000000000
1124 24.0000000000
1227 26.0000000000
1329 28.0000000000
1431 29.0000000000
1532 33.0000000000
1636 34.0000000000
1737 36.0000000000
1839 37.0000000000
1940 38.0000000000
2041 39.0000000000
2142 45.0000000000
2248 46.0000000000
2349 47.0000000000
2450 50.0000000000
2553 52.0000000000
2655 53.0000000000
2756 54.0000000000
2857 56.0000000000
2959 59.0000000000
3062 60.0000000000
3163 61.0000000000
3264 64.0000000000
3367 66.0000000000
3469 67.0000000000
3570 73.0000000000
3676 74.0000000000
3777 76.0000000000
3879 84.0000000000
3987 85.0000000000
4088 86.0000000000
4189 95.0000000000
4298 97.0000000000
4400 99.0000000000
4502 100.0000000000
100000 75.0000000000
evaluations raw_y
1 0.0000000000
2 2.0000000000
5 3.0000000000
106 5.0000000000
208 7.0000000000
310 9.0000000000
412 11.0000000000
514 14.0000000000
617 15.0000000000
718 17.0000000000
820 18.0000000000
921 19.0000000000
1022 20.0000000000
1123 21.0000000000
1224 23.0000000000
1326 24.0000000000
1427 25.0000000000
1528 28.0000000000
1631 31.0000000000
1734 33.0000000000
1836 34.0000000000
1937 37.0000000000
2040 38.0000000000
2141 40.0000000000
2243 41.0000000000
2344 42.0000000000
2445 43.0000000000
2546 45.0000000000
2648 46.0000000000
2749 47.0000000000
2850 49.0000000000
2952 51.0000000000
3054 52.0000000000
3155 53.0000000000
3256 54.0000000000
3357 56.0000000000
3459 61.0000000000
3564 64.0000000000
3667 67.0000000000
3770 72.0000000000
3875 75.0000000000
3978 78.0000000000
4081 81.0000000000
4184 83.0000000000
4286 86.0000000000
4389 87.0000000000
4490 89.0000000000
4592 91.0000000000
4694 94.0000000000
4797 98.0000000000
4901 100.0000000000
100000 41.0000000000
evaluations raw_y
1 0.0000000000
2 2.0000000000
5 3.0000000000
106 5.0000000000
208 6.0000000000
309 7.0000000000
410 8.0000000000
511 9.0000000000
612 10.0000000000
713 12.0000000000
815 13.0000000000
916 15.0000000000
1018 17.0000000000
1120 23.0000000000
1226 25.0000000000
1328 26.0000000000
1429 28.0000000000
1531 29.0000000000
1632 30.0000000000
1733 32.0000000000
1835 33.0000000000
1936 34.0000000000
2037 37.0000000000
2140 42.0000000000
2245 43.0000000000
2346 44.0000000000
2447 45.0000000000
2548 46.0000000000
2649 47.0000000000
2750 48.0000000000
2851 49.0000000000
2952 50.0000000000
3053 51.0000000000
3154 54.0000000000
3257 55.0000000000
3358 60.0000000000
3463 61.0000000000
3564 65.0000000000
3668 69.0000000000
3772 71.0000000000
3874 72.0000000000
3975 76.0000000000
4079 77.0000000000
4180 79.0000000000
4282 82.0000000000
4385 89.0000000000
4492 91.0000000000
4594 93.0000000000
4696 96.0000000000
4799 98.0000000000
4901 100.0000000000
100000 55.0000000000
evaluations raw_y
1 0.0000000000
3 3.0000000000
106 4.0000000000
207 5.0000000000
308 7.0000000000
410 11.0000000000
514 12.0000000000
615 13.0000000000
716 14.0000000000
817 17.0000000000
920 18.0000000000
1021 20.0000000000
1123 21.0000000000
1224 22.0000000000
1325 24.0000000000
1427 28.0000000000
1531 29.0000000000
1632 30.0000000000
1733 31.0000000000
1834 36.0000000000
1939 39.0000000000
2042 41.0000000000
2144 44.0000000000
2247 45.0000000000
2348 47.0000000000
2450 49.0000000000
2552 53.0000000000
2656 57.0000000000
2760 59.0000000000
2862 60.0000000000
2963 64.0000000000
3067 65.0000000000
3168 72.0000000000
3275 73.0000000000
3376 74.0000000000
3477 75.0000000000
3578 81.0000000000
3684 87.0000000000
3790 92.0000000000
3895 93.0000000000
3996 94.0000000000
4097 96.0000000000
4199 97.0000000000
4300 98.0000000000
4401 100.0000000000
100000 4.0000000000
evaluations raw_y
1 1.0000000000
2 2.0000000000
5 5.0000000000
108 6.0000000000
209 8.0000000000
311 10.0000000000
413 11.0000000000
514 13.0000000000
616 14.0000000000
717 15.0000000000
818 16.0000000000
919 17.0000000000
1020 18.0000000000
1121 19.0000000000
1222 20.0000000000
1323 21.0000000000
1424 22.0000000000
1525 26.0000000000
1629 27.0000000000
1730 33.0000000000
1836 41.0000000000
1944 45.0000000000
2048 46.0000000000
2149 49.0000000000
2252 54.0000000000
2357 56.0000000000
2459 58.0000000000
2561 60.0000000000
2663 61.0000000000
2764 62.0000000000
2865 67.0000000000
2970 68.0000000000
3071 70.0000000000
3173 73.0000000000
3276 74.0000000000
3377 77.0000000000
3480 79.0000000000
3582 82.0000000000
3685 87.0000000000
3790 91.0000000000
3894 92.0000000000
3995 93.0000000000
4096 96.0000000000
4199 97.0000000000
4300 98.0000000000
4401 99.0000000000
4502 100.0000000000
100000 2.0000000000
evaluations raw_y
1 0.0000000000
3 1.0000000000
104 4.0000000000
207 5.0000000000
308 9.0000000000
412 11.0000000000
514 16.0000000000
619 18.0000000000
721 19.0000000000
822 22.0000000000
925 24.0000000000
1027 25.0000000000
1128 26.0000000000
1229 28.0000000000
1331 34.0000000000
1437 36.0000000000
1539 37.0000000000
1640 39.0000000000
1742 40.0000000000
1843 42.0000000000
1945 43.0000000000
2046 44.0000000000
2147 46.0000000000
2249 47.0000000000
2350 48.0000000000
2451 49.0000000000
2552 55.0000000000
2658 56.0000000000
2759 57.0000000000
2860 58.0000000000
2961 59.0000000000
3062 62.0000000000
3165 65.0000000000
3268 68.0000000000
3371 72.0000000000
3475 74.0000000000
3577 76.0000000000
3679 80.0000000000
3783 81.0000000000
3884 84.0000000000
3987 86.0000000000
4089 88.0000000000
4191 90.0000000000
4293 91.0000000000
4394 95.0000000000
4498 100.0000000000
100000 82.0000000000
evaluations raw_y
1 1.0000000000
2 2.0000000000
5 7.0000000000
110 8.0000000000
211 11.0000000000
314 13.0000000000
416 16.0000000000
519 18.0000000000
621 20.0000000000
723 22.0000000000
825 23.0000000000
926 25.0000000000
1028 26.0000000000
1129 27.0000000000
1230 28.0000000000
1331 30.0000000000
1433 31.0000000000
1534 33.0000000000
1636 35.0000000000
1738 37.0000000000
1840 38.0000000000
1941 44.0000000000
2047 45.0000000000
2148 50.0000000000
2253 57.0000000000
2360 58.0000000000
2461 60.0000000000
2563 62.0000000000
2665 64.0000000000
2767 70.0000000000
2873 71.0000000000
2974 77.0000000000
3080 78.0000000000
3181 79.0000000000
3282 80.0000000000
3383 81.0000000000
3484 82.0000000000
3585 86.0000000000
3689 89.0000000000
3792 91.0000000000
3894 92.0000000000
3995 96.0000000000
4099 100.0000000000
100000 77.0000000000
