"function evaluation" "current f(x)" "best-so-far f(x)" "current af(x)+b" "best af(x)+b"
1 42.0000000000 42.0000000000 42.0000000000 42.0000000000
3 43.0000000000 43.0000000000 43.0000000000 43.0000000000
4 44.0000000000 44.0000000000 44.0000000000 44.0000000000
6 45.0000000000 45.0000000000 45.0000000000 45.0000000000
8 46.0000000000 46.0000000000 46.0000000000 46.0000000000
9 47.0000000000 47.0000000000 47.0000000000 47.0000000000
11 48.0000000000 48.0000000000 48.0000000000 48.0000000000
14 49.0000000000 49.0000000000 49.0000000000 49.0000000000
19 50.0000000000 50.0000000000 50.0000000000 50.0000000000
21 51.0000000000 51.0000000000 51.0000000000 51.0000000000
22 52.0000000000 52.0000000000 52.0000000000 52.0000000000
23 53.0000000000 53.0000000000 53.0000000000 53.0000000000
25 54.0000000000 54.0000000000 54.0000000000 54.0000000000
27 55.0000000000 55.0000000000 55.0000000000 55.0000000000
31 56.0000000000 56.0000000000 56.0000000000 56.0000000000
32 57.0000000000 57.0000000000 57.0000000000 57.0000000000
33 58.0000000000 58.0000000000 58.0000000000 58.0000000000
35 59.0000000000 59.0000000000 59.0000000000 59.0000000000
36 60.0000000000 60.0000000000 60.0000000000 60.0000000000
40 61.0000000000 61.0000000000 61.0000000000 61.0000000000
41 62.0000000000 62.0000000000 62.0000000000 62.0000000000
43 63.0000000000 63.0000000000 63.0000000000 63.0000000000
45 64.0000000000 64.0000000000 64.0000000000 64.0000000000
46 65.0000000000 65.0000000000 65.0000000000 65.0000000000
49 66.0000000000 66.0000000000 66.0000000000 66.0000000000
50 67.0000000000 67.0000000000 67.0000000000 67.0000000000
53 68.0000000000 68.0000000000 68.0000000000 68.0000000000
61 69.0000000000 69.0000000000 69.0000000000 69.0000000000
62 70.0000000000 70.0000000000 70.0000000000 70.0000000000
67 71.0000000000 71.0000000000 71.0000000000 71.0000000000
69 72.0000000000 72.0000000000 72.0000000000 72.0000000000
74 73.0000000000 73.0000000000 73.0000000000 73.0000000000
80 74.0000000000 74.0000000000 74.0000000000 74.0000000000
82 75.0000000000 75.0000000000 75.0000000000 75.0000000000
87 76.0000000000 76.0000000000 76.0000000000 76.0000000000
89 77.0000000000 77.0000000000 77.0000000000 77.0000000000
99 78.0000000000 78.0000000000 78.0000000000 78.0000000000
106 79.0000000000 79.0000000000 79.0000000000 79.0000000000
113 80.0000000000 80.0000000000 80.0000000000 80.0000000000
115 81.0000000000 81.0000000000 81.0000000000 81.0000000000
118 82.0000000000 82.0000000000 82.0000000000 82.0000000000
125 83.0000000000 83.0000000000 83.0000000000 83.0000000000
133 84.0000000000 84.0000000000 84.0000000000 84.0000000000
139 85.0000000000 85.0000000000 85.0000000000 85.0000000000
157 86.0000000000 86.0000000000 86.0000000000 86.0000000000
160 87.0000000000 87.0000000000 87.0000000000 87.0000000000
181 88.0000000000 88.0000000000 88.0000000000 88.0000000000
190 89.0000000000 89.0000000000 89.0000000000 89.0000000000
193 90.0000000000 90.0000000000 90.0000000000 90.0000000000
195 91.0000000000 91.0000000000 91.0000000000 91.0000000000
209 92.0000000000 92.0000000000 92.0000000000 92.0000000000
212 93.0000000000 93.0000000000 93.0000000000 93.0000000000
214 94.0000000000 94.0000000000 94.0000000000 94.0000000000
231 95.0000000000 95.0000000000 95.0000000000 95.0000000000
234 96.0000000000 96.0000000000 96.0000000000 96.0000000000
246 97.0000000000 97.0000000000 97.0000000000 97.0000000000
335 98.0000000000 98.0000000000 98.0000000000 98.0000000000
348 99.0000000000 99.0000000000 99.0000000000 99.0000000000
402 100.0000000000 100.0000000000 100.0000000000 100.0000000000
100001 99.0000000000 100.0000000000 99.0000000000 100.0000000000
"function evaluation" "current f(x)" "best-so-far f(x)" "current af(x)+b" "best af(x)+b"
1 46.0000000000 46.0000000000 46.0000000000 46.0000000000
2 47.0000000000 47.0000000000 47.0000000000 47.0000000000
3 48.0000000000 48.0000000000 48.0000000000 48.0000000000
5 49.0000000000 49.0000000000 49.0000000000 49.0000000000
6 50.0000000000 50.0000000000 50.0000000000 50.0000000000
7 51.0000000000 51.0000000000 51.0000000000 51.0000000000
8 52.0000000000 52.0000000000 52.0000000000 52.0000000000
9 53.0000000000 53.0000000000 53.0000000000 53.0000000000
10 54.0000000000 54.0000000000 54.0000000000 54.0000000000
11 55.0000000000 55.0000000000 55.0000000000 55.0000000000
15 56.0000000000 56.0000000000 56.0000000000 56.0000000000
17 57.0000000000 57.0000000000 57.0000000000 57.0000000000
18 58.0000000000 58.0000000000 58.0000000000 58.0000000000
19 59.0000000000 59.0000000000 59.0000000000 59.0000000000
20 60.0000000000 60.0000000000 60.0000000000 60.0000000000
22 61.0000000000 61.0000000000 61.0000000000 61.0000000000
24 62.0000000000 62.0000000000 62.0000000000 62.0000000000
26 63.0000000000 63.0000000000 63.0000000000 63.0000000000
29 64.0000000000 64.0000000000 64.0000000000 64.0000000000
32 65.0000000000 65.0000000000 65.0000000000 65.0000000000
40 66.0000000000 66.0000000000 66.0000000000 66.0000000000
44 67.0000000000 67.0000000000 67.0000000000 67.0000000000
46 68.0000000000 68.0000000000 68.0000000000 68.0000000000
51 69.0000000000 69.0000000000 69.0000000000 69.0000000000
56 70.0000000000 70.0000000000 70.0000000000 70.0000000000
57 71.0000000000 71.0000000000 71.0000000000 71.0000000000
58 72.0000000000 72.0000000000 72.0000000000 72.0000000000
62 73.0000000000 73.0000000000 73.0000000000 73.0000000000
63 74.0000000000 74.0000000000 74.0000000000 74.0000000000
67 75.0000000000 75.0000000000 75.0000000000 75.0000000000
71 76.0000000000 76.0000000000 76.0000000000 76.0000000000
78 77.0000000000 77.0000000000 77.0000000000 77.0000000000
83 78.0000000000 78.0000000000 78.0000000000 78.0000000000
90 79.0000000000 79.0000000000 79.0000000000 79.0000000000
93 80.0000000000 80.0000000000 80.0000000000 80.0000000000
99 81.0000000000 81.0000000000 81.0000000000 81.0000000000
118 82.0000000000 82.0000000000 82.0000000000 82.0000000000
119 83.0000000000 83.0000000000 83.0000000000 83.0000000000
133 84.0000000000 84.0000000000 84.0000000000 84.0000000000
144 85.0000000000 85.0000000000 85.0000000000 85.0000000000
150 86.0000000000 86.0000000000 86.0000000000 86.0000000000
154 87.0000000000 87.0000000000 87.0000000000 87.0000000000
172 88.0000000000 88.0000000000 88.0000000000 88.0000000000
175 89.0000000000 89.0000000000 89.0000000000 89.0000000000
181 90.0000000000 90.0000000000 90.0000000000 90.0000000000
195 91.0000000000 91.0000000000 91.0000000000 91.0000000000
204 92.0000000000 92.0000000000 92.0000000000 92.0000000000
211 93.0000000000 93.0000000000 93.0000000000 93.0000000000
243 94.0000000000 94.0000000000 94.0000000000 94.0000000000
260 95.0000000000 95.0000000000 95.0000000000 95.0000000000
263 96.0000000000 96.0000000000 96.0000000000 96.0000000000
303 97.0000000000 97.0000000000 97.0000000000 97.0000000000
383 98.0000000000 98.0000000000 98.0000000000 98.0000000000
459 99.0000000000 99.0000000000 99.0000000000 99.0000000000
490 100.0000000000 100.0000000000 100.0000000000 100.0000000000
100001 99.0000000000 100.0000000000 99.0000000000 100.0000000000
"function evaluation" "current f(x)" "best-so-far f(x)" "current af(x)+b" "best af(x)+b"
1 48.0000000000 48.0000000000 48.0000000000 48.0000000000
2 49.0000000000 49.0000000000 49.0000000000 49.0000000000
6 50.0000000000 50.0000000000 50.0000000000 50.0000000000
7 51.0000000000 51.0000000000 51.0000000000 51.0000000000
9 52.0000000000 52.0000000000 52.0000000000 52.0000000000
13 53.0000000000 53.0000000000 53.0000000000 53.0000000000
17 54.0000000000 54.0000000000 54.0000000000 54.0000000000
18 55.0000000000 55.0000000000 55.0000000000 55.0000000000
20 56.0000000000 56.0000000000 56.0000000000 56.0000000000
21 57.0000000000 57.0000000000 57.0000000000 57.0000000000
24 58.0000000000 58.0000000000 58.0000000000 58.0000000000
25 59.0000000000 59.0000000000 59.0000000000 59.0000000000
26 60.0000000000 60.0000000000 60.0000000000 60.0000000000
28 61.0000000000 61.0000000000 61.0000000000 61.0000000000
30 62.0000000000 62.0000000000 62.0000000000 62.0000000000
31 63.0000000000 63.0000000000 63.0000000000 63.0000000000
33 64.0000000000 64.0000000000 64.0000000000 64.0000000000
34 65.0000000000 65.0000000000 65.0000000000 65.0000000000
36 66.0000000000 66.0000000000 66.0000000000 66.0000000000
38 67.0000000000 67.0000000000 67.0000000000 67.0000000000
43 68.0000000000 68.0000000000 68.0000000000 68.0000000000
45 69.0000000000 69.0000000000 69.0000000000 69.0000000000
46 70.0000000000 70.0000000000 70.0000000000 70.0000000000
48 71.0000000000 71.0000000000 71.0000000000 71.0000000000
49 72.0000000000 72.0000000000 72.0000000000 72.0000000000
50 73.0000000000 73.0000000000 73.0000000000 73.0000000000
55 74.0000000000 74.0000000000 74.0000000000 74.0000000000
57 75.0000000000 75.0000000000 75.0000000000 75.0000000000
58 76.0000000000 76.0000000000 76.0000000000 76.0000000000
71 77.0000000000 77.0000000000 77.0000000000 77.0000000000
72 78.0000000000 78.0000000000 78.0000000000 78.0000000000
75 79.0000000000 79.0000000000 79.0000000000 79.0000000000
78 80.0000000000 80.0000000000 80.0000000000 80.0000000000
81 81.0000000000 81.0000000000 81.0000000000 81.0000000000
83 82.0000000000 82.0000000000 82.0000000000 82.0000000000
86 83.0000000000 83.0000000000 83.0000000000 83.0000000000
89 84.0000000000 84.0000000000 84.0000000000 84.0000000000
101 85.0000000000 85.0000000000 85.0000000000 85.0000000000
102 86.0000000000 86.0000000000 86.0000000000 86.0000000000
106 87.0000000000 87.0000000000 87.0000000000 87.0000000000
108 88.0000000000 88.0000000000 88.0000000000 88.0000000000
115 89.0000000000 89.0000000000 89.0000000000 89.0000000000
120 90.0000000000 90.0000000000 90.0000000000 90.0000000000
127 91.0000000000 91.0000000000 91.0000000000 91.0000000000
129 92.0000000000 92.0000000000 92.0000000000 92.0000000000
137 93.0000000000 93.0000000000 93.0000000000 93.0000000000
148 94.0000000000 94.0000000000 94.0000000000 94.0000000000
170 95.0000000000 95.0000000000 95.0000000000 95.0000000000
175 96.0000000000 96.0000000000 96.0000000000 96.0000000000
182 97.0000000000 97.0000000000 97.0000000000 97.0000000000
246 98.0000000000 98.0000000000 98.0000000000 98.0000000000
356 99.0000000000 99.0000000000 99.0000000000 99.0000000000
392 100.0000000000 100.0000000000 100.0000000000 100.0000000000
100001 99.0000000000 100.0000000000 99.0000000000 100.0000000000
"function evaluation" "current f(x)" "best-so-far f(x)" "current af(x)+b" "best af(x)+b"
1 44.0000000000 44.0000000000 44.0000000000 44.0000000000
5 45.0000000000 45.0000000000 45.0000000000 45.0000000000
7 46.0000000000 46.0000000000 46.0000000000 46.0000000000
8 47.0000000000 47.0000000000 47.0000000000 47.0000000000
9 48.0000000000 48.0000000000 48.0000000000 48.0000000000
10 49.0000000000 49.0000000000 49.0000000000 49.0000000000
14 50.0000000000 50.0000000000 50.0000000000 50.0000000000
15 51.0000000000 51.0000000000 51.0000000000 51.0000000000
19 52.0000000000 52.0000000000 52.0000000000 52.0000000000
25 53.0000000000 53.0000000000 53.0000000000 53.0000000000
26 54.0000000000 54.0000000000 54.0000000000 54.0000000000
31 55.0000000000 55.0000000000 55.0000000000 55.0000000000
32 56.0000000000 56.0000000000 56.0000000000 56.0000000000
33 57.0000000000 57.0000000000 57.0000000000 57.0000000000
34 58.0000000000 58.0000000000 58.0000000000 58.0000000000
35 59.0000000000 59.0000000000 59.0000000000 59.0000000000
36 60.0000000000 60.0000000000 60.0000000000 60.0000000000
38 61.0000000000 61.0000000000 61.0000000000 61.0000000000
39 62.0000000000 62.0000000000 62.0000000000 62.0000000000
41 63.0000000000 63.0000000000 63.0000000000 63.0000000000
43 64.0000000000 64.0000000000 64.0000000000 64.0000000000
47 65.0000000000 65.0000000000 65.0000000000 65.0000000000
50 66.0000000000 66.0000000000 66.0000000000 66.0000000000
51 67.0000000000 67.0000000000 67.0000000000 67.0000000000
52 68.0000000000 68.0000000000 68.0000000000 68.0000000000
56 69.0000000000 69.0000000000 69.0000000000 69.0000000000
57 70.0000000000 70.0000000000 70.0000000000 70.0000000000
59 71.0000000000 71.0000000000 71.0000000000 71.0000000000
70 72.0000000000 72.0000000000 72.0000000000 72.0000000000
72 73.0000000000 73.0000000000 73.0000000000 73.0000000000
76 74.0000000000 74.0000000000 74.0000000000 74.0000000000
77 75.0000000000 75.0000000000 75.0000000000 75.0000000000
81 76.0000000000 76.0000000000 76.0000000000 76.0000000000
82 77.0000000000 77.0000000000 77.0000000000 77.0000000000
90 78.0000000000 78.0000000000 78.0000000000 78.0000000000
92 79.0000000000 79.0000000000 79.0000000000 79.0000000000
101 80.0000000000 80.0000000000 80.0000000000 80.0000000000
104 81.0000000000 81.0000000000 81.0000000000 81.0000000000
105 82.0000000000 82.0000000000 82.0000000000 82.0000000000
108 83.0000000000 83.0000000000 83.0000000000 83.0000000000
111 84.0000000000 84.0000000000 84.0000000000 84.0000000000
115 85.0000000000 85.0000000000 85.0000000000 85.0000000000
117 86.0000000000 86.0000000000 86.0000000000 86.0000000000
118 87.0000000000 87.0000000000 87.0000000000 87.0000000000
122 88.0000000000 88.0000000000 88.0000000000 88.0000000000
127 89.0000000000 89.0000000000 89.0000000000 89.0000000000
140 90.0000000000 90.0000000000 90.0000000000 90.0000000000
152 91.0000000000 91.0000000000 91.0000000000 91.0000000000
159 92.0000000000 92.0000000000 92.0000000000 92.0000000000
167 93.0000000000 93.0000000000 93.0000000000 93.0000000000
173 94.0000000000 94.0000000000 94.0000000000 94.0000000000
203 95.0000000000 95.0000000000 95.0000000000 95.0000000000
262 96.0000000000 96.0000000000 96.0000000000 96.0000000000
283 97.0000000000 97.0000000000 97.0000000000 97.0000000000
326 98.0000000000 98.0000000000 98.0000000000 98.0000000000
362 99.0000000000 99.0000000000 99.0000000000 99.0000000000
379 100.0000000000 100.0000000000 100.0000000000 100.0000000000
100001 99.0000000000 100.0000000000 99.0000000000 100.0000000000
"function evaluation" "current f(x)" "best-so-far f(x)" "current af(x)+b" "best af(x)+b"
1 52.0000000000 52.0000000000 52.0000000000 52.0000000000
3 53.0000000000 53.0000000000 53.0000000000 53.0000000000
6 54.0000000000 54.0000000000 54.0000000000 54.0000000000
9 55.0000000000 55.0000000000 55.0000000000 55.0000000000
13 56.0000000000 56.0000000000 56.0000000000 56.0000000000
16 57.0000000000 57.0000000000 57.0000000000 57.0000000000
18 58.0000000000 58.0000000000 58.0000000000 58.0000000000
19 59.0000000000 59.0000000000 59.0000000000 59.0000000000
22 60.0000000000 60.0000000000 60.0000000000 60.0000000000
23 61.0000000000 61.0000000000 61.0000000000 61.0000000000
25 62.0000000000 62.0000000000 62.0000000000 62.0000000000
26 63.0000000000 63.0000000000 63.0000000000 63.0000000000
33 64.0000000000 64.0000000000 64.0000000000 64.0000000000
34 65.0000000000 65.0000000000 65.0000000000 65.0000000000
35 66.0000000000 66.0000000000 66.0000000000 66.0000000000
36 67.0000000000 67.0000000000 67.0000000000 67.0000000000
39 68.0000000000 68.0000000000 68.0000000000 68.0000000000
45 69.0000000000 69.0000000000 69.0000000000 69.0000000000
47 70.0000000000 70.0000000000 70.0000000000 70.0000000000
49 71.0000000000 71.0000000000 71.0000000000 71.0000000000
51 72.0000000000 72.0000000000 72.0000000000 72.0000000000
56 73.0000000000 73.0000000000 73.0000000000 73.0000000000
59 74.0000000000 74.0000000000 74.0000000000 74.0000000000
60 75.0000000000 75.0000000000 75.0000000000 75.0000000000
61 76.0000000000 76.0000000000 76.0000000000 76.0000000000
63 77.0000000000 77.0000000000 77.0000000000 77.0000000000
67 78.0000000000 78.0000000000 78.0000000000 78.0000000000
70 79.0000000000 79.0000000000 79.0000000000 79.0000000000
78 80.0000000000 80.0000000000 80.0000000000 80.0000000000
83 81.0000000000 81.0000000000 81.0000000000 81.0000000000
84 82.0000000000 82.0000000000 82.0000000000 82.0000000000
94 83.0000000000 83.0000000000 83.0000000000 83.0000000000
100 84.0000000000 84.0000000000 84.0000000000 84.0000000000
111 85.0000000000 85.0000000000 85.0000000000 85.0000000000
114 86.0000000000 86.0000000000 86.0000000000 86.0000000000
118 87.0000000000 87.0000000000 87.0000000000 87.0000000000
134 88.0000000000 88.0000000000 88.0000000000 88.0000000000
137 89.0000000000 89.0000000000 89.0000000000 89.0000000000
147 90.0000000000 90.0000000000 90.0000000000 90.0000000000
153 91.0000000000 91.0000000000 91.0000000000 91.0000000000
174 92.0000000000 92.0000000000 92.0000000000 92.0000000000
194 93.0000000000 93.0000000000 93.0000000000 93.0000000000
212 94.0000000000 94.0000000000 94.0000000000 94.0000000000
232 95.0000000000 95.0000000000 95.0000000000 95.0000000000
235 96.0000000000 96.0000000000 96.0000000000 96.0000000000
261 97.0000000000 97.0000000000 97.0000000000 97.0000000000
328 98.0000000000 98.0000000000 98.0000000000 98.0000000000
450 99.0000000000 99.0000000000 99.0000000000 99.0000000000
463 100.0000000000 100.0000000000 100.0000000000 100.0000000000
100001 99.0000000000 100.0000000000 99.0000000000 100.0000000000
"function evaluation" "current f(x)" "best-so-far f(x)" "current af(x)+b" "best af(x)+b"
1 51.0000000000 51.0000000000 51.0000000000 51.0000000000
4 52.0000000000 52.0000000000 52.0000000000 52.0000000000
5 53.0000000000 53.0000000000 53.0000000000 53.0000000000
6 54.0000000000 54.0000000000 54.0000000000 54.0000000000
7 55.0000000000 55.0000000000 55.0000000000 55.0000000000
9 56.0000000000 56.0000000000 56.0000000000 56.0000000000
13 57.0000000000 57.0000000000 57.0000000000 57.0000000000
14 58.0000000000 58.0000000000 58.0000000000 58.0000000000
18 59.0000000000 59.0000000000 59.0000000000 59.0000000000
20 60.0000000000 60.0000000000 60.0000000000 60.0000000000
21 61.0000000000 61.0000000000 61.0000000000 61.0000000000
22 62.0000000000 62.0000000000 62.0000000000 62.0000000000
23 63.0000000000 63.0000000000 63.0000000000 63.0000000000
26 64.0000000000 64.0000000000 64.0000000000 64.0000000000
34 65.0000000000 65.0000000000 65.0000000000 65.0000000000
41 66.0000000000 66.0000000000 66.0000000000 66.0000000000
43 67.0000000000 67.0000000000 67.0000000000 67.0000000000
49 68.0000000000 68.0000000000 68.0000000000 68.0000000000
50 69.0000000000 69.0000000000 69.0000000000 69.0000000000
58 70.0000000000 70.0000000000 70.0000000000 70.0000000000
61 71.0000000000 71.0000000000 71.0000000000 71.0000000000
65 72.0000000000 72.0000000000 72.0000000000 72.0000000000
66 73.0000000000 73.0000000000 73.0000000000 73.0000000000
80 74.0000000000 74.0000000000 74.0000000000 74.0000000000
81 75.0000000000 75.0000000000 75.0000000000 75.0000000000
91 76.0000000000 76.0000000000 76.0000000000 76.0000000000
99 77.0000000000 77.0000000000 77.0000000000 77.0000000000
107 78.0000000000 78.0000000000 78.0000000000 78.0000000000
110 79.0000000000 79.0000000000 79.0000000000 79.0000000000
113 80.0000000000 80.0000000000 80.0000000000 80.0000000000
118 81.0000000000 81.0000000000 81.0000000000 81.0000000000
126 82.0000000000 82.0000000000 82.0000000000 82.0000000000
131 83.0000000000 83.0000000000 83.0000000000 83.0000000000
134 84.0000000000 84.0000000000 84.0000000000 84.0000000000
136 85.0000000000 85.0000000000 85.0000000000 85.0000000000
140 86.0000000000 86.0000000000 86.0000000000 86.0000000000
144 87.0000000000 87.0000000000 87.0000000000 87.0000000000
146 88.0000000000 88.0000000000 88.0000000000 88.0000000000
149 89.0000000000 89.0000000000 89.0000000000 89.0000000000
158 90.0000000000 90.0000000000 90.0000000000 90.0000000000
160 91.0000000000 91.0000000000 91.0000000000 91.0000000000
168 92.0000000000 92.0000000000 92.0000000000 92.0000000000
187 93.0000000000 93.0000000000 93.0000000000 93.0000000000
201 94.0000000000 94.0000000000 94.0000000000 94.0000000000
206 95.0000000000 95.0000000000 95.0000000000 95.0000000000
218 96.0000000000 96.0000000000 96.0000000000 96.0000000000
220 97.0000000000 97.0000000000 97.0000000000 97.0000000000
265 98.0000000000 98.0000000000 98.0000000000 98.0000000000
394 99.0000000000 99.0000000000 99.0000000000 99.0000000000
826 100.0000000000 100.0000000000 100.0000000000 100.0000000000
100001 99.0000000000 100.0000000000 99.0000000000 100.0000000000
"function evaluation" "current f(x)" "best-so-far f(x)" "current af(x)+b" "best af(x)+b"
1 50.0000000000 50.0000000000 50.0000000000 50.0000000000
2 51.0000000000 51.0000000000 51.0000000000 51.0000000000
3 52.0000000000 52.0000000000 52.0000000000 52.0000000000
5 53.0000000000 53.0000000000 53.0000000000 53.0000000000
12 54.0000000000 54.0000000000 54.0000000000 54.0000000000
13 55.0000000000 55.0000000000 55.0000000000 55.0000000000
14 56.0000000000 56.0000000000 56.0000000000 56.0000000000
22 57.0000000000 57.0000000000 57.0000000000 57.0000000000
24 58.0000000000 58.0000000000 58.0000000000 58.0000000000
28 59.0000000000 59.0000000000 59.0000000000 59.0000000000
29 60.0000000000 60.0000000000 60.0000000000 60.0000000000
33 61.0000000000 61.0000000000 61.0000000000 61.0000000000
34 62.0000000000 62.0000000000 62.0000000000 62.0000000000
35 63.0000000000 63.0000000000 63.0000000000 63.0000000000
36 64.0000000000 64.0000000000 64.0000000000 64.0000000000
39 65.0000000000 65.0000000000 65.0000000000 65.0000000000
41 66.0000000000 66.0000000000 66.0000000000 66.0000000000
45 67.0000000000 67.0000000000 67.0000000000 67.0000000000
47 68.0000000000 68.0000000000 68.0000000000 68.0000000000
49 69.0000000000 69.0000000000 69.0000000000 69.0000000000
51 70.0000000000 70.0000000000 70.0000000000 70.0000000000
55 71.0000000000 71.0000000000 71.0000000000 71.0000000000
60 72.0000000000 72.0000000000 72.0000000000 72.0000000000
61 73.0000000000 73.0000000000 73.0000000000 73.0000000000
62 74.0000000000 74.0000000000 74.0000000000 74.0000000000
63 75.0000000000 75.0000000000 75.0000000000 75.0000000000
66 76.0000000000 76.0000000000 76.0000000000 76.0000000000
68 77.0000000000 77.0000000000 77.0000000000 77.0000000000
72 78.0000000000 78.0000000000 78.0000000000 78.0000000000
77 79.0000000000 79.0000000000 79.0000000000 79.0000000000
88 80.0000000000 80.0000000000 80.0000000000 80.0000000000
91 81.0000000000 81.0000000000 81.0000000000 81.0000000000
101 82.0000000000 82.0000000000 82.0000000000 82.0000000000
109 83.0000000000 83.0000000000 83.0000000000 83.0000000000
112 84.0000000000 84.0000000000 84.0000000000 84.0000000000
116 85.0000000000 85.0000000000 85.0000000000 85.0000000000
118 86.0000000000 86.0000000000 86.0000000000 86.0000000000
126 87.0000000000 87.0000000000 87.0000000000 87.0000000000
131 88.0000000000 88.0000000000 88.0000000000 88.0000000000
138 89.0000000000 89.0000000000 89.0000000000 89.0000000000
150 90.0000000000 90.0000000000 90.0000000000 90.0000000000
162 91.0000000000 91.0000000000 91.0000000000 91.0000000000
165 92.0000000000 92.0000000000 92.0000000000 92.0000000000
192 93.0000000000 93.0000000000 93.0000000000 93.0000000000
217 94.0000000000 94.0000000000 94.0000000000 94.0000000000
221 95.0000000000 95.0000000000 95.0000000000 95.0000000000
248 96.0000000000 96.0000000000 96.0000000000 96.0000000000
254 97.0000000000 97.0000000000 97.0000000000 97.0000000000
268 98.0000000000 98.0000000000 98.0000000000 98.0000000000
301 99.0000000000 99.0000000000 99.0000000000 99.0000000000
303 100.0000000000 100.0000000000 100.0000000000 100.0000000000
100001 99.0000000000 100.0000000000 99.0000000000 100.0000000000
"function evaluation" "current f(x)" "best-so-far f(x)" "current af(x)+b" "best af(x)+b"
1 49.0000000000 49.0000000000 49.0000000000 49.0000000000
2 50.0000000000 50.0000000000 50.0000000000 50.0000000000
5 51.0000000000 51.0000000000 51.0000000000 51.0000000000
6 52.0000000000 52.0000000000 52.0000000000 52.0000000000
9 53.0000000000 53.0000000000 53.0000000000 53.0000000000
10 54.0000000000 54.0000000000 54.0000000000 54.0000000000
13 55.0000000000 55.0000000000 55.0000000000 55.0000000000
14 56.0000000000 56.0000000000 56.0000000000 56.0000000000
16 57.0000000000 57.0000000000 57.0000000000 57.0000000000
17 58.0000000000 58.0000000000 58.0000000000 58.0000000000
19 59.0000000000 59.0000000000 59.0000000000 59.0000000000
21 60.0000000000 60.0000000000 60.0000000000 60.0000000000
24 61.0000000000 61.0000000000 61.0000000000 61.0000000000
27 62.0000000000 62.0000000000 62.0000000000 62.0000000000
28 63.0000000000 63.0000000000 63.0000000000 63.0000000000
30 64.0000000000 64.0000000000 64.0000000000 64.0000000000
34 65.0000000000 65.0000000000 65.0000000000 65.0000000000
37 66.0000000000 66.0000000000 66.0000000000 66.0000000000
38 67.0000000000 67.0000000000 67.0000000000 67.0000000000
39 68.0000000000 68.0000000000 68.0000000000 68.0000000000
41 69.0000000000 69.0000000000 69.0000000000 69.0000000000
42 70.0000000000 70.0000000000 70.0000000000 70.0000000000
43 71.0000000000 71.0000000000 71.0000000000 71.0000000000
46 72.0000000000 72.0000000000 72.0000000000 72.0000000000
47 73.0000000000 73.0000000000 73.0000000000 73.0000000000
62 74.0000000000 74.0000000000 74.0000000000 74.0000000000
65 75.0000000000 75.0000000000 75.0000000000 75.0000000000
68 76.0000000000 76.0000000000 76.0000000000 76.0000000000
73 77.0000000000 77.0000000000 77.0000000000 77.0000000000
82 78.0000000000 78.0000000000 78.0000000000 78.0000000000
84 79.0000000000 79.0000000000 79.0000000000 79.0000000000
86 80.0000000000 80.0000000000 80.0000000000 80.0000000000
93 81.0000000000 81.0000000000 81.0000000000 81.0000000000
120 82.0000000000 82.0000000000 82.0000000000 82.0000000000
122 83.0000000000 83.0000000000 83.0000000000 83.0000000000
128 84.0000000000 84.0000000000 84.0000000000 84.0000000000
136 85.0000000000 85.0000000000 85.0000000000 85.0000000000
163 86.0000000000 86.0000000000 86.0000000000 86.0000000000
178 87.0000000000 87.0000000000 87.0000000000 87.0000000000
196 88.0000000000 88.0000000000 88.0000000000 88.0000000000
212 89.0000000000 89.0000000000 89.0000000000 89.0000000000
238 90.0000000000 90.0000000000 90.0000000000 90.0000000000
258 91.0000000000 91.0000000000 91.0000000000 91.0000000000
259 92.0000000000 92.0000000000 92.0000000000 92.0000000000
260 93.0000000000 93.0000000000 93.0000000000 93.0000000000
273 94.0000000000 94.0000000000 94.0000000000 94.0000000000
291 95.0000000000 95.0000000000 95.0000000000 95.0000000000
298 96.0000000000 96.0000000000 96.0000000000 96.0000000000
335 97.0000000000 97.0000000000 97.0000000000 97.0000000000
358 98.0000000000 98.0000000000 98.0000000000 98.0000000000
359 99.0000000000 99.0000000000 99.0000000000 99.0000000000
360 100.0000000000 100.0000000000 100.0000000000 100.0000000000
100001 99.0000000000 100.0000000000 99.0000000000 100.0000000000
"function evaluation" "current f(x)" "best-so-far f(x)" "current af(x)+b" "best af(x)+b"
1 59.0000000000 59.0000000000 59.0000000000 59.0000000000
3 60.0000000000 60.0000000000 60.0000000000 60.0000000000
5 61.0000000000 61.0000000000 61.0000000000 61.0000000000
6 62.0000000000 62.0000000000 62.0000000000 62.0000000000
7 63.0000000000 63.0000000000 63.0000000000 63.0000000000
8 64.0000000000 64.0000000000 64.0000000000 64.0000000000
9 65.0000000000 65.0000000000 65.0000000000 65.0000000000
13 66.0000000000 66.0000000000 66.0000000000 66.0000000000
14 67.0000000000 67.0000000000 67.0000000000 67.0000000000
15 68.0000000000 68.0000000000 68.0000000000 68.0000000000
17 69.0000000000 69.0000000000 69.0000000000 69.0000000000
18 70.0000000000 70.0000000000 70.0000000000 70.0000000000
23 71.0000000000 71.0000000000 71.0000000000 71.0000000000
25 72.0000000000 72.0000000000 72.0000000000 72.0000000000
32 73.0000000000 73.0000000000 73.0000000000 73.0000000000
34 74.0000000000 74.0000000000 74.0000000000 74.0000000000
37 75.0000000000 75.0000000000 75.0000000000 75.0000000000
40 76.0000000000 76.0000000000 76.0000000000 76.0000000000
45 77.0000000000 77.0000000000 77.0000000000 77.0000000000
47 78.0000000000 78.0000000000 78.0000000000 78.0000000000
49 79.0000000000 79.0000000000 79.0000000000 79.0000000000
53 80.0000000000 80.0000000000 80.0000000000 80.0000000000
55 81.0000000000 81.0000000000 81.0000000000 81.0000000000
61 82.0000000000 82.0000000000 82.0000000000 82.0000000000
62 83.0000000000 83.0000000000 83.0000000000 83.0000000000
91 84.0000000000 84.0000000000 84.0000000000 84.0000000000
95 85.0000000000 85.0000000000 85.0000000000 85.0000000000
97 86.0000000000 86.0000000000 86.0000000000 86.0000000000
99 87.0000000000 87.0000000000 87.0000000000 87.0000000000
125 88.0000000000 88.0000000000 88.0000000000 88.0000000000
130 89.0000000000 89.0000000000 89.0000000000 89.0000000000
149 90.0000000000 90.0000000000 90.0000000000 90.0000000000
154 91.0000000000 91.0000000000 91.0000000000 91.0000000000
163 92.0000000000 92.0000000000 92.0000000000 92.0000000000
165 93.0000000000 93.0000000000 93.0000000000 93.0000000000
179 94.0000000000 94.0000000000 94.0000000000 94.0000000000
180 95.0000000000 95.0000000000 95.0000000000 95.0000000000
205 96.0000000000 96.0000000000 96.0000000000 96.0000000000
215 97.0000000000 97.0000000000 97.0000000000 97.0000000000
232 98.0000000000 98.0000000000 98.0000000000 98.0000000000
399 99.0000000000 99.0000000000 99.0000000000 99.0000000000
521 100.0000000000 100.0000000000 100.0000000000 100.0000000000
100001 99.0000000000 100.0000000000 99.0000000000 100.0000000000
"function evaluation" "current f(x)" "best-so-far f(x)" "current af(x)+b" "best af(x)+b"
1 46.0000000000 46.0000000000 46.0000000000 46.0000000000
3 47.0000000000 47.0000000000 47.0000000000 47.0000000000
5 48.0000000000 48.0000000000 48.0000000000 48.0000000000
10 49.0000000000 49.0000000000 49.0000000000 49.0000000000
12 50.0000000000 50.0000000000 50.0000000000 50.0000000000
13 51.0000000000 51.0000000000 51.0000000000 51.0000000000
14 52.0000000000 52.0000000000 52.0000000000 52.0000000000
15 53.0000000000 53.0000000000 53.0000000000 53.0000000000
16 54.0000000000 54.0000000000 54.0000000000 54.0000000000
17 55.0000000000 55.0000000000 55.0000000000 55.0000000000
20 56.0000000000 56.0000000000 56.0000000000 56.0000000000
26 57.0000000000 57.0000000000 57.0000000000 57.0000000000
31 58.0000000000 58.0000000000 58.0000000000 58.0000000000
33 59.0000000000 59.0000000000 59.0000000000 59.0000000000
35 60.0000000000 60.0000000000 60.0000000000 60.0000000000
37 61.0000000000 61.0000000000 61.0000000000 61.0000000000
39 62.0000000000 62.0000000000 62.0000000000 62.0000000000
41 63.0000000000 63.0000000000 63.0000000000 63.0000000000
43 64.0000000000 64.0000000000 64.0000000000 64.0000000000
44 65.0000000000 65.0000000000 65.0000000000 65.0000000000
45 66.0000000000 66.0000000000 66.0000000000 66.0000000000
46 67.0000000000 67.0000000000 67.0000000000 67.0000000000
56 68.0000000000 68.0000000000 68.0000000000 68.0000000000
62 69.0000000000 69.0000000000 69.0000000000 69.0000000000
66 70.0000000000 70.0000000000 70.0000000000 70.0000000000
72 71.0000000000 71.0000000000 71.0000000000 71.0000000000
75 72.0000000000 72.0000000000 72.0000000000 72.0000000000
76 73.0000000000 73.0000000000 73.0000000000 73.0000000000
84 74.0000000000 74.0000000000 74.0000000000 74.0000000000
92 75.0000000000 75.0000000000 75.0000000000 75.0000000000
94 76.0000000000 76.0000000000 76.0000000000 76.0000000000
98 77.0000000000 77.0000000000 77.0000000000 77.0000000000
99 78.0000000000 78.0000000000 78.0000000000 78.0000000000
110 79.0000000000 79.0000000000 79.0000000000 79.0000000000
111 80.0000000000 80.0000000000 80.0000000000 80.0000000000
114 81.0000000000 81.0000000000 81.0000000000 81.0000000000
116 82.0000000000 82.0000000000 82.0000000000 82.0000000000
118 83.0000000000 83.0000000000 83.0000000000 83.0000000000
127 84.0000000000 84.0000000000 84.0000000000 84.0000000000
131 85.0000000000 85.0000000000 85.0000000000 85.0000000000
132 86.0000000000 86.0000000000 86.0000000000 86.0000000000
133 87.0000000000 87.0000000000 87.0000000000 87.0000000000
139 88.0000000000 88.0000000000 88.0000000000 88.0000000000
149 89.0000000000 89.0000000000 89.0000000000 89.0000000000
161 90.0000000000 90.0000000000 90.0000000000 90.0000000000
220 91.0000000000 91.0000000000 91.0000000000 91.0000000000
235 92.0000000000 92.0000000000 92.0000000000 92.0000000000
266 93.0000000000 93.0000000000 93.0000000000 93.0000000000
272 94.0000000000 94.0000000000 94.0000000000 94.0000000000
281 95.0000000000 95.0000000000 95.0000000000 95.0000000000
300 96.0000000000 96.0000000000 96.0000000000 96.0000000000
352 97.0000000000 97.0000000000 97.0000000000 97.0000000000
426 98.0000000000 98.0000000000 98.0000000000 98.0000000000
456 99.0000000000 99.0000000000 99.0000000000 99.0000000000
466 100.0000000000 100.0000000000 100.0000000000 100.0000000000
100001 99.0000000000 100.0000000000 99.0000000000 100.0000000000
