"function evaluation" "current f(x)" "best-so-far f(x)" "current af(x)+b" "best af(x)+b"
1 1.0597710894 1.0597710894 1.0597710894 1.0597710894
2 1.0940919037 1.0940919037 1.0940919037 1.0940919037
5 1.1731581417 1.1731581417 1.1731581417 1.1731581417
7 1.2569130216 1.2569130216 1.2569130216 1.2569130216
11 1.3137151865 1.3137151865 1.3137151865 1.3137151865
14 1.3819789939 1.3819789939 1.3819789939 1.3819789939
16 1.3835085778 1.3835085778 1.3835085778 1.3835085778
25 1.4005602241 1.4005602241 1.4005602241 1.4005602241
28 1.5913430936 1.5913430936 1.5913430936 1.5913430936
29 1.5974440895 1.5974440895 1.5974440895 1.5974440895
39 1.6414970453 1.6414970453 1.6414970453 1.6414970453
40 1.6567263088 1.6567263088 1.6567263088 1.6567263088
43 1.7869907076 1.7869907076 1.7869907076 1.7869907076
46 1.9762845850 1.9762845850 1.9762845850 1.9762845850
70 2.0177562550 2.0177562550 2.0177562550 2.0177562550
75 2.2381378693 2.2381378693 2.2381378693 2.2381378693
84 2.2421524664 2.2421524664 2.2421524664 2.2421524664
92 2.2542831380 2.2542831380 2.2542831380 2.2542831380
99 2.3430178069 2.3430178069 2.3430178069 2.3430178069
122 2.5799793602 2.5799793602 2.5799793602 2.5799793602
129 2.7203482046 2.7203482046 2.7203482046 2.7203482046
142 2.9585798817 2.9585798817 2.9585798817 2.9585798817
192 3.0229746070 3.0229746070 3.0229746070 3.0229746070
214 3.1685678074 3.1685678074 3.1685678074 3.1685678074
218 3.2425421530 3.2425421530 3.2425421530 3.2425421530
244 3.3200531208 3.3200531208 3.3200531208 3.3200531208
407 3.5161744023 3.5161744023 3.5161744023 3.5161744023
551 3.7369207773 3.7369207773 3.7369207773 3.7369207773
100001 3.0978934325 3.7369207773 3.0978934325 3.7369207773
"function evaluation" "current f(x)" "best-so-far f(x)" "current af(x)+b" "best af(x)+b"
1 0.9807767752 0.9807767752 0.9807767752 0.9807767752
2 1.0133765707 1.0133765707 1.0133765707 1.0133765707
3 1.0660980810 1.0660980810 1.0660980810 1.0660980810
4 1.0817827780 1.0817827780 1.0817827780 1.0817827780
5 1.2671059301 1.2671059301 1.2671059301 1.2671059301
7 1.2919896641 1.2919896641 1.2919896641 1.2919896641
8 1.3041210224 1.3041210224 1.3041210224 1.3041210224
9 1.3958682300 1.3958682300 1.3958682300 1.3958682300
12 1.5384615385 1.5384615385 1.5384615385 1.5384615385
15 1.7768301350 1.7768301350 1.7768301350 1.7768301350
16 2.0678246485 2.0678246485 2.0678246485 2.0678246485
29 2.1132713440 2.1132713440 2.1132713440 2.1132713440
31 2.3562676720 2.3562676720 2.3562676720 2.3562676720
43 2.3877745941 2.3877745941 2.3877745941 2.3877745941
51 2.4582104228 2.4582104228 2.4582104228 2.4582104228
65 2.5227043391 2.5227043391 2.5227043391 2.5227043391
67 2.5588536336 2.5588536336 2.5588536336 2.5588536336
69 2.5641025641 2.5641025641 2.5641025641 2.5641025641
84 2.5799793602 2.5799793602 2.5799793602 2.5799793602
94 2.6624068158 2.6624068158 2.6624068158 2.6624068158
96 2.9446407538 2.9446407538 2.9446407538 2.9446407538
122 3.0826140567 3.0826140567 3.0826140567 3.0826140567
266 3.2851511170 3.2851511170 3.2851511170 3.2851511170
277 3.3467202142 3.3467202142 3.3467202142 3.3467202142
290 3.3738191633 3.3738191633 3.3738191633 3.3738191633
428 3.4770514604 3.4770514604 3.4770514604 3.4770514604
435 3.5260930889 3.5260930889 3.5260930889 3.5260930889
464 3.7481259370 3.7481259370 3.7481259370 3.7481259370
552 4.1322314050 4.1322314050 4.1322314050 4.1322314050
100001 3.2425421530 4.1322314050 3.2425421530 4.1322314050
"function evaluation" "current f(x)" "best-so-far f(x)" "current af(x)+b" "best af(x)+b"
1 1.1720581341 1.1720581341 1.1720581341 1.1720581341
2 1.2658227848 1.2658227848 1.2658227848 1.2658227848
5 1.3123359580 1.3123359580 1.3123359580 1.3123359580
7 1.4409221902 1.4409221902 1.4409221902 1.4409221902
8 1.4766686356 1.4766686356 1.4766686356 1.4766686356
9 1.5556938395 1.5556938395 1.5556938395 1.5556938395
20 1.5974440895 1.5974440895 1.5974440895 1.5974440895
24 1.6035920462 1.6035920462 1.6035920462 1.6035920462
34 1.6880486158 1.6880486158 1.6880486158 1.6880486158
37 1.7135023989 1.7135023989 1.7135023989 1.7135023989
41 1.7205781142 1.7205781142 1.7205781142 1.7205781142
45 1.8953752843 1.8953752843 1.8953752843 1.8953752843
53 2.0746887967 2.0746887967 2.0746887967 2.0746887967
54 2.2831050228 2.2831050228 2.2831050228 2.2831050228
64 2.2872827081 2.2872827081 2.2872827081 2.2872827081
87 2.2914757104 2.2914757104 2.2914757104 2.2914757104
90 2.4108003857 2.4108003857 2.4108003857 2.4108003857
104 2.6399155227 2.6399155227 2.6399155227 2.6399155227
105 2.9171528588 2.9171528588 2.9171528588 2.9171528588
123 3.0376670717 3.0376670717 3.0376670717 3.0376670717
151 3.2851511170 3.2851511170 3.2851511170 3.2851511170
813 3.3467202142 3.3467202142 3.3467202142 3.3467202142
846 3.5460992908 3.5460992908 3.5460992908 3.5460992908
865 3.7037037037 3.7037037037 3.7037037037 3.7037037037
877 3.7147102526 3.7147102526 3.7147102526 3.7147102526
100001 2.7808676307 3.7147102526 2.7808676307 3.7147102526
"function evaluation" "current f(x)" "best-so-far f(x)" "current af(x)+b" "best af(x)+b"
1 0.7859163785 0.7859163785 0.7859163785 0.7859163785
4 0.8426019548 0.8426019548 0.8426019548 0.8426019548
9 0.9451795841 0.9451795841 0.9451795841 0.9451795841
10 1.0912265386 1.0912265386 1.0912265386 1.0912265386
17 1.0940919037 1.0940919037 1.0940919037 1.0940919037
23 1.2025012025 1.2025012025 1.2025012025 1.2025012025
24 1.4261266400 1.4261266400 1.4261266400 1.4261266400
26 1.5832805573 1.5832805573 1.5832805573 1.5832805573
30 1.6139444803 1.6139444803 1.6139444803 1.6139444803
31 1.6202203500 1.6202203500 1.6202203500 1.6202203500
35 1.7018379850 1.7018379850 1.7018379850 1.7018379850
36 1.7470300489 1.7470300489 1.7470300489 1.7470300489
44 1.9762845850 1.9762845850 1.9762845850 1.9762845850
46 2.0242914980 2.0242914980 2.0242914980 2.0242914980
47 2.0408163265 2.0408163265 2.0408163265 2.0408163265
59 2.0850708924 2.0850708924 2.0850708924 2.0850708924
64 2.1459227468 2.1459227468 2.1459227468 2.1459227468
73 2.2665457842 2.2665457842 2.2665457842 2.2665457842
74 2.3923444976 2.3923444976 2.3923444976 2.3923444976
104 2.5960539979 2.5960539979 2.5960539979 2.5960539979
108 2.6455026455 2.6455026455 2.6455026455 2.6455026455
111 2.7563395810 2.7563395810 2.7563395810 2.7563395810
123 2.9585798817 2.9585798817 2.9585798817 2.9585798817
159 3.1446540881 3.1446540881 3.1446540881 3.1446540881
184 3.1525851198 3.1525851198 3.1525851198 3.1525851198
189 3.2938076416 3.2938076416 3.2938076416 3.2938076416
230 3.4106412005 3.4106412005 3.4106412005 3.4106412005
525 3.4578146611 3.4578146611 3.4578146611 3.4578146611
100001 2.6455026455 3.4578146611 2.6455026455 3.4578146611
"function evaluation" "current f(x)" "best-so-far f(x)" "current af(x)+b" "best af(x)+b"
1 1.0535187526 1.0535187526 1.0535187526 1.0535187526
2 1.0725010725 1.0725010725 1.0725010725 1.0725010725
3 1.1568718186 1.1568718186 1.1568718186 1.1568718186
4 1.2556504269 1.2556504269 1.2556504269 1.2556504269
8 1.3150973172 1.3150973172 1.3150973172 1.3150973172
11 1.4749262537 1.4749262537 1.4749262537 1.4749262537
14 1.5015015015 1.5015015015 1.5015015015 1.5015015015
17 1.5403573629 1.5403573629 1.5403573629 1.5403573629
25 1.5422578655 1.5422578655 1.5422578655 1.5422578655
27 1.6202203500 1.6202203500 1.6202203500 1.6202203500
32 1.6789791807 1.6789791807 1.6789791807 1.6789791807
40 1.7717930546 1.7717930546 1.7717930546 1.7717930546
55 1.8315018315 1.8315018315 1.8315018315 1.8315018315
64 1.9364833462 1.9364833462 1.9364833462 1.9364833462
67 1.9455252918 1.9455252918 1.9455252918 1.9455252918
69 1.9920318725 1.9920318725 1.9920318725 1.9920318725
70 2.0275750203 2.0275750203 2.0275750203 2.0275750203
79 2.0712510356 2.0712510356 2.0712510356 2.0712510356
90 2.2065313327 2.2065313327 2.2065313327 2.2065313327
95 2.2747952684 2.2747952684 2.2747952684 2.2747952684
109 2.4108003857 2.4108003857 2.4108003857 2.4108003857
126 2.5432349949 2.5432349949 2.5432349949 2.5432349949
130 2.6123301985 2.6123301985 2.6123301985 2.6123301985
198 2.6852846402 2.6852846402 2.6852846402 2.6852846402
202 2.8248587571 2.8248587571 2.8248587571 2.8248587571
228 2.8571428571 2.8571428571 2.8571428571 2.8571428571
229 3.2010243278 3.2010243278 3.2010243278 3.2010243278
393 3.2594524120 3.2594524120 3.2594524120 3.2594524120
422 3.3377837116 3.3377837116 3.3377837116 3.3377837116
425 3.3647375505 3.3647375505 3.3647375505 3.3647375505
466 3.4482758621 3.4482758621 3.4482758621 3.4482758621
637 4.0387722132 4.0387722132 4.0387722132 4.0387722132
100001 3.5260930889 4.0387722132 3.5260930889 4.0387722132
"function evaluation" "current f(x)" "best-so-far f(x)" "current af(x)+b" "best af(x)+b"
1 0.6873797086 0.6873797086 0.6873797086 0.6873797086
2 0.7185972981 0.7185972981 0.7185972981 0.7185972981
3 0.7647598654 0.7647598654 0.7647598654 0.7647598654
4 0.8130081301 0.8130081301 0.8130081301 0.8130081301
5 0.8199409643 0.8199409643 0.8199409643 0.8199409643
6 0.9815469179 0.9815469179 0.9815469179 0.9815469179
7 1.1296882061 1.1296882061 1.1296882061 1.1296882061
10 1.2025012025 1.2025012025 1.2025012025 1.2025012025
11 1.2321340562 1.2321340562 1.2321340562 1.2321340562
12 1.2406947891 1.2406947891 1.2406947891 1.2406947891
13 1.3150973172 1.3150973172 1.3150973172 1.3150973172
18 1.5253203173 1.5253203173 1.5253203173 1.5253203173
22 1.5654351910 1.5654351910 1.5654351910 1.5654351910
24 1.5673981191 1.5673981191 1.5673981191 1.5673981191
29 1.5812776724 1.5812776724 1.5812776724 1.5812776724
31 1.6857720836 1.6857720836 1.6857720836 1.6857720836
40 1.7743080199 1.7743080199 1.7743080199 1.7743080199
44 1.8896447468 1.8896447468 1.8896447468 1.8896447468
46 1.9516003123 1.9516003123 1.9516003123 1.9516003123
48 2.2502250225 2.2502250225 2.2502250225 2.2502250225
56 2.4582104228 2.4582104228 2.4582104228 2.4582104228
58 2.5853154085 2.5853154085 2.5853154085 2.5853154085
91 2.6910656620 2.6910656620 2.6910656620 2.6910656620
113 2.7932960894 2.7932960894 2.7932960894 2.7932960894
115 2.9446407538 2.9446407538 2.9446407538 2.9446407538
185 2.9797377831 2.9797377831 2.9797377831 2.9797377831
295 3.1685678074 3.1685678074 3.1685678074 3.1685678074
314 3.2258064516 3.2258064516 3.2258064516 3.2258064516
372 3.3200531208 3.3200531208 3.3200531208 3.3200531208
409 3.4013605442 3.4013605442 3.4013605442 3.4013605442
482 3.5663338088 3.5663338088 3.5663338088 3.5663338088
561 3.5971223022 3.5971223022 3.5971223022 3.5971223022
100001 2.8248587571 3.5971223022 2.8248587571 3.5971223022
"function evaluation" "current f(x)" "best-so-far f(x)" "current af(x)+b" "best af(x)+b"
1 1.1568718186 1.1568718186 1.1568718186 1.1568718186
6 1.1820330969 1.1820330969 1.1820330969 1.1820330969
8 1.2106537530 1.2106537530 1.2106537530 1.2106537530
9 1.2946659762 1.2946659762 1.2946659762 1.2946659762
12 1.5197568389 1.5197568389 1.5197568389 1.5197568389
14 1.6677785190 1.6677785190 1.6677785190 1.6677785190
15 1.7253278123 1.7253278123 1.7253278123 1.7253278123
22 1.9669551534 1.9669551534 1.9669551534 1.9669551534
28 2.1910604733 2.1910604733 2.1910604733 2.1910604733
33 2.2665457842 2.2665457842 2.2665457842 2.2665457842
36 2.3562676720 2.3562676720 2.3562676720 2.3562676720
44 2.7203482046 2.7203482046 2.7203482046 2.7203482046
48 2.7870680045 2.7870680045 2.7870680045 2.7870680045
54 3.0376670717 3.0376670717 3.0376670717 3.0376670717
175 3.1367628607 3.1367628607 3.1367628607 3.1367628607
510 3.1605562579 3.1605562579 3.1605562579 3.1605562579
639 3.2010243278 3.2010243278 3.2010243278 3.2010243278
665 3.2594524120 3.2594524120 3.2594524120 3.2594524120
837 3.3921302578 3.3921302578 3.3921302578 3.3921302578
880 3.5360678925 3.5360678925 3.5360678925 3.5360678925
917 3.6075036075 3.6075036075 3.6075036075 3.6075036075
1054 3.8639876352 3.8639876352 3.8639876352 3.8639876352
1101 3.9246467818 3.9246467818 3.9246467818 3.9246467818
100001 3.3647375505 3.9246467818 3.3647375505 3.9246467818
"function evaluation" "current f(x)" "best-so-far f(x)" "current af(x)+b" "best af(x)+b"
1 1.2013455070 1.2013455070 1.2013455070 1.2013455070
3 1.2333497780 1.2333497780 1.2333497780 1.2333497780
4 1.3520822066 1.3520822066 1.3520822066 1.3520822066
11 1.3564839935 1.3564839935 1.3564839935 1.3564839935
12 1.5309246785 1.5309246785 1.5309246785 1.5309246785
15 1.5518311608 1.5518311608 1.5518311608 1.5518311608
20 1.8587360595 1.8587360595 1.8587360595 1.8587360595
26 1.9485580670 1.9485580670 1.9485580670 1.9485580670
28 1.9577133908 1.9577133908 1.9577133908 1.9577133908
30 1.9857029388 1.9857029388 1.9857029388 1.9857029388
37 2.0885547201 2.0885547201 2.0885547201 2.0885547201
43 2.2999080037 2.2999080037 2.2999080037 2.2999080037
49 2.6014568158 2.6014568158 2.6014568158 2.6014568158
66 2.6068821689 2.6068821689 2.6068821689 2.6068821689
71 2.7502750275 2.7502750275 2.7502750275 2.7502750275
85 2.8058361392 2.8058361392 2.8058361392 2.8058361392
109 2.9171528588 2.9171528588 2.9171528588 2.9171528588
120 2.9515938607 2.9515938607 2.9515938607 2.9515938607
130 3.1525851198 3.1525851198 3.1525851198 3.1525851198
233 3.2425421530 3.2425421530 3.2425421530 3.2425421530
334 3.2509752926 3.2509752926 3.2509752926 3.2509752926
847 3.4770514604 3.4770514604 3.4770514604 3.4770514604
857 3.5663338088 3.5663338088 3.5663338088 3.5663338088
100001 3.2594524120 3.5663338088 3.2594524120 3.5663338088
"function evaluation" "current f(x)" "best-so-far f(x)" "current af(x)+b" "best af(x)+b"
1 1.2632642749 1.2632642749 1.2632642749 1.2632642749
4 1.3609145346 1.3609145346 1.3609145346 1.3609145346
9 1.4475969890 1.4475969890 1.4475969890 1.4475969890
13 1.6097875080 1.6097875080 1.6097875080 1.6097875080
19 1.7041581459 1.7041581459 1.7041581459 1.7041581459
25 1.8422991894 1.8422991894 1.8422991894 1.8422991894
26 1.8839487566 1.8839487566 1.8839487566 1.8839487566
27 1.9888623707 1.9888623707 1.9888623707 1.9888623707
34 2.0990764064 2.0990764064 2.0990764064 2.0990764064
51 2.1385799829 2.1385799829 2.1385799829 2.1385799829
52 2.2665457842 2.2665457842 2.2665457842 2.2665457842
62 2.3923444976 2.3923444976 2.3923444976 2.3923444976
103 2.5329280648 2.5329280648 2.5329280648 2.5329280648
139 2.6455026455 2.6455026455 2.6455026455 2.6455026455
148 2.6737967914 2.6737967914 2.6737967914 2.6737967914
152 2.7027027027 2.7027027027 2.7027027027 2.7027027027
153 2.8184892897 2.8184892897 2.8184892897 2.8184892897
187 2.9036004646 2.9036004646 2.9036004646 2.9036004646
188 2.9515938607 2.9515938607 2.9515938607 2.9515938607
189 3.2509752926 3.2509752926 3.2509752926 3.2509752926
205 3.3288948069 3.3288948069 3.3288948069 3.3288948069
229 3.3738191633 3.3738191633 3.3738191633 3.3738191633
234 3.5161744023 3.5161744023 3.5161744023 3.5161744023
100001 3.0303030303 3.5161744023 3.0303030303 3.5161744023
"function evaluation" "current f(x)" "best-so-far f(x)" "current af(x)+b" "best af(x)+b"
1 0.8098477486 0.8098477486 0.8098477486 0.8098477486
3 0.8750437522 0.8750437522 0.8750437522 0.8750437522
5 1.0369141435 1.0369141435 1.0369141435 1.0369141435
6 1.0624734382 1.0624734382 1.0624734382 1.0624734382
9 1.1165698973 1.1165698973 1.1165698973 1.1165698973
10 1.2696800406 1.2696800406 1.2696800406 1.2696800406
11 1.2735608762 1.2735608762 1.2735608762 1.2735608762
13 1.3178703216 1.3178703216 1.3178703216 1.3178703216
17 1.4889815366 1.4889815366 1.4889815366 1.4889815366
19 1.5812776724 1.5812776724 1.5812776724 1.5812776724
22 1.6077170418 1.6077170418 1.6077170418 1.6077170418
26 1.6567263088 1.6567263088 1.6567263088 1.6567263088
29 1.6857720836 1.6857720836 1.6857720836 1.6857720836
31 1.7895490336 1.7895490336 1.7895490336 1.7895490336
32 1.8341892883 1.8341892883 1.8341892883 1.8341892883
37 1.8925056775 1.8925056775 1.8925056775 1.8925056775
38 2.0441537204 2.0441537204 2.0441537204 2.0441537204
45 2.2301516503 2.2301516503 2.2301516503 2.2301516503
53 2.2914757104 2.2914757104 2.2914757104 2.2914757104
54 2.4108003857 2.4108003857 2.4108003857 2.4108003857
55 2.5329280648 2.5329280648 2.5329280648 2.5329280648
72 2.7746947836 2.7746947836 2.7746947836 2.7746947836
78 2.8441410694 2.8441410694 2.8441410694 2.8441410694
115 2.8768699655 2.8768699655 2.8768699655 2.8768699655
130 3.2938076416 3.2938076416 3.2938076416 3.2938076416
162 3.8520801233 3.8520801233 3.8520801233 3.8520801233
199 4.0916530278 4.0916530278 4.0916530278 4.0916530278
100001 3.4674063800 4.0916530278 3.4674063800 4.0916530278
