evaluations raw_y
1 6.2000000000
2 7.2000000000
3 7.4000000000
40 8.2000000000
103 8.4000000000
176 9.2000000000
203 9.4000000000
297 10.2000000000
303 10.4000000000
410 10.6000000000
436 10.6000000000
510 10.8000000000
544 10.8000000000
588 10.8000000000
610 11.0000000000
644 11.0000000000
710 11.2000000000
759 11.2000000000
786 11.2000000000
810 11.4000000000
859 11.4000000000
910 11.6000000000
969 11.6000000000
1010 11.8000000000
1078 11.8000000000
1110 12.0000000000
1212 12.2000000000
1313 12.4000000000
1415 12.6000000000
1516 12.8000000000
1618 13.0000000000
1720 13.2000000000
1823 13.4000000000
1924 13.6000000000
2025 13.8000000000
2130 14.0000000000
2231 14.2000000000
2260 14.2000000000
2331 14.4000000000
2432 14.6000000000
2545 14.8000000000
2561 14.8000000000
2645 15.0000000000
2746 15.2000000000
2849 15.4000000000
2853 15.4000000000
2949 15.6000000000
3051 15.8000000000
3155 16.0000000000
3279 16.2000000000
3382 16.4000000000
3489 16.6000000000
3590 16.8000000000
6793 17.0000000000
6898 17.2000000000
6999 17.4000000000
100152 16.0000000000
evaluations raw_y
1 6.0000000000
4 7.2000000000
12 7.4000000000
62 8.2000000000
103 8.2000000000
112 8.4000000000
162 9.2000000000
212 9.4000000000
314 9.6000000000
417 9.8000000000
491 9.8000000000
517 10.0000000000
621 10.2000000000
722 10.4000000000
737 10.4000000000
822 10.6000000000
880 10.6000000000
922 10.8000000000
1025 11.0000000000
1127 11.2000000000
1170 11.2000000000
1227 11.4000000000
1331 11.6000000000
1433 11.8000000000
1441 11.8000000000
1533 12.0000000000
1634 12.2000000000
1742 12.4000000000
1844 12.6000000000
1945 12.8000000000
2047 13.0000000000
2051 13.0000000000
2147 13.2000000000
2249 13.4000000000
2353 13.6000000000
2454 13.8000000000
2555 14.0000000000
2656 14.2000000000
2759 14.4000000000
2871 14.6000000000
2973 14.8000000000
3077 15.0000000000
3179 15.2000000000
3282 15.4000000000
3383 15.6000000000
3485 15.8000000000
3587 16.0000000000
3692 16.2000000000
3793 16.4000000000
3895 16.6000000000
3997 16.8000000000
7599 17.0000000000
7701 17.2000000000
58622 17.2000000000
102545 16.4000000000
evaluations raw_y
1 5.8000000000
2 6.4000000000
3 8.0000000000
8 8.2000000000
115 8.4000000000
117 9.2000000000
221 9.4000000000
229 10.2000000000
321 10.4000000000
356 11.2000000000
421 11.4000000000
494 12.2000000000
521 12.4000000000
597 13.2000000000
621 13.4000000000
722 13.6000000000
735 13.6000000000
772 13.6000000000
822 13.8000000000
835 13.8000000000
877 13.8000000000
922 14.0000000000
935 14.0000000000
986 14.0000000000
1022 14.2000000000
1035 14.2000000000
1122 14.4000000000
1168 14.4000000000
1222 14.6000000000
1330 14.8000000000
1433 15.0000000000
1536 15.2000000000
1546 15.2000000000
1636 15.4000000000
1650 15.4000000000
1736 15.6000000000
1838 15.8000000000
1948 16.0000000000
2049 16.2000000000
2151 16.4000000000
2254 16.6000000000
2362 16.8000000000
2464 17.0000000000
2581 17.2000000000
2684 17.4000000000
55595 17.4000000000
55728 17.6000000000
55835 17.8000000000
101267 15.6000000000
evaluations raw_y
1 6.2000000000
3 6.8000000000
4 7.0000000000
38 7.8000000000
104 8.0000000000
170 8.8000000000
196 8.8000000000
204 9.0000000000
270 9.8000000000
304 10.0000000000
375 10.8000000000
404 11.0000000000
509 11.2000000000
586 11.2000000000
609 11.4000000000
689 11.4000000000
709 11.6000000000
802 11.6000000000
809 11.8000000000
910 12.0000000000
931 12.0000000000
1010 12.2000000000
1057 12.2000000000
1110 12.4000000000
1211 12.6000000000
1314 12.8000000000
1417 13.0000000000
1518 13.2000000000
1626 13.4000000000
1727 13.6000000000
1732 13.6000000000
1827 13.8000000000
1868 13.8000000000
1927 14.0000000000
2028 14.2000000000
2139 14.4000000000
2243 14.6000000000
2345 14.8000000000
2448 15.0000000000
2551 15.2000000000
2653 15.4000000000
2762 15.6000000000
2863 15.8000000000
2979 16.0000000000
3083 16.2000000000
3187 16.4000000000
3288 16.6000000000
3390 16.8000000000
3493 17.0000000000
6999 17.2000000000
7105 17.4000000000
46523 17.4000000000
100450 16.8000000000
evaluations raw_y
1 6.2000000000
2 8.0000000000
3 8.2000000000
35 9.0000000000
74 9.0000000000
103 9.2000000000
135 10.0000000000
203 10.2000000000
308 10.4000000000
313 10.4000000000
408 10.6000000000
488 10.6000000000
508 10.8000000000
600 10.8000000000
608 11.0000000000
710 11.2000000000
817 11.4000000000
919 11.6000000000
1021 11.8000000000
1024 11.8000000000
1121 12.0000000000
1227 12.2000000000
1329 12.4000000000
1431 12.6000000000
1538 12.8000000000
1568 12.8000000000
1638 13.0000000000
1740 13.2000000000
1763 13.2000000000
1840 13.4000000000
1941 13.6000000000
2044 13.8000000000
2149 14.0000000000
2253 14.2000000000
2354 14.4000000000
2455 14.6000000000
2558 14.8000000000
2660 15.0000000000
2764 15.2000000000
2866 15.4000000000
2969 15.6000000000
3071 15.8000000000
3183 16.0000000000
3286 16.2000000000
3389 16.4000000000
3490 16.6000000000
15604 16.8000000000
18999 17.0000000000
19100 17.2000000000
60828 17.2000000000
60914 17.4000000000
61015 17.6000000000
103645 15.4000000000
evaluations raw_y
1 7.2000000000
12 7.4000000000
104 7.6000000000
170 8.4000000000
204 8.6000000000
273 9.4000000000
304 9.6000000000
393 9.6000000000
404 9.8000000000
500 9.8000000000
504 10.0000000000
606 10.2000000000
714 10.4000000000
815 10.6000000000
917 10.8000000000
1018 11.0000000000
1084 11.0000000000
1118 11.2000000000
1220 11.4000000000
1323 11.6000000000
1428 11.8000000000
1529 12.0000000000
1631 12.2000000000
1733 12.4000000000
1836 12.6000000000
1838 12.6000000000
1936 12.8000000000
2037 13.0000000000
2139 13.2000000000
2242 13.4000000000
2343 13.6000000000
2363 13.6000000000
2443 13.8000000000
2545 14.0000000000
2559 14.0000000000
2645 14.2000000000
2746 14.4000000000
2848 14.6000000000
2853 14.6000000000
2948 14.8000000000
3049 15.0000000000
3157 15.2000000000
3261 15.4000000000
3362 15.6000000000
3466 15.8000000000
3567 16.0000000000
3678 16.2000000000
3779 16.4000000000
3895 16.6000000000
3996 16.8000000000
27307 17.0000000000
59309 17.2000000000
59412 17.4000000000
59522 17.6000000000
101545 16.4000000000
evaluations raw_y
1 6.0000000000
2 7.6000000000
4 7.8000000000
32 8.6000000000
104 8.8000000000
167 9.6000000000
204 9.8000000000
283 10.6000000000
304 10.8000000000
395 11.6000000000
404 11.8000000000
505 12.0000000000
612 12.2000000000
716 12.4000000000
821 12.6000000000
824 12.6000000000
921 12.8000000000
1026 13.0000000000
1035 13.0000000000
1126 13.2000000000
1169 13.2000000000
1226 13.4000000000
1336 13.6000000000
1437 13.8000000000
1538 14.0000000000
1640 14.2000000000
1658 14.2000000000
1740 14.4000000000
1841 14.6000000000
1943 14.8000000000
1950 14.8000000000
2043 15.0000000000
2146 15.2000000000
2251 15.4000000000
2352 15.6000000000
2460 15.8000000000
2562 16.0000000000
2674 16.2000000000
2775 16.4000000000
2880 16.6000000000
2981 16.8000000000
3088 17.0000000000
3192 17.2000000000
17501 17.2000000000
17602 17.4000000000
102049 15.6000000000
evaluations raw_y
1 5.6000000000
3 6.0000000000
4 6.2000000000
6 7.0000000000
109 7.2000000000
139 8.0000000000
209 8.2000000000
279 9.0000000000
309 9.2000000000
411 9.4000000000
515 9.6000000000
589 9.6000000000
615 9.8000000000
695 9.8000000000
715 10.0000000000
819 10.2000000000
922 10.4000000000
1024 10.6000000000
1129 10.8000000000
1231 11.0000000000
1332 11.2000000000
1435 11.4000000000
1477 11.4000000000
1535 11.6000000000
1636 11.8000000000
1644 11.8000000000
1736 12.0000000000
1838 12.2000000000
1945 12.4000000000
1961 12.4000000000
2045 12.6000000000
2148 12.8000000000
2250 13.0000000000
2352 13.2000000000
2453 13.4000000000
2554 13.6000000000
2657 13.8000000000
2762 14.0000000000
2863 14.2000000000
2964 14.4000000000
3067 14.6000000000
3169 14.8000000000
3270 15.0000000000
3386 15.2000000000
3488 15.4000000000
3590 15.6000000000
3691 15.8000000000
3797 16.0000000000
3800 16.0000000000
3897 16.2000000000
3998 16.4000000000
4103 16.6000000000
15800 16.8000000000
15906 17.0000000000
22911 17.2000000000
90333 17.2000000000
90444 17.4000000000
101350 16.8000000000
evaluations raw_y
1 7.8000000000
112 8.0000000000
213 8.2000000000
215 9.0000000000
318 9.2000000000
330 10.0000000000
418 10.2000000000
482 10.2000000000
489 11.0000000000
518 11.2000000000
582 11.2000000000
618 11.4000000000
683 11.4000000000
718 11.6000000000
794 11.6000000000
818 11.8000000000
924 12.0000000000
1025 12.2000000000
1033 12.2000000000
1125 12.4000000000
1226 12.6000000000
1334 12.8000000000
1338 12.8000000000
1434 13.0000000000
1457 13.0000000000
1534 13.2000000000
1637 13.4000000000
1739 13.6000000000
1840 13.8000000000
1944 14.0000000000
2046 14.2000000000
2149 14.4000000000
2252 14.6000000000
2359 14.8000000000
2462 15.0000000000
2566 15.2000000000
2667 15.4000000000
2769 15.6000000000
2872 15.8000000000
2973 16.0000000000
3074 16.2000000000
3184 16.4000000000
3198 16.4000000000
3284 16.6000000000
3385 16.8000000000
3501 17.0000000000
35409 17.2000000000
59216 17.2000000000
59328 17.4000000000
70517 17.6000000000
101546 16.6000000000
evaluations raw_y
1 7.2000000000
20 7.2000000000
104 7.4000000000
144 8.2000000000
204 8.4000000000
250 9.2000000000
304 9.4000000000
353 10.2000000000
404 10.4000000000
468 10.4000000000
487 11.2000000000
504 11.4000000000
568 11.4000000000
604 11.6000000000
673 11.6000000000
704 11.8000000000
788 11.8000000000
804 12.0000000000
901 12.0000000000
904 12.2000000000
1006 12.4000000000
1064 12.4000000000
1106 12.6000000000
1207 12.8000000000
1308 13.0000000000
1410 13.2000000000
1516 13.4000000000
1617 13.6000000000
1730 13.8000000000
1833 14.0000000000
1934 14.2000000000
2038 14.4000000000
2140 14.6000000000
2241 14.8000000000
2358 15.0000000000
2462 15.2000000000
2565 15.4000000000
2666 15.6000000000
2775 15.8000000000
2876 16.0000000000
2979 16.2000000000
3081 16.4000000000
3190 16.6000000000
3291 16.8000000000
3394 17.0000000000
3495 17.2000000000
82626 17.4000000000
88914 17.4000000000
100437 16.6000000000
