"function evaluation" "current f(x)" "best-so-far f(x)" "current af(x)+b" "best af(x)+b"
1 0.0000000000 0.0000000000 0.0000000000 0.0000000000
125 1.0000000000 1.0000000000 1.0000000000 1.0000000000
209 3.0000000000 3.0000000000 3.0000000000 3.0000000000
276 8.0000000000 8.0000000000 8.0000000000 8.0000000000
476 11.0000000000 11.0000000000 11.0000000000 11.0000000000
619 13.0000000000 13.0000000000 13.0000000000 13.0000000000
791 16.0000000000 16.0000000000 16.0000000000 16.0000000000
892 18.0000000000 18.0000000000 18.0000000000 18.0000000000
958 19.0000000000 19.0000000000 19.0000000000 19.0000000000
1009 20.0000000000 20.0000000000 20.0000000000 20.0000000000
1081 22.0000000000 22.0000000000 22.0000000000 22.0000000000
1118 30.0000000000 30.0000000000 30.0000000000 30.0000000000
1197 31.0000000000 31.0000000000 31.0000000000 31.0000000000
1256 32.0000000000 32.0000000000 32.0000000000 32.0000000000
1529 33.0000000000 33.0000000000 33.0000000000 33.0000000000
1630 34.0000000000 34.0000000000 34.0000000000 34.0000000000
1646 36.0000000000 36.0000000000 36.0000000000 36.0000000000
1656 38.0000000000 38.0000000000 38.0000000000 38.0000000000
1796 39.0000000000 39.0000000000 39.0000000000 39.0000000000
1851 40.0000000000 40.0000000000 40.0000000000 40.0000000000
1869 41.0000000000 41.0000000000 41.0000000000 41.0000000000
1883 42.0000000000 42.0000000000 42.0000000000 42.0000000000
2408 43.0000000000 43.0000000000 43.0000000000 43.0000000000
2437 44.0000000000 44.0000000000 44.0000000000 44.0000000000
2702 45.0000000000 45.0000000000 45.0000000000 45.0000000000
2729 46.0000000000 46.0000000000 46.0000000000 46.0000000000
2769 48.0000000000 48.0000000000 48.0000000000 48.0000000000
2775 49.0000000000 49.0000000000 49.0000000000 49.0000000000
2981 51.0000000000 51.0000000000 51.0000000000 51.0000000000
3045 54.0000000000 54.0000000000 54.0000000000 54.0000000000
3261 57.0000000000 57.0000000000 57.0000000000 57.0000000000
3365 61.0000000000 61.0000000000 61.0000000000 61.0000000000
3384 63.0000000000 63.0000000000 63.0000000000 63.0000000000
3633 64.0000000000 64.0000000000 64.0000000000 64.0000000000
3657 65.0000000000 65.0000000000 65.0000000000 65.0000000000
3672 68.0000000000 68.0000000000 68.0000000000 68.0000000000
3737 70.0000000000 70.0000000000 70.0000000000 70.0000000000
3820 73.0000000000 73.0000000000 73.0000000000 73.0000000000
3887 75.0000000000 75.0000000000 75.0000000000 75.0000000000
3897 76.0000000000 76.0000000000 76.0000000000 76.0000000000
4024 77.0000000000 77.0000000000 77.0000000000 77.0000000000
4062 78.0000000000 78.0000000000 78.0000000000 78.0000000000
4081 79.0000000000 79.0000000000 79.0000000000 79.0000000000
4261 80.0000000000 80.0000000000 80.0000000000 80.0000000000
4278 81.0000000000 81.0000000000 81.0000000000 81.0000000000
4625 83.0000000000 83.0000000000 83.0000000000 83.0000000000
4709 85.0000000000 85.0000000000 85.0000000000 85.0000000000
4821 88.0000000000 88.0000000000 88.0000000000 88.0000000000
5068 90.0000000000 90.0000000000 90.0000000000 90.0000000000
5134 93.0000000000 93.0000000000 93.0000000000 93.0000000000
5143 94.0000000000 94.0000000000 94.0000000000 94.0000000000
5146 95.0000000000 95.0000000000 95.0000000000 95.0000000000
5151 96.0000000000 96.0000000000 96.0000000000 96.0000000000
5160 97.0000000000 97.0000000000 97.0000000000 97.0000000000
5195 98.0000000000 98.0000000000 98.0000000000 98.0000000000
5196 99.0000000000 99.0000000000 99.0000000000 99.0000000000
5244 100.0000000000 100.0000000000 100.0000000000 100.0000000000
100001 56.0000000000 100.0000000000 56.0000000000 100.0000000000
"function evaluation" "current f(x)" "best-so-far f(x)" "current af(x)+b" "best af(x)+b"
1 0.0000000000 0.0000000000 0.0000000000 0.0000000000
86 2.0000000000 2.0000000000 2.0000000000 2.0000000000
109 3.0000000000 3.0000000000 3.0000000000 3.0000000000
195 6.0000000000 6.0000000000 6.0000000000 6.0000000000
250 9.0000000000 9.0000000000 9.0000000000 9.0000000000
286 10.0000000000 10.0000000000 10.0000000000 10.0000000000
430 12.0000000000 12.0000000000 12.0000000000 12.0000000000
501 13.0000000000 13.0000000000 13.0000000000 13.0000000000
748 15.0000000000 15.0000000000 15.0000000000 15.0000000000
795 17.0000000000 17.0000000000 17.0000000000 17.0000000000
1184 18.0000000000 18.0000000000 18.0000000000 18.0000000000
1224 20.0000000000 20.0000000000 20.0000000000 20.0000000000
1231 22.0000000000 22.0000000000 22.0000000000 22.0000000000
1340 23.0000000000 23.0000000000 23.0000000000 23.0000000000
1406 24.0000000000 24.0000000000 24.0000000000 24.0000000000
1454 26.0000000000 26.0000000000 26.0000000000 26.0000000000
1539 27.0000000000 27.0000000000 27.0000000000 27.0000000000
1776 28.0000000000 28.0000000000 28.0000000000 28.0000000000
1897 30.0000000000 30.0000000000 30.0000000000 30.0000000000
2119 34.0000000000 34.0000000000 34.0000000000 34.0000000000
2177 36.0000000000 36.0000000000 36.0000000000 36.0000000000
2209 37.0000000000 37.0000000000 37.0000000000 37.0000000000
2358 40.0000000000 40.0000000000 40.0000000000 40.0000000000
2377 41.0000000000 41.0000000000 41.0000000000 41.0000000000
2390 42.0000000000 42.0000000000 42.0000000000 42.0000000000
2644 43.0000000000 43.0000000000 43.0000000000 43.0000000000
2833 44.0000000000 44.0000000000 44.0000000000 44.0000000000
2840 47.0000000000 47.0000000000 47.0000000000 47.0000000000
2883 48.0000000000 48.0000000000 48.0000000000 48.0000000000
2978 53.0000000000 53.0000000000 53.0000000000 53.0000000000
3000 54.0000000000 54.0000000000 54.0000000000 54.0000000000
3018 55.0000000000 55.0000000000 55.0000000000 55.0000000000
3048 57.0000000000 57.0000000000 57.0000000000 57.0000000000
3153 58.0000000000 58.0000000000 58.0000000000 58.0000000000
3251 60.0000000000 60.0000000000 60.0000000000 60.0000000000
3370 62.0000000000 62.0000000000 62.0000000000 62.0000000000
3381 63.0000000000 63.0000000000 63.0000000000 63.0000000000
3946 65.0000000000 65.0000000000 65.0000000000 65.0000000000
4106 66.0000000000 66.0000000000 66.0000000000 66.0000000000
4370 69.0000000000 69.0000000000 69.0000000000 69.0000000000
4453 70.0000000000 70.0000000000 70.0000000000 70.0000000000
4624 71.0000000000 71.0000000000 71.0000000000 71.0000000000
4826 72.0000000000 72.0000000000 72.0000000000 72.0000000000
4847 73.0000000000 73.0000000000 73.0000000000 73.0000000000
4898 76.0000000000 76.0000000000 76.0000000000 76.0000000000
4901 77.0000000000 77.0000000000 77.0000000000 77.0000000000
4918 78.0000000000 78.0000000000 78.0000000000 78.0000000000
5127 80.0000000000 80.0000000000 80.0000000000 80.0000000000
5149 81.0000000000 81.0000000000 81.0000000000 81.0000000000
5191 82.0000000000 82.0000000000 82.0000000000 82.0000000000
5450 86.0000000000 86.0000000000 86.0000000000 86.0000000000
5477 88.0000000000 88.0000000000 88.0000000000 88.0000000000
5479 90.0000000000 90.0000000000 90.0000000000 90.0000000000
5546 91.0000000000 91.0000000000 91.0000000000 91.0000000000
5556 92.0000000000 92.0000000000 92.0000000000 92.0000000000
5574 95.0000000000 95.0000000000 95.0000000000 95.0000000000
5904 98.0000000000 98.0000000000 98.0000000000 98.0000000000
6082 100.0000000000 100.0000000000 100.0000000000 100.0000000000
100001 5.0000000000 100.0000000000 5.0000000000 100.0000000000
"function evaluation" "current f(x)" "best-so-far f(x)" "current af(x)+b" "best af(x)+b"
1 0.0000000000 0.0000000000 0.0000000000 0.0000000000
146 2.0000000000 2.0000000000 2.0000000000 2.0000000000
699 3.0000000000 3.0000000000 3.0000000000 3.0000000000
728 4.0000000000 4.0000000000 4.0000000000 4.0000000000
752 15.0000000000 15.0000000000 15.0000000000 15.0000000000
983 16.0000000000 16.0000000000 16.0000000000 16.0000000000
1025 20.0000000000 20.0000000000 20.0000000000 20.0000000000
1027 21.0000000000 21.0000000000 21.0000000000 21.0000000000
1138 24.0000000000 24.0000000000 24.0000000000 24.0000000000
1162 25.0000000000 25.0000000000 25.0000000000 25.0000000000
1187 26.0000000000 26.0000000000 26.0000000000 26.0000000000
1231 27.0000000000 27.0000000000 27.0000000000 27.0000000000
1265 30.0000000000 30.0000000000 30.0000000000 30.0000000000
1320 33.0000000000 33.0000000000 33.0000000000 33.0000000000
1515 36.0000000000 36.0000000000 36.0000000000 36.0000000000
1571 37.0000000000 37.0000000000 37.0000000000 37.0000000000
1646 38.0000000000 38.0000000000 38.0000000000 38.0000000000
1709 41.0000000000 41.0000000000 41.0000000000 41.0000000000
1921 42.0000000000 42.0000000000 42.0000000000 42.0000000000
1978 44.0000000000 44.0000000000 44.0000000000 44.0000000000
1996 45.0000000000 45.0000000000 45.0000000000 45.0000000000
2195 48.0000000000 48.0000000000 48.0000000000 48.0000000000
2298 49.0000000000 49.0000000000 49.0000000000 49.0000000000
2468 51.0000000000 51.0000000000 51.0000000000 51.0000000000
2611 52.0000000000 52.0000000000 52.0000000000 52.0000000000
2693 54.0000000000 54.0000000000 54.0000000000 54.0000000000
2798 56.0000000000 56.0000000000 56.0000000000 56.0000000000
2833 57.0000000000 57.0000000000 57.0000000000 57.0000000000
2883 58.0000000000 58.0000000000 58.0000000000 58.0000000000
2989 65.0000000000 65.0000000000 65.0000000000 65.0000000000
3010 73.0000000000 73.0000000000 73.0000000000 73.0000000000
3179 74.0000000000 74.0000000000 74.0000000000 74.0000000000
3244 76.0000000000 76.0000000000 76.0000000000 76.0000000000
3279 77.0000000000 77.0000000000 77.0000000000 77.0000000000
3305 81.0000000000 81.0000000000 81.0000000000 81.0000000000
3442 82.0000000000 82.0000000000 82.0000000000 82.0000000000
3529 83.0000000000 83.0000000000 83.0000000000 83.0000000000
3550 84.0000000000 84.0000000000 84.0000000000 84.0000000000
3652 85.0000000000 85.0000000000 85.0000000000 85.0000000000
3713 87.0000000000 87.0000000000 87.0000000000 87.0000000000
3723 89.0000000000 89.0000000000 89.0000000000 89.0000000000
3781 91.0000000000 91.0000000000 91.0000000000 91.0000000000
4100 92.0000000000 92.0000000000 92.0000000000 92.0000000000
4132 94.0000000000 94.0000000000 94.0000000000 94.0000000000
4213 98.0000000000 98.0000000000 98.0000000000 98.0000000000
4321 100.0000000000 100.0000000000 100.0000000000 100.0000000000
100001 32.0000000000 100.0000000000 32.0000000000 100.0000000000
"function evaluation" "current f(x)" "best-so-far f(x)" "current af(x)+b" "best af(x)+b"
1 0.0000000000 0.0000000000 0.0000000000 0.0000000000
110 3.0000000000 3.0000000000 3.0000000000 3.0000000000
197 4.0000000000 4.0000000000 4.0000000000 4.0000000000
224 5.0000000000 5.0000000000 5.0000000000 5.0000000000
236 6.0000000000 6.0000000000 6.0000000000 6.0000000000
242 7.0000000000 7.0000000000 7.0000000000 7.0000000000
335 8.0000000000 8.0000000000 8.0000000000 8.0000000000
375 11.0000000000 11.0000000000 11.0000000000 11.0000000000
454 13.0000000000 13.0000000000 13.0000000000 13.0000000000
853 18.0000000000 18.0000000000 18.0000000000 18.0000000000
857 20.0000000000 20.0000000000 20.0000000000 20.0000000000
1079 21.0000000000 21.0000000000 21.0000000000 21.0000000000
1097 22.0000000000 22.0000000000 22.0000000000 22.0000000000
1138 24.0000000000 24.0000000000 24.0000000000 24.0000000000
1170 25.0000000000 25.0000000000 25.0000000000 25.0000000000
1176 26.0000000000 26.0000000000 26.0000000000 26.0000000000
1193 31.0000000000 31.0000000000 31.0000000000 31.0000000000
1250 33.0000000000 33.0000000000 33.0000000000 33.0000000000
1269 36.0000000000 36.0000000000 36.0000000000 36.0000000000
1395 37.0000000000 37.0000000000 37.0000000000 37.0000000000
1506 38.0000000000 38.0000000000 38.0000000000 38.0000000000
1524 43.0000000000 43.0000000000 43.0000000000 43.0000000000
1614 46.0000000000 46.0000000000 46.0000000000 46.0000000000
1644 47.0000000000 47.0000000000 47.0000000000 47.0000000000
1672 49.0000000000 49.0000000000 49.0000000000 49.0000000000
1697 50.0000000000 50.0000000000 50.0000000000 50.0000000000
1808 51.0000000000 51.0000000000 51.0000000000 51.0000000000
1814 52.0000000000 52.0000000000 52.0000000000 52.0000000000
2204 54.0000000000 54.0000000000 54.0000000000 54.0000000000
2524 56.0000000000 56.0000000000 56.0000000000 56.0000000000
2710 61.0000000000 61.0000000000 61.0000000000 61.0000000000
2856 62.0000000000 62.0000000000 62.0000000000 62.0000000000
2896 64.0000000000 64.0000000000 64.0000000000 64.0000000000
2989 65.0000000000 65.0000000000 65.0000000000 65.0000000000
3115 67.0000000000 67.0000000000 67.0000000000 67.0000000000
3358 68.0000000000 68.0000000000 68.0000000000 68.0000000000
3556 69.0000000000 69.0000000000 69.0000000000 69.0000000000
3869 73.0000000000 73.0000000000 73.0000000000 73.0000000000
3962 75.0000000000 75.0000000000 75.0000000000 75.0000000000
4020 76.0000000000 76.0000000000 76.0000000000 76.0000000000
4211 77.0000000000 77.0000000000 77.0000000000 77.0000000000
4225 79.0000000000 79.0000000000 79.0000000000 79.0000000000
4254 82.0000000000 82.0000000000 82.0000000000 82.0000000000
4288 84.0000000000 84.0000000000 84.0000000000 84.0000000000
4384 85.0000000000 85.0000000000 85.0000000000 85.0000000000
4389 86.0000000000 86.0000000000 86.0000000000 86.0000000000
4450 87.0000000000 87.0000000000 87.0000000000 87.0000000000
4619 88.0000000000 88.0000000000 88.0000000000 88.0000000000
4653 91.0000000000 91.0000000000 91.0000000000 91.0000000000
4673 92.0000000000 92.0000000000 92.0000000000 92.0000000000
4738 93.0000000000 93.0000000000 93.0000000000 93.0000000000
4895 94.0000000000 94.0000000000 94.0000000000 94.0000000000
4916 96.0000000000 96.0000000000 96.0000000000 96.0000000000
5147 100.0000000000 100.0000000000 100.0000000000 100.0000000000
100001 38.0000000000 100.0000000000 38.0000000000 100.0000000000
"function evaluation" "current f(x)" "best-so-far f(x)" "current af(x)+b" "best af(x)+b"
1 1.0000000000 1.0000000000 1.0000000000 1.0000000000
34 7.0000000000 7.0000000000 7.0000000000 7.0000000000
70 9.0000000000 9.0000000000 9.0000000000 9.0000000000
142 12.0000000000 12.0000000000 12.0000000000 12.0000000000
218 13.0000000000 13.0000000000 13.0000000000 13.0000000000
219 18.0000000000 18.0000000000 18.0000000000 18.0000000000
298 20.0000000000 20.0000000000 20.0000000000 20.0000000000
355 21.0000000000 21.0000000000 21.0000000000 21.0000000000
373 22.0000000000 22.0000000000 22.0000000000 22.0000000000
655 24.0000000000 24.0000000000 24.0000000000 24.0000000000
659 25.0000000000 25.0000000000 25.0000000000 25.0000000000
674 26.0000000000 26.0000000000 26.0000000000 26.0000000000
1045 28.0000000000 28.0000000000 28.0000000000 28.0000000000
1133 30.0000000000 30.0000000000 30.0000000000 30.0000000000
1232 34.0000000000 34.0000000000 34.0000000000 34.0000000000
1442 36.0000000000 36.0000000000 36.0000000000 36.0000000000
1605 37.0000000000 37.0000000000 37.0000000000 37.0000000000
1626 38.0000000000 38.0000000000 38.0000000000 38.0000000000
1637 39.0000000000 39.0000000000 39.0000000000 39.0000000000
1692 40.0000000000 40.0000000000 40.0000000000 40.0000000000
1968 41.0000000000 41.0000000000 41.0000000000 41.0000000000
1998 42.0000000000 42.0000000000 42.0000000000 42.0000000000
2150 44.0000000000 44.0000000000 44.0000000000 44.0000000000
2190 46.0000000000 46.0000000000 46.0000000000 46.0000000000
2254 48.0000000000 48.0000000000 48.0000000000 48.0000000000
2298 49.0000000000 49.0000000000 49.0000000000 49.0000000000
2540 51.0000000000 51.0000000000 51.0000000000 51.0000000000
2544 52.0000000000 52.0000000000 52.0000000000 52.0000000000
2665 54.0000000000 54.0000000000 54.0000000000 54.0000000000
2720 55.0000000000 55.0000000000 55.0000000000 55.0000000000
2927 56.0000000000 56.0000000000 56.0000000000 56.0000000000
3042 57.0000000000 57.0000000000 57.0000000000 57.0000000000
3088 59.0000000000 59.0000000000 59.0000000000 59.0000000000
3172 60.0000000000 60.0000000000 60.0000000000 60.0000000000
3184 62.0000000000 62.0000000000 62.0000000000 62.0000000000
3280 63.0000000000 63.0000000000 63.0000000000 63.0000000000
3446 73.0000000000 73.0000000000 73.0000000000 73.0000000000
3461 74.0000000000 74.0000000000 74.0000000000 74.0000000000
3509 75.0000000000 75.0000000000 75.0000000000 75.0000000000
3583 79.0000000000 79.0000000000 79.0000000000 79.0000000000
3587 81.0000000000 81.0000000000 81.0000000000 81.0000000000
3671 82.0000000000 82.0000000000 82.0000000000 82.0000000000
3867 83.0000000000 83.0000000000 83.0000000000 83.0000000000
3875 86.0000000000 86.0000000000 86.0000000000 86.0000000000
3992 88.0000000000 88.0000000000 88.0000000000 88.0000000000
4053 89.0000000000 89.0000000000 89.0000000000 89.0000000000
4126 90.0000000000 90.0000000000 90.0000000000 90.0000000000
4141 91.0000000000 91.0000000000 91.0000000000 91.0000000000
4171 94.0000000000 94.0000000000 94.0000000000 94.0000000000
4255 95.0000000000 95.0000000000 95.0000000000 95.0000000000
4324 97.0000000000 97.0000000000 97.0000000000 97.0000000000
4386 99.0000000000 99.0000000000 99.0000000000 99.0000000000
4416 100.0000000000 100.0000000000 100.0000000000 100.0000000000
100001 9.0000000000 100.0000000000 9.0000000000 100.0000000000
"function evaluation" "current f(x)" "best-so-far f(x)" "current af(x)+b" "best af(x)+b"
1 0.0000000000 0.0000000000 0.0000000000 0.0000000000
87 4.0000000000 4.0000000000 4.0000000000 4.0000000000
99 5.0000000000 5.0000000000 5.0000000000 5.0000000000
169 6.0000000000 6.0000000000 6.0000000000 6.0000000000
269 7.0000000000 7.0000000000 7.0000000000 7.0000000000
522 9.0000000000 9.0000000000 9.0000000000 9.0000000000
682 10.0000000000 10.0000000000 10.0000000000 10.0000000000
778 11.0000000000 11.0000000000 11.0000000000 11.0000000000
826 13.0000000000 13.0000000000 13.0000000000 13.0000000000
932 14.0000000000 14.0000000000 14.0000000000 14.0000000000
942 15.0000000000 15.0000000000 15.0000000000 15.0000000000
1412 17.0000000000 17.0000000000 17.0000000000 17.0000000000
1522 20.0000000000 20.0000000000 20.0000000000 20.0000000000
1721 21.0000000000 21.0000000000 21.0000000000 21.0000000000
1762 22.0000000000 22.0000000000 22.0000000000 22.0000000000
1929 23.0000000000 23.0000000000 23.0000000000 23.0000000000
1944 25.0000000000 25.0000000000 25.0000000000 25.0000000000
1979 26.0000000000 26.0000000000 26.0000000000 26.0000000000
2095 27.0000000000 27.0000000000 27.0000000000 27.0000000000
2271 29.0000000000 29.0000000000 29.0000000000 29.0000000000
2402 32.0000000000 32.0000000000 32.0000000000 32.0000000000
2470 33.0000000000 33.0000000000 33.0000000000 33.0000000000
2513 37.0000000000 37.0000000000 37.0000000000 37.0000000000
2663 38.0000000000 38.0000000000 38.0000000000 38.0000000000
2808 41.0000000000 41.0000000000 41.0000000000 41.0000000000
2960 43.0000000000 43.0000000000 43.0000000000 43.0000000000
2987 45.0000000000 45.0000000000 45.0000000000 45.0000000000
2996 46.0000000000 46.0000000000 46.0000000000 46.0000000000
3085 47.0000000000 47.0000000000 47.0000000000 47.0000000000
3311 49.0000000000 49.0000000000 49.0000000000 49.0000000000
3654 50.0000000000 50.0000000000 50.0000000000 50.0000000000
3768 51.0000000000 51.0000000000 51.0000000000 51.0000000000
3846 56.0000000000 56.0000000000 56.0000000000 56.0000000000
3871 63.0000000000 63.0000000000 63.0000000000 63.0000000000
3949 64.0000000000 64.0000000000 64.0000000000 64.0000000000
3987 65.0000000000 65.0000000000 65.0000000000 65.0000000000
4046 66.0000000000 66.0000000000 66.0000000000 66.0000000000
4048 67.0000000000 67.0000000000 67.0000000000 67.0000000000
4423 70.0000000000 70.0000000000 70.0000000000 70.0000000000
4433 71.0000000000 71.0000000000 71.0000000000 71.0000000000
4505 72.0000000000 72.0000000000 72.0000000000 72.0000000000
4513 73.0000000000 73.0000000000 73.0000000000 73.0000000000
4668 83.0000000000 83.0000000000 83.0000000000 83.0000000000
4708 84.0000000000 84.0000000000 84.0000000000 84.0000000000
4763 85.0000000000 85.0000000000 85.0000000000 85.0000000000
4798 86.0000000000 86.0000000000 86.0000000000 86.0000000000
4880 87.0000000000 87.0000000000 87.0000000000 87.0000000000
4940 89.0000000000 89.0000000000 89.0000000000 89.0000000000
5164 90.0000000000 90.0000000000 90.0000000000 90.0000000000
5308 91.0000000000 91.0000000000 91.0000000000 91.0000000000
5373 92.0000000000 92.0000000000 92.0000000000 92.0000000000
5408 97.0000000000 97.0000000000 97.0000000000 97.0000000000
5484 100.0000000000 100.0000000000 100.0000000000 100.0000000000
100001 68.0000000000 100.0000000000 68.0000000000 100.0000000000
"function evaluation" "current f(x)" "best-so-far f(x)" "current af(x)+b" "best af(x)+b"
1 0.0000000000 0.0000000000 0.0000000000 0.0000000000
27 3.0000000000 3.0000000000 3.0000000000 3.0000000000
101 8.0000000000 8.0000000000 8.0000000000 8.0000000000
119 9.0000000000 9.0000000000 9.0000000000 9.0000000000
158 13.0000000000 13.0000000000 13.0000000000 13.0000000000
188 16.0000000000 16.0000000000 16.0000000000 16.0000000000
376 20.0000000000 20.0000000000 20.0000000000 20.0000000000
606 21.0000000000 21.0000000000 21.0000000000 21.0000000000
641 23.0000000000 23.0000000000 23.0000000000 23.0000000000
701 24.0000000000 24.0000000000 24.0000000000 24.0000000000
853 25.0000000000 25.0000000000 25.0000000000 25.0000000000
1052 27.0000000000 27.0000000000 27.0000000000 27.0000000000
1114 30.0000000000 30.0000000000 30.0000000000 30.0000000000
1137 31.0000000000 31.0000000000 31.0000000000 31.0000000000
1331 32.0000000000 32.0000000000 32.0000000000 32.0000000000
1382 36.0000000000 36.0000000000 36.0000000000 36.0000000000
1477 41.0000000000 41.0000000000 41.0000000000 41.0000000000
1592 42.0000000000 42.0000000000 42.0000000000 42.0000000000
1911 43.0000000000 43.0000000000 43.0000000000 43.0000000000
1989 44.0000000000 44.0000000000 44.0000000000 44.0000000000
2105 45.0000000000 45.0000000000 45.0000000000 45.0000000000
2108 47.0000000000 47.0000000000 47.0000000000 47.0000000000
2285 48.0000000000 48.0000000000 48.0000000000 48.0000000000
2414 49.0000000000 49.0000000000 49.0000000000 49.0000000000
2443 52.0000000000 52.0000000000 52.0000000000 52.0000000000
2454 53.0000000000 53.0000000000 53.0000000000 53.0000000000
2479 54.0000000000 54.0000000000 54.0000000000 54.0000000000
2640 55.0000000000 55.0000000000 55.0000000000 55.0000000000
2764 56.0000000000 56.0000000000 56.0000000000 56.0000000000
2974 62.0000000000 62.0000000000 62.0000000000 62.0000000000
2997 63.0000000000 63.0000000000 63.0000000000 63.0000000000
3115 65.0000000000 65.0000000000 65.0000000000 65.0000000000
3177 66.0000000000 66.0000000000 66.0000000000 66.0000000000
3188 67.0000000000 67.0000000000 67.0000000000 67.0000000000
3198 70.0000000000 70.0000000000 70.0000000000 70.0000000000
3261 72.0000000000 72.0000000000 72.0000000000 72.0000000000
3282 73.0000000000 73.0000000000 73.0000000000 73.0000000000
3295 74.0000000000 74.0000000000 74.0000000000 74.0000000000
3305 75.0000000000 75.0000000000 75.0000000000 75.0000000000
3354 78.0000000000 78.0000000000 78.0000000000 78.0000000000
3673 80.0000000000 80.0000000000 80.0000000000 80.0000000000
3764 81.0000000000 81.0000000000 81.0000000000 81.0000000000
3825 82.0000000000 82.0000000000 82.0000000000 82.0000000000
4124 85.0000000000 85.0000000000 85.0000000000 85.0000000000
4209 86.0000000000 86.0000000000 86.0000000000 86.0000000000
4251 87.0000000000 87.0000000000 87.0000000000 87.0000000000
4413 90.0000000000 90.0000000000 90.0000000000 90.0000000000
4420 91.0000000000 91.0000000000 91.0000000000 91.0000000000
4688 94.0000000000 94.0000000000 94.0000000000 94.0000000000
4691 99.0000000000 99.0000000000 99.0000000000 99.0000000000
4704 100.0000000000 100.0000000000 100.0000000000 100.0000000000
100001 68.0000000000 100.0000000000 68.0000000000 100.0000000000
"function evaluation" "current f(x)" "best-so-far f(x)" "current af(x)+b" "best af(x)+b"
1 3.0000000000 3.0000000000 3.0000000000 3.0000000000
52 6.0000000000 6.0000000000 6.0000000000 6.0000000000
126 7.0000000000 7.0000000000 7.0000000000 7.0000000000
168 10.0000000000 10.0000000000 10.0000000000 10.0000000000
204 11.0000000000 11.0000000000 11.0000000000 11.0000000000
243 12.0000000000 12.0000000000 12.0000000000 12.0000000000
444 14.0000000000 14.0000000000 14.0000000000 14.0000000000
480 17.0000000000 17.0000000000 17.0000000000 17.0000000000
508 22.0000000000 22.0000000000 22.0000000000 22.0000000000
595 23.0000000000 23.0000000000 23.0000000000 23.0000000000
786 24.0000000000 24.0000000000 24.0000000000 24.0000000000
861 26.0000000000 26.0000000000 26.0000000000 26.0000000000
931 30.0000000000 30.0000000000 30.0000000000 30.0000000000
1002 32.0000000000 32.0000000000 32.0000000000 32.0000000000
1287 33.0000000000 33.0000000000 33.0000000000 33.0000000000
1391 37.0000000000 37.0000000000 37.0000000000 37.0000000000
1416 41.0000000000 41.0000000000 41.0000000000 41.0000000000
1526 42.0000000000 42.0000000000 42.0000000000 42.0000000000
1581 47.0000000000 47.0000000000 47.0000000000 47.0000000000
1669 50.0000000000 50.0000000000 50.0000000000 50.0000000000
1696 52.0000000000 52.0000000000 52.0000000000 52.0000000000
1705 55.0000000000 55.0000000000 55.0000000000 55.0000000000
1845 56.0000000000 56.0000000000 56.0000000000 56.0000000000
2123 57.0000000000 57.0000000000 57.0000000000 57.0000000000
2133 58.0000000000 58.0000000000 58.0000000000 58.0000000000
2174 61.0000000000 61.0000000000 61.0000000000 61.0000000000
2190 62.0000000000 62.0000000000 62.0000000000 62.0000000000
2361 63.0000000000 63.0000000000 63.0000000000 63.0000000000
2676 65.0000000000 65.0000000000 65.0000000000 65.0000000000
2772 66.0000000000 66.0000000000 66.0000000000 66.0000000000
2925 68.0000000000 68.0000000000 68.0000000000 68.0000000000
3236 71.0000000000 71.0000000000 71.0000000000 71.0000000000
3320 72.0000000000 72.0000000000 72.0000000000 72.0000000000
3600 74.0000000000 74.0000000000 74.0000000000 74.0000000000
3675 76.0000000000 76.0000000000 76.0000000000 76.0000000000
3790 79.0000000000 79.0000000000 79.0000000000 79.0000000000
3934 80.0000000000 80.0000000000 80.0000000000 80.0000000000
4069 81.0000000000 81.0000000000 81.0000000000 81.0000000000
4162 83.0000000000 83.0000000000 83.0000000000 83.0000000000
4216 84.0000000000 84.0000000000 84.0000000000 84.0000000000
4248 85.0000000000 85.0000000000 85.0000000000 85.0000000000
4357 86.0000000000 86.0000000000 86.0000000000 86.0000000000
4358 90.0000000000 90.0000000000 90.0000000000 90.0000000000
4390 91.0000000000 91.0000000000 91.0000000000 91.0000000000
4547 95.0000000000 95.0000000000 95.0000000000 95.0000000000
4554 96.0000000000 96.0000000000 96.0000000000 96.0000000000
4651 97.0000000000 97.0000000000 97.0000000000 97.0000000000
4727 98.0000000000 98.0000000000 98.0000000000 98.0000000000
4733 100.0000000000 100.0000000000 100.0000000000 100.0000000000
100001 25.0000000000 100.0000000000 25.0000000000 100.0000000000
"function evaluation" "current f(x)" "best-so-far f(x)" "current af(x)+b" "best af(x)+b"
1 1.0000000000 1.0000000000 1.0000000000 1.0000000000
158 2.0000000000 2.0000000000 2.0000000000 2.0000000000
440 7.0000000000 7.0000000000 7.0000000000 7.0000000000
664 9.0000000000 9.0000000000 9.0000000000 9.0000000000
667 13.0000000000 13.0000000000 13.0000000000 13.0000000000
717 17.0000000000 17.0000000000 17.0000000000 17.0000000000
740 18.0000000000 18.0000000000 18.0000000000 18.0000000000
873 21.0000000000 21.0000000000 21.0000000000 21.0000000000
1079 22.0000000000 22.0000000000 22.0000000000 22.0000000000
1104 23.0000000000 23.0000000000 23.0000000000 23.0000000000
1140 25.0000000000 25.0000000000 25.0000000000 25.0000000000
1163 29.0000000000 29.0000000000 29.0000000000 29.0000000000
1211 31.0000000000 31.0000000000 31.0000000000 31.0000000000
1256 32.0000000000 32.0000000000 32.0000000000 32.0000000000
1397 33.0000000000 33.0000000000 33.0000000000 33.0000000000
1429 34.0000000000 34.0000000000 34.0000000000 34.0000000000
1650 35.0000000000 35.0000000000 35.0000000000 35.0000000000
1937 36.0000000000 36.0000000000 36.0000000000 36.0000000000
1994 37.0000000000 37.0000000000 37.0000000000 37.0000000000
2021 38.0000000000 38.0000000000 38.0000000000 38.0000000000
2240 39.0000000000 39.0000000000 39.0000000000 39.0000000000
2307 40.0000000000 40.0000000000 40.0000000000 40.0000000000
2409 42.0000000000 42.0000000000 42.0000000000 42.0000000000
2666 43.0000000000 43.0000000000 43.0000000000 43.0000000000
2731 45.0000000000 45.0000000000 45.0000000000 45.0000000000
2750 46.0000000000 46.0000000000 46.0000000000 46.0000000000
2898 48.0000000000 48.0000000000 48.0000000000 48.0000000000
3082 51.0000000000 51.0000000000 51.0000000000 51.0000000000
3200 52.0000000000 52.0000000000 52.0000000000 52.0000000000
3260 54.0000000000 54.0000000000 54.0000000000 54.0000000000
3583 56.0000000000 56.0000000000 56.0000000000 56.0000000000
3605 59.0000000000 59.0000000000 59.0000000000 59.0000000000
3654 61.0000000000 61.0000000000 61.0000000000 61.0000000000
3733 64.0000000000 64.0000000000 64.0000000000 64.0000000000
4021 66.0000000000 66.0000000000 66.0000000000 66.0000000000
4311 69.0000000000 69.0000000000 69.0000000000 69.0000000000
4339 72.0000000000 72.0000000000 72.0000000000 72.0000000000
4352 74.0000000000 74.0000000000 74.0000000000 74.0000000000
4412 75.0000000000 75.0000000000 75.0000000000 75.0000000000
4476 77.0000000000 77.0000000000 77.0000000000 77.0000000000
4691 79.0000000000 79.0000000000 79.0000000000 79.0000000000
4716 81.0000000000 81.0000000000 81.0000000000 81.0000000000
4827 83.0000000000 83.0000000000 83.0000000000 83.0000000000
4847 85.0000000000 85.0000000000 85.0000000000 85.0000000000
4849 88.0000000000 88.0000000000 88.0000000000 88.0000000000
4874 89.0000000000 89.0000000000 89.0000000000 89.0000000000
5019 91.0000000000 91.0000000000 91.0000000000 91.0000000000
5093 94.0000000000 94.0000000000 94.0000000000 94.0000000000
5113 95.0000000000 95.0000000000 95.0000000000 95.0000000000
5257 97.0000000000 97.0000000000 97.0000000000 97.0000000000
5269 98.0000000000 98.0000000000 98.0000000000 98.0000000000
5356 100.0000000000 100.0000000000 100.0000000000 100.0000000000
100001 7.0000000000 100.0000000000 7.0000000000 100.0000000000
"function evaluation" "current f(x)" "best-so-far f(x)" "current af(x)+b" "best af(x)+b"
1 2.0000000000 2.0000000000 2.0000000000 2.0000000000
2 3.0000000000 3.0000000000 3.0000000000 3.0000000000
218 4.0000000000 4.0000000000 4.0000000000 4.0000000000
347 6.0000000000 6.0000000000 6.0000000000 6.0000000000
376 7.0000000000 7.0000000000 7.0000000000 7.0000000000
439 8.0000000000 8.0000000000 8.0000000000 8.0000000000
690 9.0000000000 9.0000000000 9.0000000000 9.0000000000
786 10.0000000000 10.0000000000 10.0000000000 10.0000000000
974 12.0000000000 12.0000000000 12.0000000000 12.0000000000
1175 13.0000000000 13.0000000000 13.0000000000 13.0000000000
1202 15.0000000000 15.0000000000 15.0000000000 15.0000000000
1938 21.0000000000 21.0000000000 21.0000000000 21.0000000000
2003 23.0000000000 23.0000000000 23.0000000000 23.0000000000
2524 26.0000000000 26.0000000000 26.0000000000 26.0000000000
2595 27.0000000000 27.0000000000 27.0000000000 27.0000000000
2697 28.0000000000 28.0000000000 28.0000000000 28.0000000000
2773 30.0000000000 30.0000000000 30.0000000000 30.0000000000
2866 32.0000000000 32.0000000000 32.0000000000 32.0000000000
2891 36.0000000000 36.0000000000 36.0000000000 36.0000000000
2917 38.0000000000 38.0000000000 38.0000000000 38.0000000000
3017 39.0000000000 39.0000000000 39.0000000000 39.0000000000
3123 40.0000000000 40.0000000000 40.0000000000 40.0000000000
3132 42.0000000000 42.0000000000 42.0000000000 42.0000000000
3177 43.0000000000 43.0000000000 43.0000000000 43.0000000000
3258 44.0000000000 44.0000000000 44.0000000000 44.0000000000
3423 47.0000000000 47.0000000000 47.0000000000 47.0000000000
3535 51.0000000000 51.0000000000 51.0000000000 51.0000000000
3583 52.0000000000 52.0000000000 52.0000000000 52.0000000000
3604 55.0000000000 55.0000000000 55.0000000000 55.0000000000
3648 56.0000000000 56.0000000000 56.0000000000 56.0000000000
3694 58.0000000000 58.0000000000 58.0000000000 58.0000000000
3790 60.0000000000 60.0000000000 60.0000000000 60.0000000000
3791 61.0000000000 61.0000000000 61.0000000000 61.0000000000
4255 63.0000000000 63.0000000000 63.0000000000 63.0000000000
4354 64.0000000000 64.0000000000 64.0000000000 64.0000000000
4412 66.0000000000 66.0000000000 66.0000000000 66.0000000000
4526 67.0000000000 67.0000000000 67.0000000000 67.0000000000
4529 68.0000000000 68.0000000000 68.0000000000 68.0000000000
4549 71.0000000000 71.0000000000 71.0000000000 71.0000000000
4596 73.0000000000 73.0000000000 73.0000000000 73.0000000000
4644 81.0000000000 81.0000000000 81.0000000000 81.0000000000
4733 84.0000000000 84.0000000000 84.0000000000 84.0000000000
4834 88.0000000000 88.0000000000 88.0000000000 88.0000000000
4866 91.0000000000 91.0000000000 91.0000000000 91.0000000000
4900 95.0000000000 95.0000000000 95.0000000000 95.0000000000
4977 96.0000000000 96.0000000000 96.0000000000 96.0000000000
5027 97.0000000000 97.0000000000 97.0000000000 97.0000000000
5228 99.0000000000 99.0000000000 99.0000000000 99.0000000000
5242 100.0000000000 100.0000000000 100.0000000000 100.0000000000
100001 0.0000000000 100.0000000000 0.0000000000 100.0000000000
