"function evaluation" "current f(x)" "best-so-far f(x)" "current af(x)+b" "best af(x)+b"
1 -0.4835523412 -0.4835523412 -0.4835523412 -0.4835523412
2 -0.4826243463 -0.4826243463 -0.4826243463 -0.4826243463
4 -0.4802415233 -0.4802415233 -0.4802415233 -0.4802415233
5 -0.4740768615 -0.4740768615 -0.4740768615 -0.4740768615
7 -0.4659774304 -0.4659774304 -0.4659774304 -0.4659774304
9 -0.4592871160 -0.4592871160 -0.4592871160 -0.4592871160
12 -0.4569230287 -0.4569230287 -0.4569230287 -0.4569230287
13 -0.4545604078 -0.4545604078 -0.4545604078 -0.4545604078
15 -0.4527574554 -0.4527574554 -0.4527574554 -0.4527574554
17 -0.4428354945 -0.4428354945 -0.4428354945 -0.4428354945
18 -0.4410641155 -0.4410641155 -0.4410641155 -0.4410641155
22 -0.4406243863 -0.4406243863 -0.4406243863 -0.4406243863
24 -0.4332473689 -0.4332473689 -0.4332473689 -0.4332473689
31 -0.4312757179 -0.4312757179 -0.4312757179 -0.4312757179
32 -0.4288543349 -0.4288543349 -0.4288543349 -0.4288543349
34 -0.4260325696 -0.4260325696 -0.4260325696 -0.4260325696
37 -0.4163121328 -0.4163121328 -0.4163121328 -0.4163121328
41 -0.4159641757 -0.4159641757 -0.4159641757 -0.4159641757
43 -0.4143152425 -0.4143152425 -0.4143152425 -0.4143152425
52 -0.4140491026 -0.4140491026 -0.4140491026 -0.4140491026
54 -0.4095047701 -0.4095047701 -0.4095047701 -0.4095047701
61 -0.4071777926 -0.4071777926 -0.4071777926 -0.4071777926
70 -0.4066079087 -0.4066079087 -0.4066079087 -0.4066079087
73 -0.3958452436 -0.3958452436 -0.3958452436 -0.3958452436
74 -0.3950829458 -0.3950829458 -0.3950829458 -0.3950829458
75 -0.3924288158 -0.3924288158 -0.3924288158 -0.3924288158
79 -0.3918122335 -0.3918122335 -0.3918122335 -0.3918122335
87 -0.3870388460 -0.3870388460 -0.3870388460 -0.3870388460
90 -0.3771205475 -0.3771205475 -0.3771205475 -0.3771205475
93 -0.3731732402 -0.3731732402 -0.3731732402 -0.3731732402
97 -0.3723120040 -0.3723120040 -0.3723120040 -0.3723120040
106 -0.3564193997 -0.3564193997 -0.3564193997 -0.3564193997
151 -0.3555910881 -0.3555910881 -0.3555910881 -0.3555910881
155 -0.3506595895 -0.3506595895 -0.3506595895 -0.3506595895
159 -0.3461457019 -0.3461457019 -0.3461457019 -0.3461457019
161 -0.3430529948 -0.3430529948 -0.3430529948 -0.3430529948
166 -0.3407452444 -0.3407452444 -0.3407452444 -0.3407452444
192 -0.3318660500 -0.3318660500 -0.3318660500 -0.3318660500
194 -0.3285406926 -0.3285406926 -0.3285406926 -0.3285406926
209 -0.3284836297 -0.3284836297 -0.3284836297 -0.3284836297
228 -0.3205042943 -0.3205042943 -0.3205042943 -0.3205042943
258 -0.3099080806 -0.3099080806 -0.3099080806 -0.3099080806
304 -0.3091062396 -0.3091062396 -0.3091062396 -0.3091062396
100001 -0.3114139900 -0.3091062396 -0.3114139900 -0.3091062396
"function evaluation" "current f(x)" "best-so-far f(x)" "current af(x)+b" "best af(x)+b"
1 -0.5113242784 -0.5113242784 -0.5113242784 -0.5113242784
3 -0.5093678150 -0.5093678150 -0.5093678150 -0.5093678150
6 -0.5021180061 -0.5021180061 -0.5021180061 -0.5021180061
7 -0.4977737855 -0.4977737855 -0.4977737855 -0.4977737855
16 -0.4969454739 -0.4969454739 -0.4969454739 -0.4969454739
22 -0.4949761328 -0.4949761328 -0.4949761328 -0.4949761328
23 -0.4876936503 -0.4876936503 -0.4876936503 -0.4876936503
31 -0.4801888967 -0.4801888967 -0.4801888967 -0.4801888967
32 -0.4778248093 -0.4778248093 -0.4778248093 -0.4778248093
34 -0.4773640106 -0.4773640106 -0.4773640106 -0.4773640106
43 -0.4755610582 -0.4755610582 -0.4755610582 -0.4755610582
47 -0.4706295596 -0.4706295596 -0.4706295596 -0.4706295596
49 -0.4665642948 -0.4665642948 -0.4665642948 -0.4665642948
50 -0.4634715876 -0.4634715876 -0.4634715876 -0.4634715876
51 -0.4560428510 -0.4560428510 -0.4560428510 -0.4560428510
52 -0.4536802301 -0.4536802301 -0.4536802301 -0.4536802301
60 -0.4502399409 -0.4502399409 -0.4502399409 -0.4502399409
61 -0.4495438901 -0.4495438901 -0.4495438901 -0.4495438901
65 -0.4481640970 -0.4481640970 -0.4481640970 -0.4481640970
67 -0.4384436602 -0.4384436602 -0.4384436602 -0.4384436602
70 -0.4302713821 -0.4302713821 -0.4302713821 -0.4302713821
72 -0.4252489998 -0.4252489998 -0.4252489998 -0.4252489998
82 -0.4242448675 -0.4242448675 -0.4242448675 -0.4242448675
83 -0.4140677529 -0.4140677529 -0.4140677529 -0.4140677529
88 -0.4090697125 -0.4090697125 -0.4090697125 -0.4090697125
91 -0.4026920691 -0.4026920691 -0.4026920691 -0.4026920691
93 -0.3983268834 -0.3983268834 -0.3983268834 -0.3983268834
94 -0.3950766626 -0.3950766626 -0.3950766626 -0.3950766626
106 -0.3944600803 -0.3944600803 -0.3944600803 -0.3944600803
109 -0.3808404547 -0.3808404547 -0.3808404547 -0.3808404547
121 -0.3787774218 -0.3787774218 -0.3787774218 -0.3787774218
127 -0.3737661979 -0.3737661979 -0.3737661979 -0.3737661979
164 -0.3698188906 -0.3698188906 -0.3698188906 -0.3698188906
166 -0.3679478714 -0.3679478714 -0.3679478714 -0.3679478714
170 -0.3674728480 -0.3674728480 -0.3674728480 -0.3674728480
175 -0.3671248910 -0.3671248910 -0.3671248910 -0.3671248910
178 -0.3621709024 -0.3621709024 -0.3621709024 -0.3621709024
182 -0.3614298851 -0.3614298851 -0.3614298851 -0.3614298851
192 -0.3588414012 -0.3588414012 -0.3588414012 -0.3588414012
193 -0.3553543436 -0.3553543436 -0.3553543436 -0.3553543436
201 -0.3553459585 -0.3553459585 -0.3553459585 -0.3553459585
202 -0.3504709521 -0.3504709521 -0.3504709521 -0.3504709521
203 -0.3461189709 -0.3461189709 -0.3461189709 -0.3461189709
208 -0.3454524945 -0.3454524945 -0.3454524945 -0.3454524945
212 -0.3345004040 -0.3345004040 -0.3345004040 -0.3345004040
223 -0.3301786724 -0.3301786724 -0.3301786724 -0.3301786724
231 -0.3291696606 -0.3291696606 -0.3291696606 -0.3291696606
240 -0.3200981150 -0.3200981150 -0.3200981150 -0.3200981150
248 -0.3188450114 -0.3188450114 -0.3188450114 -0.3188450114
258 -0.3170736324 -0.3170736324 -0.3170736324 -0.3170736324
276 -0.3158433422 -0.3158433422 -0.3158433422 -0.3158433422
279 -0.3131892122 -0.3131892122 -0.3131892122 -0.3131892122
417 -0.3125356471 -0.3125356471 -0.3125356471 -0.3125356471
100001 -0.3192340104 -0.3125356471 -0.3192340104 -0.3125356471
"function evaluation" "current f(x)" "best-so-far f(x)" "current af(x)+b" "best af(x)+b"
1 -0.5401109974 -0.5401109974 -0.5401109974 -0.5401109974
2 -0.5387904348 -0.5387904348 -0.5387904348 -0.5387904348
3 -0.5333673925 -0.5333673925 -0.5333673925 -0.5333673925
4 -0.5174747882 -0.5174747882 -0.5174747882 -0.5174747882
7 -0.5123164095 -0.5123164095 -0.5123164095 -0.5123164095
8 -0.5101112950 -0.5101112950 -0.5101112950 -0.5101112950
9 -0.5096272524 -0.5096272524 -0.5096272524 -0.5096272524
14 -0.5089689978 -0.5089689978 -0.5089689978 -0.5089689978
18 -0.5029278805 -0.5029278805 -0.5029278805 -0.5029278805
19 -0.5002873546 -0.5002873546 -0.5002873546 -0.5002873546
21 -0.4983419635 -0.4983419635 -0.4983419635 -0.4983419635
22 -0.4933439230 -0.4933439230 -0.4933439230 -0.4933439230
24 -0.4930123490 -0.4930123490 -0.4930123490 -0.4930123490
27 -0.4916540357 -0.4916540357 -0.4916540357 -0.4916540357
28 -0.4853372022 -0.4853372022 -0.4853372022 -0.4853372022
32 -0.4773340568 -0.4773340568 -0.4773340568 -0.4773340568
38 -0.4726733416 -0.4726733416 -0.4726733416 -0.4726733416
39 -0.4681773302 -0.4681773302 -0.4681773302 -0.4681773302
40 -0.4618892779 -0.4618892779 -0.4618892779 -0.4618892779
42 -0.4536398978 -0.4536398978 -0.4536398978 -0.4536398978
43 -0.4505922329 -0.4505922329 -0.4505922329 -0.4505922329
44 -0.4462402516 -0.4462402516 -0.4462402516 -0.4462402516
46 -0.4441015436 -0.4441015436 -0.4441015436 -0.4441015436
50 -0.4395410627 -0.4395410627 -0.4395410627 -0.4395410627
51 -0.4341421207 -0.4341421207 -0.4341421207 -0.4341421207
52 -0.4335776236 -0.4335776236 -0.4335776236 -0.4335776236
59 -0.4328815727 -0.4328815727 -0.4328815727 -0.4328815727
60 -0.4267169110 -0.4267169110 -0.4267169110 -0.4267169110
61 -0.4237331115 -0.4237331115 -0.4237331115 -0.4237331115
62 -0.4156336803 -0.4156336803 -0.4156336803 -0.4156336803
72 -0.4113119488 -0.4113119488 -0.4113119488 -0.4113119488
74 -0.4103029369 -0.4103029369 -0.4103029369 -0.4103029369
75 -0.4065814733 -0.4065814733 -0.4065814733 -0.4065814733
83 -0.4039273433 -0.4039273433 -0.4039273433 -0.4039273433
86 -0.3990265072 -0.3990265072 -0.3990265072 -0.3990265072
97 -0.3972551282 -0.3972551282 -0.3972551282 -0.3972551282
100 -0.3953714798 -0.3953714798 -0.3953714798 -0.3953714798
103 -0.3953220931 -0.3953220931 -0.3953220931 -0.3953220931
106 -0.3941296629 -0.3941296629 -0.3941296629 -0.3941296629
107 -0.3874312997 -0.3874312997 -0.3874312997 -0.3874312997
108 -0.3772541851 -0.3772541851 -0.3772541851 -0.3772541851
109 -0.3754300449 -0.3754300449 -0.3754300449 -0.3754300449
117 -0.3741895113 -0.3741895113 -0.3741895113 -0.3741895113
123 -0.3684914722 -0.3684914722 -0.3684914722 -0.3684914722
126 -0.3661273849 -0.3661273849 -0.3661273849 -0.3661273849
131 -0.3658033466 -0.3658033466 -0.3658033466 -0.3658033466
137 -0.3657200167 -0.3657200167 -0.3657200167 -0.3657200167
143 -0.3644897265 -0.3644897265 -0.3644897265 -0.3644897265
164 -0.3641780516 -0.3641780516 -0.3641780516 -0.3641780516
168 -0.3618154307 -0.3618154307 -0.3618154307 -0.3618154307
176 -0.3556112720 -0.3556112720 -0.3556112720 -0.3556112720
189 -0.3480902983 -0.3480902983 -0.3480902983 -0.3480902983
191 -0.3437251126 -0.3437251126 -0.3437251126 -0.3437251126
197 -0.3437167274 -0.3437167274 -0.3437167274 -0.3437167274
201 -0.3414089770 -0.3414089770 -0.3414089770 -0.3414089770
208 -0.3401481810 -0.3401481810 -0.3401481810 -0.3401481810
212 -0.3336965496 -0.3336965496 -0.3336965496 -0.3336965496
222 -0.3335292223 -0.3335292223 -0.3335292223 -0.3335292223
223 -0.3334028168 -0.3334028168 -0.3334028168 -0.3334028168
229 -0.3320786131 -0.3320786131 -0.3320786131 -0.3320786131
239 -0.3267589773 -0.3267589773 -0.3267589773 -0.3267589773
276 -0.3232962186 -0.3232962186 -0.3232962186 -0.3232962186
308 -0.3228160986 -0.3228160986 -0.3228160986 -0.3228160986
333 -0.3225099717 -0.3225099717 -0.3225099717 -0.3225099717
342 -0.3176651171 -0.3176651171 -0.3176651171 -0.3176651171
374 -0.3143397596 -0.3143397596 -0.3143397596 -0.3143397596
394 -0.3105756667 -0.3105756667 -0.3105756667 -0.3105756667
424 -0.3099590844 -0.3099590844 -0.3099590844 -0.3099590844
486 -0.3084281080 -0.3084281080 -0.3084281080 -0.3084281080
100001 -0.3148057513 -0.3084281080 -0.3148057513 -0.3084281080
"function evaluation" "current f(x)" "best-so-far f(x)" "current af(x)+b" "best af(x)+b"
1 -0.4904088625 -0.4904088625 -0.4904088625 -0.4904088625
3 -0.4856354750 -0.4856354750 -0.4856354750 -0.4856354750
6 -0.4833775451 -0.4833775451 -0.4833775451 -0.4833775451
9 -0.4728545465 -0.4728545465 -0.4728545465 -0.4728545465
10 -0.4662092213 -0.4662092213 -0.4662092213 -0.4662092213
19 -0.4644378423 -0.4644378423 -0.4644378423 -0.4644378423
32 -0.4644294572 -0.4644294572 -0.4644294572 -0.4644294572
33 -0.4595846025 -0.4595846025 -0.4595846025 -0.4595846025
35 -0.4573794881 -0.4573794881 -0.4573794881 -0.4573794881
39 -0.4550168672 -0.4550168672 -0.4550168672 -0.4550168672
41 -0.4524483790 -0.4524483790 -0.4524483790 -0.4524483790
42 -0.4467503400 -0.4467503400 -0.4467503400 -0.4467503400
44 -0.4388306598 -0.4388306598 -0.4388306598 -0.4388306598
47 -0.4351441010 -0.4351441010 -0.4351441010 -0.4351441010
48 -0.4336701065 -0.4336701065 -0.4336701065 -0.4336701065
52 -0.4282711645 -0.4282711645 -0.4282711645 -0.4282711645
53 -0.4219824661 -0.4219824661 -0.4219824661 -0.4219824661
57 -0.4207216701 -0.4207216701 -0.4207216701 -0.4207216701
64 -0.4166685890 -0.4166685890 -0.4166685890 -0.4166685890
67 -0.4086721561 -0.4086721561 -0.4086721561 -0.4086721561
73 -0.4037181675 -0.4037181675 -0.4037181675 -0.4037181675
83 -0.4031884248 -0.4031884248 -0.4031884248 -0.4031884248
102 -0.3985277096 -0.3985277096 -0.3985277096 -0.3985277096
110 -0.3954800446 -0.3954800446 -0.3954800446 -0.3954800446
112 -0.3916604872 -0.3916604872 -0.3916604872 -0.3916604872
118 -0.3899495917 -0.3899495917 -0.3899495917 -0.3899495917
123 -0.3884280534 -0.3884280534 -0.3884280534 -0.3884280534
124 -0.3866251009 -0.3866251009 -0.3866251009 -0.3866251009
125 -0.3855771397 -0.3855771397 -0.3855771397 -0.3855771397
130 -0.3843847096 -0.3843847096 -0.3843847096 -0.3843847096
131 -0.3836918583 -0.3836918583 -0.3836918583 -0.3836918583
132 -0.3748126639 -0.3748126639 -0.3748126639 -0.3748126639
135 -0.3602448401 -0.3602448401 -0.3602448401 -0.3602448401
139 -0.3554333087 -0.3554333087 -0.3554333087 -0.3554333087
144 -0.3527699331 -0.3527699331 -0.3527699331 -0.3527699331
153 -0.3521163680 -0.3521163680 -0.3521163680 -0.3521163680
154 -0.3511073562 -0.3511073562 -0.3511073562 -0.3511073562
159 -0.3507757821 -0.3507757821 -0.3507757821 -0.3507757821
169 -0.3495454920 -0.3495454920 -0.3495454920 -0.3495454920
178 -0.3487436510 -0.3487436510 -0.3487436510 -0.3487436510
180 -0.3464166735 -0.3464166735 -0.3464166735 -0.3464166735
187 -0.3429539148 -0.3429539148 -0.3429539148 -0.3429539148
218 -0.3372514306 -0.3372514306 -0.3372514306 -0.3372514306
231 -0.3362503902 -0.3362503902 -0.3362503902 -0.3362503902
240 -0.3300857285 -0.3300857285 -0.3300857285 -0.3300857285
284 -0.3260204636 -0.3260204636 -0.3260204636 -0.3260204636
287 -0.3255403436 -0.3255403436 -0.3255403436 -0.3255403436
307 -0.3224476365 -0.3224476365 -0.3224476365 -0.3224476365
414 -0.3135588277 -0.3135588277 -0.3135588277 -0.3135588277
576 -0.3126963167 -0.3126963167 -0.3126963167 -0.3126963167
628 -0.3024595242 -0.3024595242 -0.3024595242 -0.3024595242
670 -0.3005885049 -0.3005885049 -0.3005885049 -0.3005885049
100001 -0.3108233914 -0.3005885049 -0.3108233914 -0.3005885049
"function evaluation" "current f(x)" "best-so-far f(x)" "current af(x)+b" "best af(x)+b"
1 -0.4662030812 -0.4662030812 -0.4662030812 -0.4662030812
3 -0.4583654184 -0.4583654184 -0.4583654184 -0.4583654184
4 -0.4556991351 -0.4556991351 -0.4556991351 -0.4556991351
11 -0.4478863172 -0.4478863172 -0.4478863172 -0.4478863172
12 -0.4398637706 -0.4398637706 -0.4398637706 -0.4398637706
15 -0.4318606252 -0.4318606252 -0.4318606252 -0.4318606252
16 -0.4303390868 -0.4303390868 -0.4303390868 -0.4303390868
17 -0.4295980694 -0.4295980694 -0.4295980694 -0.4295980694
18 -0.4250537370 -0.4250537370 -0.4250537370 -0.4250537370
23 -0.4244371547 -0.4244371547 -0.4244371547 -0.4244371547
27 -0.4226130145 -0.4226130145 -0.4226130145 -0.4226130145
31 -0.4223068877 -0.4223068877 -0.4223068877 -0.4223068877
39 -0.4185427947 -0.4185427947 -0.4185427947 -0.4185427947
45 -0.4110048931 -0.4110048931 -0.4110048931 -0.4110048931
50 -0.4103513280 -0.4103513280 -0.4103513280 -0.4103513280
55 -0.4049881785 -0.4049881785 -0.4049881785 -0.4049881785
59 -0.3987840198 -0.3987840198 -0.3987840198 -0.3987840198
65 -0.3982069870 -0.3982069870 -0.3982069870 -0.3982069870
68 -0.3916003422 -0.3916003422 -0.3916003422 -0.3916003422
69 -0.3877367344 -0.3877367344 -0.3877367344 -0.3877367344
73 -0.3854289840 -0.3854289840 -0.3854289840 -0.3854289840
79 -0.3787386696 -0.3787386696 -0.3787386696 -0.3787386696
92 -0.3765999616 -0.3765999616 -0.3765999616 -0.3765999616
94 -0.3743948472 -0.3743948472 -0.3743948472 -0.3743948472
95 -0.3682561026 -0.3682561026 -0.3682561026 -0.3682561026
105 -0.3674542616 -0.3674542616 -0.3674542616 -0.3674542616
114 -0.3644704621 -0.3644704621 -0.3644704621 -0.3644704621
124 -0.3621078412 -0.3621078412 -0.3621078412 -0.3621078412
131 -0.3589249126 -0.3589249126 -0.3589249126 -0.3589249126
138 -0.3540800579 -0.3540800579 -0.3540800579 -0.3540800579
154 -0.3461007225 -0.3461007225 -0.3461007225 -0.3461007225
161 -0.3405553932 -0.3405553932 -0.3405553932 -0.3405553932
192 -0.3376221505 -0.3376221505 -0.3376221505 -0.3376221505
226 -0.3359112550 -0.3359112550 -0.3359112550 -0.3359112550
309 -0.3256744625 -0.3256744625 -0.3256744625 -0.3256744625
478 -0.3246734221 -0.3246734221 -0.3246734221 -0.3246734221
489 -0.3221113469 -0.3221113469 -0.3221113469 -0.3221113469
100001 -0.3309905413 -0.3221113469 -0.3309905413 -0.3221113469
"function evaluation" "current f(x)" "best-so-far f(x)" "current af(x)+b" "best af(x)+b"
1 -0.4872807884 -0.4872807884 -0.4872807884 -0.4872807884
4 -0.4821790754 -0.4821790754 -0.4821790754 -0.4821790754
8 -0.4816493327 -0.4816493327 -0.4816493327 -0.4816493327
9 -0.4772973515 -0.4772973515 -0.4772973515 -0.4772973515
14 -0.4716024324 -0.4716024324 -0.4716024324 -0.4716024324
17 -0.4702441191 -0.4702441191 -0.4702441191 -0.4702441191
34 -0.4629943101 -0.4629943101 -0.4629943101 -0.4629943101
36 -0.4579830862 -0.4579830862 -0.4579830862 -0.4579830862
38 -0.4557251563 -0.4557251563 -0.4557251563 -0.4557251563
40 -0.4514034248 -0.4514034248 -0.4514034248 -0.4514034248
41 -0.4407188435 -0.4407188435 -0.4407188435 -0.4407188435
45 -0.4366657624 -0.4366657624 -0.4366657624 -0.4366657624
48 -0.4323005767 -0.4323005767 -0.4323005767 -0.4323005767
49 -0.4269917007 -0.4269917007 -0.4269917007 -0.4269917007
50 -0.4269833156 -0.4269833156 -0.4269833156 -0.4269833156
54 -0.4250756585 -0.4250756585 -0.4250756585 -0.4250756585
57 -0.4238453683 -0.4238453683 -0.4238453683 -0.4238453683
59 -0.4220424159 -0.4220424159 -0.4220424159 -0.4220424159
63 -0.4217183777 -0.4217183777 -0.4217183777 -0.4217183777
64 -0.4154303254 -0.4154303254 -0.4154303254 -0.4154303254
74 -0.4115516959 -0.4115516959 -0.4115516959 -0.4115516959
83 -0.4092714724 -0.4092714724 -0.4092714724 -0.4092714724
89 -0.4069111422 -0.4069111422 -0.4069111422 -0.4069111422
94 -0.4008700249 -0.4008700249 -0.4008700249 -0.4008700249
98 -0.3994281164 -0.3994281164 -0.3994281164 -0.3994281164
99 -0.3961027589 -0.3961027589 -0.3961027589 -0.3961027589
108 -0.3885817853 -0.3885817853 -0.3885817853 -0.3885817853
110 -0.3871077907 -0.3871077907 -0.3871077907 -0.3871077907
111 -0.3859153606 -0.3859153606 -0.3859153606 -0.3859153606
113 -0.3761949237 -0.3761949237 -0.3761949237 -0.3761949237
119 -0.3714999962 -0.3714999962 -0.3714999962 -0.3714999962
123 -0.3708039454 -0.3708039454 -0.3708039454 -0.3708039454
135 -0.3701503803 -0.3701503803 -0.3701503803 -0.3701503803
138 -0.3667100911 -0.3667100911 -0.3667100911 -0.3667100911
139 -0.3659690737 -0.3659690737 -0.3659690737 -0.3659690737
144 -0.3603237950 -0.3603237950 -0.3603237950 -0.3603237950
152 -0.3572761300 -0.3572761300 -0.3572761300 -0.3572761300
168 -0.3527622424 -0.3527622424 -0.3527622424 -0.3527622424
175 -0.3436906968 -0.3436906968 -0.3436906968 -0.3436906968
193 -0.3356681502 -0.3356681502 -0.3356681502 -0.3356681502
198 -0.3314618056 -0.3314618056 -0.3314618056 -0.3314618056
203 -0.3301902973 -0.3301902973 -0.3301902973 -0.3301902973
224 -0.3239861386 -0.3239861386 -0.3239861386 -0.3239861386
230 -0.3186269428 -0.3186269428 -0.3186269428 -0.3186269428
405 -0.3106305099 -0.3106305099 -0.3106305099 -0.3106305099
100001 -0.3112840750 -0.3106305099 -0.3112840750 -0.3106305099
"function evaluation" "current f(x)" "best-so-far f(x)" "current af(x)+b" "best af(x)+b"
1 -0.5268830953 -0.5268830953 -0.5268830953 -0.5268830953
3 -0.5244452426 -0.5244452426 -0.5244452426 -0.5244452426
4 -0.5124544885 -0.5124544885 -0.5124544885 -0.5124544885
5 -0.5092042677 -0.5092042677 -0.5092042677 -0.5092042677
6 -0.5042510051 -0.5042510051 -0.5042510051 -0.5042510051
7 -0.5029304426 -0.5029304426 -0.5029304426 -0.5029304426
9 -0.5016631816 -0.5016631816 -0.5016631816 -0.5016631816
10 -0.4996001487 -0.4996001487 -0.4996001487 -0.4996001487
11 -0.4973422188 -0.4973422188 -0.4973422188 -0.4973422188
12 -0.4890928387 -0.4890928387 -0.4890928387 -0.4890928387
13 -0.4877458979 -0.4877458979 -0.4877458979 -0.4877458979
15 -0.4796526119 -0.4796526119 -0.4796526119 -0.4796526119
17 -0.4791724919 -0.4791724919 -0.4791724919 -0.4791724919
18 -0.4754510283 -0.4754510283 -0.4754510283 -0.4754510283
19 -0.4733382774 -0.4733382774 -0.4733382774 -0.4733382774
20 -0.4720637588 -0.4720637588 -0.4720637588 -0.4720637588
21 -0.4690800317 -0.4690800317 -0.4690800317 -0.4690800317
23 -0.4617975492 -0.4617975492 -0.4617975492 -0.4617975492
24 -0.4587048421 -0.4587048421 -0.4587048421 -0.4587048421
27 -0.4569018897 -0.4569018897 -0.4569018897 -0.4569018897
29 -0.4542477597 -0.4542477597 -0.4542477597 -0.4542477597
32 -0.4492365358 -0.4492365358 -0.4492365358 -0.4492365358
34 -0.4465465541 -0.4465465541 -0.4465465541 -0.4465465541
39 -0.4363097616 -0.4363097616 -0.4363097616 -0.4363097616
50 -0.4295735972 -0.4295735972 -0.4295735972 -0.4295735972
57 -0.4276686098 -0.4276686098 -0.4276686098 -0.4276686098
59 -0.4276115469 -0.4276115469 -0.4276115469 -0.4276115469
60 -0.4252489261 -0.4252489261 -0.4252489261 -0.4252489261
69 -0.4217693716 -0.4217693716 -0.4217693716 -0.4217693716
71 -0.4168943652 -0.4168943652 -0.4168943652 -0.4168943652
72 -0.4139013835 -0.4139013835 -0.4139013835 -0.4139013835
80 -0.4075237402 -0.4075237402 -0.4075237402 -0.4075237402
91 -0.4054370094 -0.4054370094 -0.4054370094 -0.4054370094
106 -0.3997345252 -0.3997345252 -0.3997345252 -0.3997345252
117 -0.3941891960 -0.3941891960 -0.3941891960 -0.3941891960
118 -0.3892653898 -0.3892653898 -0.3892653898 -0.3892653898
119 -0.3854856428 -0.3854856428 -0.3854856428 -0.3854856428
136 -0.3788403175 -0.3788403175 -0.3788403175 -0.3788403175
137 -0.3750440402 -0.3750440402 -0.3750440402 -0.3750440402
163 -0.3740429998 -0.3740429998 -0.3740429998 -0.3740429998
176 -0.3703564411 -0.3703564411 -0.3703564411 -0.3703564411
184 -0.3690956451 -0.3690956451 -0.3690956451 -0.3690956451
186 -0.3684291687 -0.3684291687 -0.3684291687 -0.3684291687
227 -0.3582520541 -0.3582520541 -0.3582520541 -0.3582520541
231 -0.3564158149 -0.3564158149 -0.3564158149 -0.3564158149
234 -0.3549237870 -0.3549237870 -0.3549237870 -0.3549237870
250 -0.3514834978 -0.3514834978 -0.3514834978 -0.3514834978
251 -0.3509136138 -0.3509136138 -0.3509136138 -0.3509136138
275 -0.3452155748 -0.3452155748 -0.3452155748 -0.3452155748
287 -0.3403020054 -0.3403020054 -0.3403020054 -0.3403020054
298 -0.3327641037 -0.3327641037 -0.3327641037 -0.3327641037
306 -0.3265994420 -0.3265994420 -0.3265994420 -0.3265994420
341 -0.3233413148 -0.3233413148 -0.3233413148 -0.3233413148
360 -0.3200159573 -0.3200159573 -0.3200159573 -0.3200159573
362 -0.3192749400 -0.3192749400 -0.3192749400 -0.3192749400
367 -0.3182659281 -0.3182659281 -0.3182659281 -0.3182659281
373 -0.3182575430 -0.3182575430 -0.3182575430 -0.3182575430
476 -0.3170272528 -0.3170272528 -0.3170272528 -0.3170272528
100001 -0.3235525231 -0.3170272528 -0.3235525231 -0.3170272528
"function evaluation" "current f(x)" "best-so-far f(x)" "current af(x)+b" "best af(x)+b"
1 -0.4830679800 -0.4830679800 -0.4830679800 -0.4830679800
2 -0.4808070460 -0.4808070460 -0.4808070460 -0.4808070460
3 -0.4764853144 -0.4764853144 -0.4764853144 -0.4764853144
9 -0.4761373574 -0.4761373574 -0.4761373574 -0.4761373574
10 -0.4602754977 -0.4602754977 -0.4602754977 -0.4602754977
15 -0.4503571992 -0.4503571992 -0.4503571992 -0.4503571992
17 -0.4421078191 -0.4421078191 -0.4421078191 -0.4421078191
19 -0.4377635985 -0.4377635985 -0.4377635985 -0.4377635985
20 -0.4360527030 -0.4360527030 -0.4360527030 -0.4360527030
23 -0.4321740735 -0.4321740735 -0.4321740735 -0.4321740735
24 -0.4301110406 -0.4301110406 -0.4301110406 -0.4301110406
30 -0.4275618542 -0.4275618542 -0.4275618542 -0.4275618542
31 -0.4260878596 -0.4260878596 -0.4260878596 -0.4260878596
36 -0.4248205987 -0.4248205987 -0.4248205987 -0.4248205987
38 -0.4199455923 -0.4199455923 -0.4199455923 -0.4199455923
40 -0.4186740840 -0.4186740840 -0.4186740840 -0.4186740840
41 -0.4113916015 -0.4113916015 -0.4113916015 -0.4113916015
43 -0.4091121531 -0.4091121531 -0.4091121531 -0.4091121531
48 -0.4033945159 -0.4033945159 -0.4033945159 -0.4033945159
50 -0.4000691585 -0.4000691585 -0.4000691585 -0.4000691585
62 -0.3955248260 -0.3955248260 -0.3955248260 -0.3955248260
63 -0.3948287752 -0.3948287752 -0.3948287752 -0.3948287752
64 -0.3944869461 -0.3944869461 -0.3944869461 -0.3944869461
74 -0.3847736891 -0.3847736891 -0.3847736891 -0.3847736891
82 -0.3747439729 -0.3747439729 -0.3747439729 -0.3747439729
84 -0.3658647785 -0.3658647785 -0.3658647785 -0.3658647785
88 -0.3619332156 -0.3619332156 -0.3619332156 -0.3619332156
97 -0.3612796506 -0.3612796506 -0.3612796506 -0.3612796506
105 -0.3591376690 -0.3591376690 -0.3591376690 -0.3591376690
109 -0.3583595774 -0.3583595774 -0.3583595774 -0.3583595774
114 -0.3538456898 -0.3538456898 -0.3538456898 -0.3538456898
123 -0.3535141157 -0.3535141157 -0.3535141157 -0.3535141157
129 -0.3513090013 -0.3513090013 -0.3513090013 -0.3513090013
132 -0.3446106381 -0.3446106381 -0.3446106381 -0.3446106381
134 -0.3396566495 -0.3396566495 -0.3396566495 -0.3396566495
142 -0.3378536971 -0.3378536971 -0.3378536971 -0.3378536971
144 -0.3376467875 -0.3376467875 -0.3376467875 -0.3376467875
155 -0.3368449465 -0.3368449465 -0.3368449465 -0.3368449465
160 -0.3358439062 -0.3358439062 -0.3358439062 -0.3358439062
184 -0.3301414220 -0.3301414220 -0.3301414220 -0.3301414220
200 -0.3294749456 -0.3294749456 -0.3294749456 -0.3294749456
205 -0.3241553098 -0.3241553098 -0.3241553098 -0.3241553098
222 -0.3211623281 -0.3211623281 -0.3211623281 -0.3211623281
228 -0.3207476827 -0.3207476827 -0.3207476827 -0.3207476827
249 -0.3202675627 -0.3202675627 -0.3202675627 -0.3202675627
275 -0.3192585508 -0.3192585508 -0.3192585508 -0.3192585508
278 -0.3117206491 -0.3117206491 -0.3117206491 -0.3117206491
327 -0.3104903590 -0.3104903590 -0.3104903590 -0.3104903590
531 -0.3092498253 -0.3092498253 -0.3092498253 -0.3092498253
739 -0.3086332431 -0.3086332431 -0.3086332431 -0.3086332431
100001 -0.3118913703 -0.3086332431 -0.3118913703 -0.3086332431
"function evaluation" "current f(x)" "best-so-far f(x)" "current af(x)+b" "best af(x)+b"
1 -0.5151104859 -0.5151104859 -0.5151104859 -0.5151104859
2 -0.5085852156 -0.5085852156 -0.5085852156 -0.5085852156
3 -0.5051224569 -0.5051224569 -0.5051224569 -0.5051224569
5 -0.4988802633 -0.4988802633 -0.4988802633 -0.4988802633
6 -0.4920952374 -0.4920952374 -0.4920952374 -0.4920952374
9 -0.4848127549 -0.4848127549 -0.4848127549 -0.4848127549
10 -0.4826109361 -0.4826109361 -0.4826109361 -0.4826109361
11 -0.4785379921 -0.4785379921 -0.4785379921 -0.4785379921
12 -0.4762585437 -0.4762585437 -0.4762585437 -0.4762585437
14 -0.4643406734 -0.4643406734 -0.4643406734 -0.4643406734
18 -0.4642356333 -0.4642356333 -0.4642356333 -0.4642356333
20 -0.4563866985 -0.4563866985 -0.4563866985 -0.4563866985
22 -0.4487075063 -0.4487075063 -0.4487075063 -0.4487075063
23 -0.4480492518 -0.4480492518 -0.4480492518 -0.4480492518
24 -0.4459072701 -0.4459072701 -0.4459072701 -0.4459072701
27 -0.4432045148 -0.4432045148 -0.4432045148 -0.4432045148
36 -0.4399542940 -0.4399542940 -0.4399542940 -0.4399542940
38 -0.4391524530 -0.4391524530 -0.4391524530 -0.4391524530
41 -0.4330222506 -0.4330222506 -0.4330222506 -0.4330222506
50 -0.4286570649 -0.4286570649 -0.4286570649 -0.4286570649
51 -0.4268208257 -0.4268208257 -0.4268208257 -0.4268208257
54 -0.4263810965 -0.4263810965 -0.4263810965 -0.4263810965
57 -0.4165977473 -0.4165977473 -0.4165977473 -0.4165977473
65 -0.4111747050 -0.4111747050 -0.4111747050 -0.4111747050
66 -0.4062214425 -0.4062214425 -0.4062214425 -0.4062214425
69 -0.4049606465 -0.4049606465 -0.4049606465 -0.4049606465
76 -0.4041323349 -0.4041323349 -0.4041323349 -0.4041323349
77 -0.4038007609 -0.4038007609 -0.4038007609 -0.4038007609
85 -0.3984158822 -0.3984158822 -0.3984158822 -0.3984158822
94 -0.3920990487 -0.3920990487 -0.3920990487 -0.3920990487
97 -0.3895105648 -0.3895105648 -0.3895105648 -0.3895105648
99 -0.3888939825 -0.3888939825 -0.3888939825 -0.3888939825
101 -0.3875697788 -0.3875697788 -0.3875697788 -0.3875697788
103 -0.3757776240 -0.3757776240 -0.3757776240 -0.3757776240
109 -0.3668984296 -0.3668984296 -0.3668984296 -0.3668984296
121 -0.3607337679 -0.3607337679 -0.3607337679 -0.3607337679
127 -0.3606073624 -0.3606073624 -0.3606073624 -0.3606073624
143 -0.3534895065 -0.3534895065 -0.3534895065 -0.3534895065
144 -0.3481698707 -0.3481698707 -0.3481698707 -0.3481698707
146 -0.3456077955 -0.3456077955 -0.3456077955 -0.3456077955
147 -0.3429536655 -0.3429536655 -0.3429536655 -0.3429536655
154 -0.3355766481 -0.3355766481 -0.3355766481 -0.3355766481
155 -0.3270626256 -0.3270626256 -0.3270626256 -0.3270626256
158 -0.3210170960 -0.3210170960 -0.3210170960 -0.3210170960
183 -0.3130206631 -0.3130206631 -0.3130206631 -0.3130206631
199 -0.3117001005 -0.3117001005 -0.3117001005 -0.3117001005
240 -0.3041621988 -0.3041621988 -0.3041621988 -0.3041621988
347 -0.3029697687 -0.3029697687 -0.3029697687 -0.3029697687
414 -0.3024896487 -0.3024896487 -0.3024896487 -0.3024896487
735 -0.3006186294 -0.3006186294 -0.3006186294 -0.3006186294
100001 -0.3024896487 -0.3006186294 -0.3024896487 -0.3006186294
"function evaluation" "current f(x)" "best-so-far f(x)" "current af(x)+b" "best af(x)+b"
1 -0.5208534648 -0.5208534648 -0.5208534648 -0.5208534648
4 -0.5176032440 -0.5176032440 -0.5176032440 -0.5176032440
6 -0.5073082358 -0.5073082358 -0.5073082358 -0.5073082358
9 -0.4987942134 -0.4987942134 -0.4987942134 -0.4987942134
15 -0.4879765132 -0.4879765132 -0.4879765132 -0.4879765132
16 -0.4871984216 -0.4871984216 -0.4871984216 -0.4871984216
17 -0.4859681315 -0.4859681315 -0.4859681315 -0.4859681315
19 -0.4820895020 -0.4820895020 -0.4820895020 -0.4820895020
20 -0.4760439724 -0.4760439724 -0.4760439724 -0.4760439724
21 -0.4721803645 -0.4721803645 -0.4721803645 -0.4721803645
26 -0.4641839316 -0.4641839316 -0.4641839316 -0.4641839316
27 -0.4592830955 -0.4592830955 -0.4592830955 -0.4592830955
30 -0.4535806113 -0.4535806113 -0.4535806113 -0.4535806113
31 -0.4482609755 -0.4482609755 -0.4482609755 -0.4482609755
32 -0.4442078944 -0.4442078944 -0.4442078944 -0.4442078944
34 -0.4433453834 -0.4433453834 -0.4433453834 -0.4433453834
38 -0.4313546293 -0.4313546293 -0.4313546293 -0.4313546293
40 -0.4260457533 -0.4260457533 -0.4260457533 -0.4260457533
44 -0.4241697148 -0.4241697148 -0.4241697148 -0.4241697148
47 -0.4191584910 -0.4191584910 -0.4191584910 -0.4191584910
51 -0.4162252483 -0.4162252483 -0.4162252483 -0.4162252483
53 -0.4120170238 -0.4120170238 -0.4120170238 -0.4120170238
56 -0.4110796381 -0.4110796381 -0.4110796381 -0.4110796381
59 -0.4102513265 -0.4102513265 -0.4102513265 -0.4102513265
60 -0.4097763032 -0.4097763032 -0.4097763032 -0.4097763032
65 -0.4094522649 -0.4094522649 -0.4094522649 -0.4094522649
70 -0.4013589789 -0.4013589789 -0.4013589789 -0.4013589789
77 -0.3974116716 -0.3974116716 -0.3974116716 -0.3974116716
89 -0.3968417876 -0.3968417876 -0.3968417876 -0.3968417876
90 -0.3935164302 -0.3935164302 -0.3935164302 -0.3935164302
109 -0.3862339477 -0.3862339477 -0.3862339477 -0.3862339477
110 -0.3750881588 -0.3750881588 -0.3750881588 -0.3750881588
122 -0.3728830444 -0.3728830444 -0.3728830444 -0.3728830444
124 -0.3626462519 -0.3626462519 -0.3626462519 -0.3626462519
129 -0.3548085891 -0.3548085891 -0.3548085891 -0.3548085891
144 -0.3533345946 -0.3533345946 -0.3533345946 -0.3533345946
151 -0.3483806060 -0.3483806060 -0.3483806060 -0.3483806060
166 -0.3435690746 -0.3435690746 -0.3435690746 -0.3435690746
168 -0.3420475362 -0.3420475362 -0.3420475362 -0.3420475362
170 -0.3340682007 -0.3340682007 -0.3340682007 -0.3340682007
184 -0.3305907094 -0.3305907094 -0.3305907094 -0.3305907094
213 -0.3305823242 -0.3305823242 -0.3305823242 -0.3305823242
255 -0.3230613505 -0.3230613505 -0.3230613505 -0.3230613505
299 -0.3206987297 -0.3206987297 -0.3206987297 -0.3206987297
357 -0.3180445996 -0.3180445996 -0.3180445996 -0.3180445996
404 -0.3157368492 -0.3157368492 -0.3157368492 -0.3157368492
100001 -0.3214393334 -0.3157368492 -0.3214393334 -0.3157368492
