evaluations raw_y
1 -0.5154418062
2 -0.4862204750
5 -0.4653551316
429 -0.4156225201
1627 -0.4067634029
1995 -0.3972868632
2381 -0.3934009436
2797 -0.3932643875
2801 -0.3857713716
2807 -0.3786031718
3181 -0.3731093283
3203 -0.3722523246
3605 -0.3701040439
3973 -0.3698060128
4003 -0.3695475156
4365 -0.3694571771
4373 -0.3681513989
4763 -0.3671479547
4795 -0.3633824040
5545 -0.3502993757
6341 -0.3449488878
6733 -0.3406746116
7147 -0.3394770181
7169 -0.3366408440
7535 -0.3334670645
7557 -0.3333993224
7563 -0.3309428049
7921 -0.3297619578
8323 -0.3277759352
8329 -0.3244638185
8355 -0.3224551740
8727 -0.3204487913
8755 -0.3182559844
9543 -0.3134736247
10711 -0.3079255439
12311 -0.3076730480
13097 -0.3053058308
14685 -0.3046097799
15483 -0.3045648134
16275 -0.3043247717
18233 -0.3040259373
19841 -0.3038767051
20593 -0.3026464149
21817 -0.3026051968
22191 -0.3008434625
22597 -0.3000811648
25757 -0.2999165580
34059 -0.2986440966
38443 -0.2985870338
40819 -0.2973155254
100188 -0.3148039307
evaluations raw_y
1 -0.5045271120
2 -0.4909531104
4 -0.4743646228
5 -0.4683049620
35 -0.4522068459
407 -0.4330303856
811 -0.4304820523
1193 -0.4302735640
1593 -0.4194817403
2003 -0.4180200432
2403 -0.4178806037
2413 -0.4099547481
2773 -0.4036264092
3205 -0.3972188084
3565 -0.3963497053
3599 -0.3950962759
3961 -0.3914586234
3987 -0.3896490267
4377 -0.3757250187
4753 -0.3717028598
4785 -0.3687139689
5163 -0.3679121279
5549 -0.3645785567
5941 -0.3641204430
5945 -0.3574392372
7951 -0.3568207476
8321 -0.3545758001
8717 -0.3513168820
8735 -0.3511253085
8749 -0.3510006737
9119 -0.3490690229
9123 -0.3483067252
9507 -0.3462199944
9509 -0.3438577833
9543 -0.3433527366
9905 -0.3412660058
10311 -0.3403609019
11125 -0.3395590609
11513 -0.3367223722
11903 -0.3360688071
11907 -0.3349194198
11913 -0.3341175788
12279 -0.3317914636
13071 -0.3316669370
13087 -0.3272775760
13899 -0.3269799321
14675 -0.3246624680
15081 -0.3231196096
15845 -0.3199774306
20993 -0.3192171291
22595 -0.3191600663
25377 -0.3190102196
26555 -0.3171715347
27761 -0.3170451292
28527 -0.3159183844
28913 -0.3132868541
31703 -0.3127169702
32497 -0.3111151806
32887 -0.3103528828
34489 -0.3100054075
34849 -0.3098319624
35255 -0.3093518424
41621 -0.3092947796
42377 -0.3086865825
44773 -0.3085601770
47563 -0.3032405412
61385 -0.3032321561
100188 -0.3169835653
evaluations raw_y
1 -0.5091188567
8 -0.4998548784
12 -0.4988080823
17 -0.4924889374
18 -0.4847769988
22 -0.4766330993
43 -0.4765990470
401 -0.4729046919
405 -0.4661132588
426 -0.4617544878
799 -0.4307114978
2419 -0.4279088857
2775 -0.4248018421
2783 -0.4246072542
2785 -0.4144672780
2797 -0.4070267332
2805 -0.4068451445
3173 -0.4063049772
3189 -0.4006844662
3201 -0.3895472101
3593 -0.3889275190
3597 -0.3841215067
3971 -0.3760416862
4771 -0.3744186508
5153 -0.3714215425
5181 -0.3696341818
5575 -0.3693540081
5949 -0.3662313581
5963 -0.3647857314
6375 -0.3626074437
6737 -0.3546281083
6767 -0.3531731129
7129 -0.3512895066
7149 -0.3489037649
7957 -0.3482248587
8327 -0.3479563806
8339 -0.3471113745
8349 -0.3470988212
8715 -0.3451004425
8751 -0.3439828495
9131 -0.3429365294
9135 -0.3398609684
9933 -0.3384226418
10319 -0.3352692363
10339 -0.3337659211
11121 -0.3319731842
11127 -0.3311117911
11129 -0.3307854749
11489 -0.3281313449
11889 -0.3265819713
12279 -0.3260120874
12295 -0.3242193505
12313 -0.3231868239
13487 -0.3208242031
13881 -0.3202543191
14299 -0.3191137929
15865 -0.3145562801
16649 -0.3140761600
23369 -0.3128088991
24989 -0.3121484929
25347 -0.3117050144
25369 -0.3115786089
25745 -0.3108005174
26929 -0.3107350694
27351 -0.3054808815
28909 -0.3054724964
49519 -0.3054154336
52281 -0.3034122275
53465 -0.3033551647
100188 -0.5394113109
evaluations raw_y
1 -0.5036141759
2 -0.4750806732
3 -0.4599301877
25 -0.4584740538
29 -0.4529929774
397 -0.4389054140
407 -0.4379197260
795 -0.4356598766
817 -0.4346926485
821 -0.4288693301
1191 -0.4264140761
1209 -0.3940167147
1983 -0.3893730614
2019 -0.3878011929
2407 -0.3807869913
2783 -0.3798640251
2797 -0.3772852746
3177 -0.3755385184
3211 -0.3730422889
3579 -0.3658137720
3979 -0.3644783917
3985 -0.3633650134
4359 -0.3604752563
4389 -0.3603985868
4765 -0.3553219604
5157 -0.3521515822
5977 -0.3431161427
6769 -0.3403134046
7161 -0.3397779113
7551 -0.3352640237
8331 -0.3339907623
8333 -0.3286288596
8739 -0.3261024946
9119 -0.3233916481
9525 -0.3213477696
10311 -0.3178237185
10333 -0.3176412691
10703 -0.3160901990
11501 -0.3158698901
12279 -0.3144042807
12697 -0.3121486143
13105 -0.3115787304
13469 -0.3095375919
14259 -0.3089677079
16237 -0.3077271743
19443 -0.3071105920
22207 -0.3067755199
24567 -0.3062056359
26935 -0.3059279358
36841 -0.3055890537
77647 -0.3009398219
100188 -0.5620929255
evaluations raw_y
1 -0.5393834379
2 -0.4955968364
10 -0.4931837052
17 -0.4801761057
19 -0.4759998484
31 -0.4743999703
44 -0.4702961801
401 -0.4562052608
419 -0.4497015402
437 -0.4469630252
1589 -0.4447432645
1605 -0.4333598459
1981 -0.4260700047
2803 -0.4225533501
3207 -0.4203514025
3571 -0.4134504136
3587 -0.4130416380
3591 -0.4101704201
3977 -0.4060326021
4359 -0.4051631731
4375 -0.4000070272
4387 -0.3983322620
4777 -0.3954238271
5165 -0.3917819446
5545 -0.3909109349
5553 -0.3850895398
5967 -0.3841151424
6751 -0.3781493570
7525 -0.3777303812
7547 -0.3761712180
7935 -0.3696452178
8331 -0.3686362059
8347 -0.3669870497
8359 -0.3649433007
8731 -0.3620108550
9109 -0.3536735728
9507 -0.3488716034
9941 -0.3445064176
10723 -0.3439234576
11093 -0.3433223648
11111 -0.3423816914
11485 -0.3396394509
11487 -0.3395582718
11881 -0.3381486391
12301 -0.3351392648
13077 -0.3325454581
13489 -0.3307763698
13881 -0.3259241097
15449 -0.3222685659
17061 -0.3207100767
17839 -0.3199082357
18255 -0.3183866973
19815 -0.3179804371
20225 -0.3161417522
21805 -0.3141366321
23403 -0.3129485746
24183 -0.3110683644
25747 -0.3105882444
26537 -0.3095943698
32477 -0.3091797245
34087 -0.3090763898
34461 -0.3078839597
38021 -0.3063529833
38427 -0.3059383379
100188 -0.3059383379
evaluations raw_y
1 -0.4968154057
5 -0.4843822957
6 -0.4804599421
27 -0.4525733244
423 -0.4468632018
425 -0.4330670800
795 -0.4260010284
1189 -0.4136005996
1587 -0.4118476004
2001 -0.3983904664
2381 -0.3968537972
2399 -0.3940573716
2773 -0.3898834736
2801 -0.3847909291
3199 -0.3820105383
3203 -0.3809423506
3571 -0.3793442549
3961 -0.3778435142
3989 -0.3745867833
4367 -0.3745248648
4373 -0.3677805082
4769 -0.3658696979
5547 -0.3638256815
5565 -0.3632480329
5573 -0.3625236255
5955 -0.3598688374
5961 -0.3587786753
6367 -0.3547947350
6765 -0.3536610421
7171 -0.3511701588
7557 -0.3499436199
8347 -0.3471791697
8719 -0.3410024601
9529 -0.3402305490
9541 -0.3370911519
9905 -0.3352150542
11109 -0.3310709354
11881 -0.3272447280
12681 -0.3264505972
12697 -0.3225417511
13481 -0.3217340003
13491 -0.3207329600
14271 -0.3189300076
14691 -0.3176627466
17425 -0.3171826266
48323 -0.3169757171
51125 -0.3127472275
51485 -0.3112732329
91083 -0.3090257948
92675 -0.3084915554
93069 -0.3077955046
100188 -0.3149739878
evaluations raw_y
1 -0.4989021318
2 -0.4854128799
11 -0.4693909098
16 -0.4665536993
405 -0.4615997107
407 -0.4578313930
429 -0.4548655314
795 -0.4426913255
1197 -0.4418675085
1205 -0.4304666191
1595 -0.4118707341
2009 -0.4116205856
2789 -0.4082247898
2797 -0.4074718402
3171 -0.4066912397
3181 -0.3982071655
3583 -0.3980623299
3599 -0.3956450904
3601 -0.3920025566
3967 -0.3900305392
3981 -0.3829193927
4371 -0.3759854242
4777 -0.3748343683
5159 -0.3696387802
5169 -0.3596965612
7535 -0.3569341210
7921 -0.3540815976
8323 -0.3523707021
8755 -0.3502265367
9521 -0.3481681362
9903 -0.3464215066
9907 -0.3432673001
10315 -0.3411228720
10697 -0.3409046792
10723 -0.3404674933
10735 -0.3390271540
11103 -0.3369573719
11899 -0.3345182749
12283 -0.3331293011
12319 -0.3329956836
12685 -0.3322546662
12687 -0.3318032534
13071 -0.3299469158
15875 -0.3291552997
16663 -0.3273839206
16671 -0.3265237693
17439 -0.3209882973
18649 -0.3202102057
21025 -0.3202018206
22185 -0.3198861675
23375 -0.3198777824
24975 -0.3194769683
27737 -0.3193505629
30921 -0.3187146706
30929 -0.3140309270
33277 -0.3127903934
41603 -0.3121720748
42013 -0.3095179448
43585 -0.3091939065
46359 -0.3046800189
60619 -0.3039177211
68549 -0.3033011389
100188 -0.3033011389
evaluations raw_y
1 -0.4904158924
7 -0.4884582184
11 -0.4868237467
13 -0.4839172786
14 -0.4458016703
405 -0.4369378955
421 -0.4280562188
805 -0.4141170858
1593 -0.3974155730
2409 -0.3963365089
2777 -0.3767098380
4755 -0.3625974366
5177 -0.3593269156
5575 -0.3445626290
5587 -0.3426099484
5945 -0.3368046864
6357 -0.3364731124
7133 -0.3358657894
7535 -0.3349849560
7955 -0.3345452268
8341 -0.3329488203
10693 -0.3308632042
11495 -0.3298115814
11499 -0.3288025696
11891 -0.3247064328
11903 -0.3209323871
12313 -0.3174528325
12683 -0.3164438207
15855 -0.3159075480
16249 -0.3158415341
16277 -0.3156608339
17031 -0.3152383276
17039 -0.3151640963
17457 -0.3151070335
18639 -0.3143744013
19033 -0.3139338062
19407 -0.3109345595
19837 -0.3096472065
20221 -0.3089114239
21025 -0.3082377788
22213 -0.3081133437
22979 -0.3074081087
24989 -0.3067545437
27349 -0.3064229696
31291 -0.3063659068
36039 -0.3060808986
38047 -0.3057493246
59813 -0.3039106396
69719 -0.3026900205
70113 -0.2976960128
80425 -0.2976389500
100188 -0.2984491762
evaluations raw_y
1 -0.5336318375
2 -0.4672162461
38 -0.4600264917
801 -0.4463785697
825 -0.4420511342
1203 -0.4225728908
1619 -0.4198298114
1985 -0.4180955014
1991 -0.4102516118
2003 -0.4065217530
2393 -0.3973742731
2409 -0.3939933210
2785 -0.3894541854
2815 -0.3818047859
3175 -0.3778327254
3593 -0.3739307827
3599 -0.3614341631
4357 -0.3598563232
4759 -0.3532053286
5583 -0.3481702780
5969 -0.3459123481
7539 -0.3401646625
7927 -0.3390987323
7939 -0.3360993976
8325 -0.3349764047
8733 -0.3325920693
9135 -0.3300643447
9139 -0.3299379393
9519 -0.3189858488
10715 -0.3165967966
11097 -0.3165586527
11103 -0.3148290435
11499 -0.3143007228
11521 -0.3127320403
11885 -0.3124516680
11921 -0.3095094077
12705 -0.3079836684
13097 -0.3045614140
13107 -0.3040812940
14271 -0.3040443112
14295 -0.3032899057
14665 -0.3012226145
20209 -0.3002136026
20999 -0.2989833125
22213 -0.2989420943
27729 -0.2977118041
38033 -0.2977034190
100188 -0.2980433782
evaluations raw_y
1 -0.4904602108
16 -0.4881476411
22 -0.4662469857
26 -0.4616528602
403 -0.4546395907
413 -0.4388898508
795 -0.4352305786
799 -0.4329272245
823 -0.4321995364
1219 -0.4210335938
1595 -0.4201121877
1599 -0.4065586586
1981 -0.4064184767
1999 -0.4037307135
2405 -0.3917994542
2791 -0.3852430754
2805 -0.3793717129
3205 -0.3773464490
3569 -0.3722888213
3599 -0.3662804526
4373 -0.3645014273
4395 -0.3598402754
4755 -0.3549123371
5159 -0.3534894402
5577 -0.3498494375
5587 -0.3496531210
5947 -0.3485779292
6337 -0.3448415896
6747 -0.3396382731
6757 -0.3379596153
7547 -0.3369292537
7929 -0.3347872721
8349 -0.3341530275
8743 -0.3340462547
8751 -0.3337988058
9109 -0.3334569767
9507 -0.3304315639
9533 -0.3288428164
9903 -0.3261886864
10699 -0.3211342093
11489 -0.3196660299
11507 -0.3185930394
11889 -0.3178418898
11921 -0.3163380976
12301 -0.3159389094
13503 -0.3151078075
13899 -0.3128978084
15463 -0.3126670850
15475 -0.3123632019
15873 -0.3117246887
16241 -0.3095195743
16651 -0.3078086788
17047 -0.3077166219
17465 -0.3063984431
17829 -0.3043683896
19425 -0.3022242430
21811 -0.3010318129
24173 -0.3002907955
24573 -0.3000307725
24957 -0.2994141903
25769 -0.2974868027
33667 -0.2943935325
34061 -0.2940090744
41621 -0.2933924922
100188 -0.5436726491
