evaluations raw_y
1 56.0000000000
209 57.0000000000
312 58.0000000000
413 59.0000000000
515 60.0000000000
616 61.0000000000
718 62.0000000000
821 63.0000000000
922 64.0000000000
1028 65.0000000000
1129 66.0000000000
1230 67.0000000000
1331 68.0000000000
1432 69.0000000000
1533 70.0000000000
1634 71.0000000000
1739 72.0000000000
1840 73.0000000000
1942 74.0000000000
2050 75.0000000000
2153 76.0000000000
2256 77.0000000000
2358 78.0000000000
2459 79.0000000000
2560 80.0000000000
2662 81.0000000000
2763 82.0000000000
2864 83.0000000000
2965 84.0000000000
3067 85.0000000000
3168 86.0000000000
3270 87.0000000000
3374 88.0000000000
3475 89.0000000000
3576 90.0000000000
3677 91.0000000000
3783 92.0000000000
3885 93.0000000000
3989 94.0000000000
4091 95.0000000000
4192 96.0000000000
4296 97.0000000000
4397 98.0000000000
4498 99.0000000000
4602 100.0000000000
100621 99.0000000000
evaluations raw_y
1 59.0000000000
2 63.0000000000
5 64.0000000000
107 65.0000000000
208 66.0000000000
315 67.0000000000
418 68.0000000000
519 69.0000000000
621 70.0000000000
722 71.0000000000
825 72.0000000000
936 73.0000000000
1037 74.0000000000
1138 75.0000000000
1245 76.0000000000
1346 77.0000000000
1450 78.0000000000
1551 79.0000000000
1652 80.0000000000
1754 81.0000000000
1855 82.0000000000
1956 83.0000000000
2058 84.0000000000
2159 85.0000000000
2260 86.0000000000
2361 87.0000000000
2465 88.0000000000
2570 89.0000000000
2674 90.0000000000
2779 91.0000000000
2883 92.0000000000
2984 93.0000000000
3088 94.0000000000
3190 95.0000000000
3293 96.0000000000
3395 97.0000000000
3497 98.0000000000
3600 99.0000000000
3702 100.0000000000
102421 99.0000000000
evaluations raw_y
1 47.0000000000
208 48.0000000000
312 49.0000000000
413 50.0000000000
514 51.0000000000
618 52.0000000000
719 53.0000000000
822 54.0000000000
923 55.0000000000
1026 56.0000000000
1127 57.0000000000
1228 58.0000000000
1329 59.0000000000
1430 60.0000000000
1532 61.0000000000
1633 62.0000000000
1736 63.0000000000
1837 64.0000000000
1938 65.0000000000
2040 66.0000000000
2144 67.0000000000
2245 68.0000000000
2347 69.0000000000
2448 70.0000000000
2549 71.0000000000
2650 72.0000000000
2751 73.0000000000
2852 74.0000000000
2954 75.0000000000
3056 76.0000000000
3159 77.0000000000
3260 78.0000000000
3362 79.0000000000
3463 80.0000000000
3568 81.0000000000
3669 82.0000000000
3772 83.0000000000
3873 84.0000000000
3974 85.0000000000
4076 86.0000000000
4177 87.0000000000
4278 88.0000000000
4380 89.0000000000
4482 90.0000000000
4583 91.0000000000
4685 92.0000000000
4787 93.0000000000
4888 94.0000000000
4989 95.0000000000
5091 96.0000000000
5193 97.0000000000
5295 98.0000000000
5396 99.0000000000
5499 100.0000000000
102021 99.0000000000
evaluations raw_y
1 54.0000000000
618 55.0000000000
719 56.0000000000
822 57.0000000000
925 58.0000000000
1029 59.0000000000
1130 60.0000000000
1231 61.0000000000
1332 62.0000000000
1433 63.0000000000
1534 64.0000000000
1636 65.0000000000
1737 66.0000000000
1839 67.0000000000
1941 68.0000000000
2042 69.0000000000
2143 70.0000000000
2245 71.0000000000
2347 72.0000000000
2450 73.0000000000
2552 74.0000000000
2653 75.0000000000
2754 76.0000000000
2856 77.0000000000
2958 78.0000000000
3059 79.0000000000
3160 80.0000000000
3261 81.0000000000
3363 82.0000000000
3464 83.0000000000
3566 84.0000000000
3667 85.0000000000
3768 86.0000000000
3871 87.0000000000
3973 88.0000000000
4074 89.0000000000
4175 90.0000000000
4278 91.0000000000
4381 92.0000000000
4483 93.0000000000
4586 94.0000000000
4687 95.0000000000
4788 96.0000000000
4891 97.0000000000
4994 98.0000000000
5097 99.0000000000
5199 100.0000000000
102021 99.0000000000
evaluations raw_y
1 51.0000000000
104 52.0000000000
212 53.0000000000
313 54.0000000000
415 55.0000000000
516 56.0000000000
617 57.0000000000
720 58.0000000000
821 59.0000000000
922 60.0000000000
1025 61.0000000000
1127 62.0000000000
1228 63.0000000000
1329 64.0000000000
1430 65.0000000000
1533 66.0000000000
1634 67.0000000000
1735 68.0000000000
1836 69.0000000000
1937 70.0000000000
2040 71.0000000000
2143 72.0000000000
2245 73.0000000000
2346 74.0000000000
2447 75.0000000000
2548 76.0000000000
2650 77.0000000000
2754 78.0000000000
2856 79.0000000000
2957 80.0000000000
3059 81.0000000000
3160 82.0000000000
3261 83.0000000000
3362 84.0000000000
3465 85.0000000000
3566 86.0000000000
3667 87.0000000000
3770 88.0000000000
3874 89.0000000000
3981 90.0000000000
4085 91.0000000000
4186 92.0000000000
4287 93.0000000000
4388 94.0000000000
4491 95.0000000000
4594 96.0000000000
4695 97.0000000000
4796 98.0000000000
4899 99.0000000000
5002 100.0000000000
102821 99.0000000000
evaluations raw_y
1 47.0000000000
2 53.0000000000
4 54.0000000000
105 55.0000000000
213 56.0000000000
314 57.0000000000
415 58.0000000000
516 59.0000000000
619 60.0000000000
721 61.0000000000
822 62.0000000000
924 63.0000000000
1025 64.0000000000
1130 65.0000000000
1231 66.0000000000
1334 67.0000000000
1435 68.0000000000
1536 69.0000000000
1637 70.0000000000
1739 71.0000000000
1840 72.0000000000
1941 73.0000000000
2042 74.0000000000
2150 75.0000000000
2252 76.0000000000
2356 77.0000000000
2457 78.0000000000
2558 79.0000000000
2660 80.0000000000
2763 81.0000000000
2864 82.0000000000
2966 83.0000000000
3067 84.0000000000
3170 85.0000000000
3272 86.0000000000
3373 87.0000000000
3475 88.0000000000
3576 89.0000000000
3678 90.0000000000
3779 91.0000000000
3880 92.0000000000
3982 93.0000000000
4084 94.0000000000
4186 95.0000000000
4287 96.0000000000
4390 97.0000000000
4492 98.0000000000
4593 99.0000000000
4694 100.0000000000
100721 99.0000000000
evaluations raw_y
1 48.0000000000
4 49.0000000000
105 50.0000000000
206 51.0000000000
307 52.0000000000
409 53.0000000000
510 54.0000000000
611 55.0000000000
713 56.0000000000
814 57.0000000000
917 58.0000000000
1018 59.0000000000
1124 60.0000000000
1225 61.0000000000
1326 62.0000000000
1427 63.0000000000
1528 64.0000000000
1635 65.0000000000
1736 66.0000000000
1839 67.0000000000
1941 68.0000000000
2042 69.0000000000
2145 70.0000000000
2247 71.0000000000
2352 72.0000000000
2454 73.0000000000
2556 74.0000000000
2658 75.0000000000
2760 76.0000000000
2863 77.0000000000
2964 78.0000000000
3067 79.0000000000
3172 80.0000000000
3273 81.0000000000
3374 82.0000000000
3475 83.0000000000
3576 84.0000000000
3677 85.0000000000
3778 86.0000000000
3879 87.0000000000
3980 88.0000000000
4082 89.0000000000
4183 90.0000000000
4285 91.0000000000
4386 92.0000000000
4487 93.0000000000
4588 94.0000000000
4690 95.0000000000
4791 96.0000000000
4896 97.0000000000
4999 98.0000000000
5101 99.0000000000
5202 100.0000000000
100021 99.0000000000
evaluations raw_y
1 49.0000000000
2 52.0000000000
3 53.0000000000
107 54.0000000000
209 55.0000000000
310 56.0000000000
412 57.0000000000
520 58.0000000000
621 59.0000000000
724 60.0000000000
826 61.0000000000
927 62.0000000000
1028 63.0000000000
1130 64.0000000000
1232 65.0000000000
1334 66.0000000000
1437 67.0000000000
1538 68.0000000000
1642 69.0000000000
1744 70.0000000000
1845 71.0000000000
1950 72.0000000000
2052 73.0000000000
2154 74.0000000000
2255 75.0000000000
2361 76.0000000000
2462 77.0000000000
2566 78.0000000000
2668 79.0000000000
2770 80.0000000000
2872 81.0000000000
2973 82.0000000000
3075 83.0000000000
3176 84.0000000000
3277 85.0000000000
3378 86.0000000000
3479 87.0000000000
3582 88.0000000000
3683 89.0000000000
3785 90.0000000000
3886 91.0000000000
3987 92.0000000000
4088 93.0000000000
4190 94.0000000000
4292 95.0000000000
4394 96.0000000000
4495 97.0000000000
4596 98.0000000000
4699 99.0000000000
4801 100.0000000000
100921 99.0000000000
evaluations raw_y
1 46.0000000000
2 50.0000000000
4 51.0000000000
110 52.0000000000
211 53.0000000000
319 54.0000000000
420 55.0000000000
522 56.0000000000
623 57.0000000000
724 58.0000000000
825 59.0000000000
927 60.0000000000
1028 61.0000000000
1129 62.0000000000
1231 63.0000000000
1332 64.0000000000
1434 65.0000000000
1536 66.0000000000
1638 67.0000000000
1741 68.0000000000
1843 69.0000000000
1945 70.0000000000
2046 71.0000000000
2147 72.0000000000
2249 73.0000000000
2353 74.0000000000
2454 75.0000000000
2555 76.0000000000
2657 77.0000000000
2760 78.0000000000
2863 79.0000000000
2965 80.0000000000
3066 81.0000000000
3169 82.0000000000
3273 83.0000000000
3375 84.0000000000
3479 85.0000000000
3580 86.0000000000
3681 87.0000000000
3782 88.0000000000
3883 89.0000000000
3986 90.0000000000
4087 91.0000000000
4189 92.0000000000
4290 93.0000000000
4392 94.0000000000
4494 95.0000000000
4595 96.0000000000
4699 97.0000000000
4800 98.0000000000
4901 99.0000000000
5002 100.0000000000
100521 99.0000000000
evaluations raw_y
1 50.0000000000
517 51.0000000000
619 52.0000000000
720 53.0000000000
822 54.0000000000
927 55.0000000000
1028 56.0000000000
1130 57.0000000000
1231 58.0000000000
1333 59.0000000000
1434 60.0000000000
1537 61.0000000000
1638 62.0000000000
1741 63.0000000000
1843 64.0000000000
1944 65.0000000000
2046 66.0000000000
2150 67.0000000000
2252 68.0000000000
2355 69.0000000000
2456 70.0000000000
2557 71.0000000000
2659 72.0000000000
2760 73.0000000000
2861 74.0000000000
2962 75.0000000000
3064 76.0000000000
3167 77.0000000000
3268 78.0000000000
3369 79.0000000000
3470 80.0000000000
3572 81.0000000000
3673 82.0000000000
3774 83.0000000000
3876 84.0000000000
3978 85.0000000000
4082 86.0000000000
4184 87.0000000000
4286 88.0000000000
4387 89.0000000000
4488 90.0000000000
4589 91.0000000000
4690 92.0000000000
4792 93.0000000000
4893 94.0000000000
4995 95.0000000000
5098 96.0000000000
5199 97.0000000000
5300 98.0000000000
5401 99.0000000000
5502 100.0000000000
103522 99.0000000000
